1212373
1366031
1202864
1451776
1349702
1133698
1127926
1178122
1176629
1056787
1148720
1063435
1071117
1304635
1291147
1046713
944969
1250680
1239205
1243916
1226280
1271908
1082641
1231536
1197066
1277830
1273004
1173160
1084030
1363162
1142722
1113503
1273935
1160112
1121317
1281626
1258422
1380244
1032855
1444532
1526831
1216748
1172418
1107287
1236240
1017566
1309161
1394173
1393366
1215334
1290387
1378220
1075800
1433058
1026458
1256390
1138193
1215506
1301604
1290863
1190944
948589
1270005
1182878
1357837
1295004
1125639
1273717
1231832
1326539
1136265
1356690
1421916
1298957
1188169
1159637
1340709
1308632
1231821
1176402
1110861
1338059
1451482
1200644
1334707
1038162
1239549
1280667
1404662
