0.014857
0.013980
0.010615
0.018059
0.008952
0.010840
0.008057
0.007910
0.009146
0.007212
0.014620
0.010284
0.010645
0.012705
0.007847
0.009678
0.005362
0.016086
0.007678
0.011762
0.009457
0.003931
0.006202
0.008005
0.010431
0.007675
0.009758
0.010407
0.011455
0.005750
0.010969
0.000506
0.005602
0.004957
0.012958
0.007047
0.009111
0.007377
0.010435
0.025831
0.006688
0.005781
0.007105
0.013797
0.009471
0.009935
0.015009
0.025987
0.009252
0.014171
0.004902
0.011466
0.013885
0.015147
0.008279
0.019030
0.010978
0.030452
0.011278
0.012025
0.014472
0.025727
0.006028
0.016213
0.008951
0.005618
0.010693
0.017333
0.008819
0.015993
0.010173
0.007713
0.005839
0.014338
0.009238
0.004974
0.012379
0.005876
0.006762
0.021900
0.012803
0.006897
0.013598
0.006801
0.009991
0.010740
0.014954
0.005313
0.006273
