1009926
1088873
1281834
1160101
1055788
1070524
1107877
1191626
1034361
930946
1046094
1183471
1238591
1170639
948124
1087854
1208139
967402
1348024
1048673
929655
1002665
1154636
1114404
982284
1347295
1110353
1056913
881635
1160406
1025857
1095598
1280511
1217282
966651
1163488
1100813
1294530
951247
1249280
1044699
1142525
1164229
1105569
1108579
1055425
1022071
1122620
1001896
1356842
1073490
1082033
1079775
1238034
1175999
1014619
1073366
1234360
1032944
1118564
1078383
1120541
1089700
1103502
1207195
1223296
1358170
1280263
1159516
1120369
1245882
961643
1091926
997363
1116232
1266696
1124436
1002772
1110954
1273612
1077049
1035480
1014826
937329
1089322
1375689
1150009
1023539
1127139
1050119
991020
1136883
1044319
1046579
1042787
1126105
1023192
1112902
1004630
