0.021977
0.005460
0.038161
0.016042
0.033427
0.004997
0.022831
0.006186
0.011744
0.014655
0.027785
0.006992
0.015193
0.012599
0.017529
0.011604
0.013366
0.011572
0.014071
0.031088
0.020541
0.017522
0.018188
0.029818
0.025815
0.024252
0.018245
0.022534
0.016871
0.026665
0.011273
0.057254
0.033312
0.010993
0.009366
0.016816
0.019932
0.029880
0.011765
0.016828
0.026213
0.013955
0.012897
0.016059
0.016426
0.018398
0.014767
0.025455
0.017076
0.010064
0.029047
0.019764
0.032312
0.021542
0.017995
0.015342
0.029761
0.037369
0.007543
0.047696
0.032314
0.031167
0.011157
0.005539
0.008539
0.016297
0.018156
0.014853
0.029311
0.007872
0.035133
0.017027
0.017596
0.024206
0.034141
0.012541
0.030759
0.024023
0.024050
0.034576
0.018613
0.009110
0.021624
0.007716
0.031565
0.030151
0.036631
0.041133
0.021582
0.026885
0.038796
0.031295
0.020955
0.012524
0.018779
0.009378
0.016397
0.014281
0.009478
