3.32266
0.180881
0.224338
0.216819
0.255778
0.803538
0.74429
1.25686
0.353745
0.287395
0.446722
0.480341
1.51569
0.778041
1.65966
1.11183
0.2999
0.970239
0.572934
0.436833
11.9017
0.641003
0.631307
1.63291
0.506846
1.12995
0.163764
0.213578
0.390604
0.247959
0.203923
0.993012
0.483563
0.649862
0.543906
1.0748
0.658985
1.58439
0.424435
0.240475
0.228407
0.251396
0.134228
0.929459
1.05012
4.50827
0.116874
0.164302
0.259132
0.286402
0.194442
0.429575
0.734876
0.520011
0.538506
0.549189
0.456967
0.450029
0.428958
0.47297
0.489039
0.781015
1.16678
1.2361
0.761537
0.257336
0.0954365
0.106068
0.161629
0.124573
0.174242
0.313246
0.180993
0.257188
0.461146
0.521372
0.43466
0.204796
0.265797
0.282081
0.14879
0.123711
0.355492
0.914595
1.11124
1.47891
0.245643
0.341154
0.292291
0.222464
0.821583
1.60553
0.87446
0.675746
0.581422
0.575619
0.185932
0.451047
0.402753
0.440067
1.03192
0.26306
0.219688
0.176434
