0.312269
0.0662839
0.0668415
0.101224
0.10813
0.164057
0.0833474
0.156987
0.0783067
0.088796
0.146476
0.155143
0.0967459
0.0792109
0.443801
0.187956
0.0944118
0.114255
0.166912
0.136329
0.841911
0.1012
0.139108
0.295887
0.0536378
0.115054
0.063326
0.036254
0.122003
0.0523021
0.0283964
0.164007
0.11138
0.0577522
0.0843798
0.256253
0.117428
0.262634
0.119163
0.111984
0.0592099
0.0901863
0.0490437
0.192943
0.150281
0.617863
0.0407
0.0632132
0.0782885
0.0640974
0.0659995
0.0521904
0.126448
0.143941
0.105037
0.127316
0.0787508
0.117208
0.113826
0.142606
0.134466
0.14445
0.412356
0.437293
0.10698
0.084394
0.0223418
0.0268587
0.0377928
0.0326626
0.0461595
0.0503497
0.050172
0.05902
0.154043
0.172235
0.0638661
0.0564883
0.110588
0.122525
0.0403179
0.0399492
0.0677586
0.100058
0.312247
0.412645
0.12827
0.139905
0.0749751
0.0656158
0.138768
0.155576
0.235968
0.185844
0.120673
0.0719577
0.0669214
0.0674076
0.178109
0.208684
0.180905
0.0556334
0.110284
0.0963509
