0.572939
0.041419
0.0371621
0.0452411
0.0571364
0.172207
0.120907
0.19234
0.0567641
0.0550811
0.0908019
0.0932917
0.165185
0.0892139
0.326435
0.156822
0.0510855
0.142527
0.118466
0.0889527
1.62927
0.080044
0.128662
0.304705
0.0670591
0.186115
0.0360855
0.0375513
0.0769247
0.0455854
0.0252515
0.164228
0.081584
0.0703582
0.0720667
0.194713
0.0946225
0.289749
0.0760245
0.053213
0.0425646
0.04769
0.028946
0.143708
0.117099
0.916936
0.0197658
0.0273482
0.0469443
0.0456201
0.045124
0.0613296
0.107422
0.0960252
0.101131
0.107752
0.0657358
0.0878816
0.0702161
0.0878179
0.0886674
0.132744
0.234643
0.277225
0.114344
0.0508388
0.0226894
0.021626
0.022447
0.0229185
0.0327557
0.0571309
0.0318202
0.0367492
0.0874466
0.0937896
0.0733094
0.0362571
0.0531993
0.0571599
0.0250393
0.0208417
0.0646771
0.111148
0.21872
0.32901
0.0435285
0.0622118
0.0436685
0.0406019
0.158009
0.194284
0.129967
0.0910969
0.0977173
0.0833377
0.035396
0.0615585
0.0970753
0.101106
0.178062
0.0395188
0.0447147
0.0382456
