813.485008
722.192147
720.665949
674.969721
675.072970
783.826740
764.386469
761.384870
727.918982
728.911399
775.573547
773.578828
730.323593
731.759194
905.899849
744.359001
744.988488
726.862683
864.841907
867.167269
747.120659
863.674204
859.730721
836.704506
778.119888
776.797124
814.430629
815.565314
794.782917
778.125855
777.354213
785.367428
785.987783
804.672950
807.709439
812.917040
743.060475
886.733759
831.534099
846.025511
842.533939
774.540425
776.230732
775.352140
774.271590
750.121725
771.378078
774.881648
758.671289
758.765561
738.849130
738.943992
682.052534
683.427216
719.973940
725.663170
803.816641
804.526465
772.128353
777.400632
686.175090
686.703977
668.177924
663.336085
773.885899
778.336506
907.080692
908.109225
788.421282
788.791291
849.887296
850.986941
824.039664
825.227519
866.219115
872.101498
829.051100
831.194795
876.801392
879.453481
825.535717
824.722074
860.371488
859.861632
763.726152
761.553938
782.534488
781.621508
770.327945
772.257276
830.390531
833.154236
893.348688
896.872872
812.916041
813.128447
835.575654
838.392174
834.303496
834.642450
872.019524
873.469524
839.332329
840.461285
