79.627745
27.125052
29.898539
24.746006
21.599587
33.048271
26.923812
31.059081
31.209632
27.991713
33.018880
32.941399
43.072668
31.309592
62.438549
38.445686
23.750936
39.043157
30.970184
33.178496
111.713141
39.563564
41.212325
57.781744
22.581922
27.471102
20.252964
18.100224
33.515685
26.644834
21.716573
39.166273
32.716782
30.152147
29.154779
75.939817
30.165606
53.410449
35.316307
22.552359
28.265569
29.272376
21.514187
38.477139
34.313939
77.109294
18.274090
20.120761
29.928245
28.328980
26.123702
21.943582
38.519853
38.549577
40.491183
34.820573
25.951952
40.246555
25.070150
27.197189
27.715268
29.315687
47.923118
55.231338
41.360031
41.657133
21.962659
24.434908
20.625442
20.051328
27.662671
30.669640
18.977889
21.001766
31.138278
33.680661
23.632528
22.149254
39.979006
26.027138
21.029322
21.829139
26.321212
32.054117
55.783149
56.544675
26.488298
28.480330
25.148408
38.811139
42.523452
42.617220
40.095458
34.297841
32.031992
32.225908
59.057424
35.681035
31.390931
30.909302
41.540721
27.559596
24.029164
20.594080
