49.61
169.83
202.88
160.46
158.33
89.71
76.26
75.75
196.31
167.31
164.41
143.02
89.93
114.72
77.17
112.49
204.19
165.62
144.02
136.84
30.46
142.26
104.13
78.29
161.74
121.13
205.51
202.32
167.98
94.25
208.57
115.02
133.24
188.00
174.43
75.84
177.01
45.81
131.38
149.13
142.26
213.35
192.60
115.33
118.53
35.92
178.30
192.39
117.45
138.74
141.50
125.77
122.68
121.44
117.97
99.56
153.50
142.17
150.45
126.57
89.76
89.80
33.50
31.30
99.49
126.77
212.25
220.30
211.66
196.36
203.00
170.86
257.64
198.86
136.00
152.31
162.73
234.04
216.54
179.08
210.16
216.52
176.91
169.78
69.69
47.95
164.05
173.91
139.98
121.52
108.33
103.41
130.73
143.60
137.10
168.92
130.91
192.03
140.42
165.98
118.52
156.86
159.98
152.20
