1.932
1.948
2.000
2.004
2.023
2.025
2.028
2.029
2.030
2.034
2.034
2.036
2.036
2.041
2.045
2.048
2.049
2.053
2.058
2.061
2.063
2.065
2.080
2.084
2.089
2.090
2.098
2.102
2.103
2.104
2.106
2.107
2.109
2.111
2.115
2.119
2.130
2.130
2.140
2.140
2.147
2.148
2.149
2.150
2.155
2.155
2.162
2.167
2.168
2.169
2.170
2.171
2.172
2.175
2.177
2.180
2.182
2.182
2.183
2.184
2.186
2.189
2.189
2.193
2.195
2.196
2.196
2.200
2.207
2.209
2.210
2.210
2.212
2.212
2.213
2.218
2.220
2.220
2.221
2.221
2.223
2.223
2.228
2.228
2.229
2.232
2.232
2.233
2.233
2.235
2.237
2.238
2.240
2.241
2.242
2.243
2.244
2.245
2.245
2.246
2.246
2.248
2.249
2.249
2.253
2.254
2.254
2.255
2.258
2.259
2.260
2.261
2.262
2.262
2.262
2.264
2.266
2.268
2.270
2.270
2.273
2.276
2.277
2.277
2.278
2.278
2.280
2.280
2.280
2.281
2.281
2.282
2.283
2.284
2.287
2.289
2.292
2.293
2.294
2.296
2.297
2.297
2.300
2.301
2.303
2.306
2.307
2.310
2.310
2.310
2.311
2.311
2.311
2.311
2.311
2.312
2.315
2.315
2.317
2.317
2.317
2.318
2.321
2.321
2.321
2.324
2.324
2.325
2.330
2.330
2.330
2.330
2.331
2.332
2.332
2.334
2.334
2.334
2.336
2.339
2.340
2.340
2.341
2.342
2.342
2.345
2.346
2.348
2.349
2.349
2.351
2.352
2.352
2.353
2.358
2.358
2.361
2.361
2.364
2.366
2.367
2.367
2.367
2.368
2.368
2.368
2.369
2.369
2.370
2.371
2.371
2.372
2.372
2.375
2.375
2.376
2.376
2.378
2.378
2.379
2.379
2.380
2.380
2.383
2.384
2.385
2.385
2.385
2.385
2.385
2.386
2.386
2.387
2.387
2.389
2.390
2.390
2.391
2.391
2.392
2.393
2.394
2.395
2.396
2.396
2.397
2.398
2.399
2.399
2.399
2.400
2.401
2.402
2.404
2.405
2.406
2.406
2.406
2.407
2.407
2.408
2.408
2.409
2.410
2.411
2.412
2.413
2.413
2.414
2.414
2.414
2.415
2.416
2.418
2.418
2.420
2.421
2.421
2.423
2.423
2.423
2.423
2.424
2.427
2.427
2.428
2.430
2.430
2.430
2.430
2.431
2.431
2.431
2.431
2.432
2.433
2.433
2.434
2.436
2.437
2.438
2.439
2.441
2.442
2.443
2.444
2.445
2.448
2.448
2.449
2.450
2.450
2.450
2.452
2.452
2.452
2.453
2.453
2.454
2.454
2.459
2.461
2.462
2.465
2.466
2.467
2.467
2.467
2.468
2.468
2.469
2.470
2.470
2.470
2.471
2.471
2.471
2.472
2.473
2.473
2.474
2.474
2.476
2.478
2.480
2.480
2.480
2.482
2.482
2.483
2.483
2.484
2.489
2.490
2.490
2.490
2.490
2.491
2.492
2.492
2.495
2.495
2.496
2.496
2.497
2.498
2.498
2.498
2.499
2.500
2.500
2.502
2.503
2.503
2.505
2.505
2.506
2.506
2.506
2.508
2.508
2.509
2.509
2.510
2.511
2.511
2.512
2.513
2.513
2.514
2.515
2.515
2.517
2.518
2.519
2.520
2.520
2.520
2.520
2.521
2.521
2.522
2.523
2.523
2.523
2.524
2.526
2.526
2.526
2.526
2.526
2.526
2.527
2.527
2.527
2.528
2.528
2.529
2.529
2.530
2.531
2.531
2.531
2.531
2.532
2.533
2.533
2.534
2.534
2.535
2.537
2.537
2.538
2.539
2.539
2.539
2.540
2.541
2.541
2.541
2.541
2.542
2.544
2.544
2.544
2.545
2.545
2.545
2.546
2.547
2.547
2.547
2.547
2.548
2.548
2.548
2.548
2.549
2.549
2.549
2.551
2.552
2.552
2.553
2.553
2.553
2.554
2.556
2.556
2.556
2.556
2.557
2.557
2.557
2.560
2.562
2.562
2.563
2.564
2.564
2.565
2.565
2.565
2.565
2.566
2.567
2.569
2.570
2.570
2.571
2.571
2.572
2.573
2.573
2.575
2.575
2.576
2.576
2.576
2.577
2.580
2.581
2.582
2.583
2.584
2.584
2.585
2.585
2.585
2.587
2.587
2.587
2.588
2.588
2.589
2.589
2.590
2.592
2.592
2.593
2.594
2.595
2.595
2.595
2.595
2.596
2.598
2.600
2.600
2.601
2.602
2.603
2.603
2.604
2.604
2.604
2.605
2.605
2.605
2.605
2.605
2.606
2.607
2.607
2.608
2.608
2.608
2.608
2.609
2.609
2.610
2.610
2.612
2.612
2.613
2.613
2.613
2.614
2.614
2.614
2.615
2.616
2.616
2.616
2.617
2.618
2.618
2.619
2.619
2.623
2.623
2.623
2.625
2.625
2.627
2.628
2.628
2.628
2.629
2.629
2.630
2.631
2.631
2.632
2.632
2.632
2.633
2.634
2.634
2.636
2.636
2.636
2.636
2.639
2.639
2.639
2.640
2.640
2.641
2.641
2.641
2.642
2.642
2.644
2.645
2.645
2.645
2.646
2.646
2.647
2.648
2.648
2.649
2.649
2.650
2.650
2.651
2.652
2.652
2.652
2.652
2.652
2.653
2.655
2.655
2.657
2.657
2.657
2.657
2.658
2.658
2.658
2.659
2.659
2.660
2.660
2.660
2.661
2.661
2.662
2.663
2.663
2.665
2.665
2.665
2.666
2.666
2.667
2.667
2.667
2.668
2.669
2.669
2.670
2.670
2.670
2.670
2.670
2.671
2.671
2.671
2.673
2.675
2.675
2.676
2.676
2.676
2.677
2.678
2.678
2.678
2.679
2.679
2.680
2.681
2.681
2.682
2.683
2.683
2.683
2.683
2.684
2.684
2.684
2.685
2.685
2.686
2.687
2.687
2.688
2.688
2.689
2.690
2.690
2.690
2.691
2.692
2.692
2.693
2.693
2.694
2.695
2.697
2.697
2.697
2.698
2.698
2.698
2.698
2.699
2.699
2.700
2.701
2.701
2.701
2.702
2.704
2.704
2.704
2.705
2.706
2.706
2.706
2.706
2.707
2.707
2.709
2.710
2.710
2.710
2.711
2.711
2.712
2.712
2.712
2.712
2.713
2.714
2.714
2.714
2.715
2.715
2.716
2.716
2.716
2.717
2.717
2.717
2.718
2.718
2.719
2.719
2.720
2.721
2.722
2.723
2.724
2.725
2.726
2.727
2.728
2.728
2.728
2.728
2.729
2.730
2.731
2.731
2.732
2.732
2.733
2.733
2.734
2.734
2.734
2.734
2.734
2.735
2.736
2.736
2.737
2.737
2.737
2.737
2.737
2.738
2.738
2.738
2.739
2.739
2.740
2.741
2.741
2.741
2.741
2.742
2.742
2.742
2.742
2.743
2.744
2.744
2.744
2.744
2.745
2.746
2.746
2.747
2.747
2.748
2.748
2.748
2.748
2.749
2.750
2.751
2.753
2.753
2.753
2.754
2.754
2.754
2.754
2.754
2.754
2.755
2.755
2.756
2.756
2.756
2.757
2.757
2.757
2.757
2.758
2.759
2.759
2.760
2.760
2.760
2.760
2.761
2.761
2.761
2.762
2.764
2.764
2.765
2.765
2.766
2.767
2.768
2.768
2.768
2.768
2.770
2.770
2.770
2.771
2.771
2.771
2.771
2.772
2.772
2.772
2.773
2.774
2.774
2.774
2.774
2.775
2.775
2.776
2.777
2.777
2.780
2.780
2.780
2.781
2.781
2.781
2.782
2.782
2.783
2.783
2.783
2.784
2.785
2.785
2.785
2.785
2.785
2.785
2.786
2.787
2.788
2.788
2.788
2.788
2.788
2.789
2.791
2.791
2.792
2.792
2.794
2.794
2.794
2.794
2.796
2.798
2.800
2.800
2.801
2.801
2.801
2.801
2.801
2.804
2.805
2.806
2.806
2.807
2.807
2.807
2.808
2.809
2.809
2.809
2.810
2.810
2.810
2.811
2.812
2.813
2.814
2.814
2.814
2.814
2.816
2.816
2.817
2.817
2.818
2.818
2.818
2.820
2.821
2.822
2.822
2.823
2.823
2.825
2.825
2.825
2.825
2.825
2.827
2.827
2.828
2.828
2.828
2.829
2.829
2.829
2.829
2.830
2.830
2.831
2.831
2.832
2.832
2.833
2.833
2.836
2.836
2.836
2.836
2.837
2.837
2.837
2.837
2.839
2.839
2.839
2.840
2.841
2.841
2.842
2.844
2.844
2.846
2.847
2.847
2.847
2.848
2.848
2.848
2.848
2.849
2.849
2.850
2.850
2.851
2.851
2.852
2.853
2.853
2.853
2.854
2.855
2.855
2.855
2.857
2.857
2.858
2.858
2.859
2.860
2.862
2.863
2.863
2.864
2.865
2.865
2.866
2.866
2.867
2.868
2.868
2.869
2.871
2.872
2.872
2.873
2.874
2.874
2.874
2.874
2.875
2.876
2.876
2.877
2.878
2.878
2.880
2.880
2.880
2.880
2.881
2.882
2.883
2.883
2.883
2.884
2.884
2.885
2.886
2.886
2.886
2.887
2.888
2.889
2.889
2.889
2.890
2.891
2.891
2.891
2.892
2.892
2.892
2.892
2.894
2.895
2.895
2.896
2.896
2.898
2.899
2.899
2.900
2.901
2.901
2.901
2.902
2.903
2.903
2.904
2.904
2.904
2.904
2.904
2.904
2.905
2.905
2.908
2.908
2.908
2.909
2.909
2.909
2.909
2.910
2.910
2.911
2.911
2.911
2.911
2.912
2.912
2.912
2.913
2.914
2.915
2.915
2.918
2.919
2.920
2.921
2.922
2.922
2.923
2.923
2.925
2.925
2.925
2.927
2.927
2.928
2.928
2.928
2.929
2.929
2.930
2.932
2.932
2.933
2.935
2.935
2.938
2.938
2.939
2.940
2.941
2.942
2.942
2.943
2.944
2.945
2.946
2.946
2.946
2.947
2.948
2.949
2.949
2.949
2.949
2.949
2.950
2.952
2.952
2.953
2.953
2.953
2.953
2.954
2.954
2.956
2.957
2.958
2.958
2.959
2.960
2.960
2.960
2.961
2.962
2.962
2.963
2.963
2.966
2.967
2.967
2.968
2.968
2.969
2.969
2.971
2.972
2.972
2.974
2.974
2.974
2.974
2.975
2.976
2.977
2.977
2.978
2.978
2.979
2.979
2.980
2.980
2.980
2.981
2.982
2.983
2.983
2.983
2.983
2.985
2.985
2.985
2.985
2.986
2.987
2.988
2.988
2.990
2.990
2.992
2.992
2.992
2.992
2.992
2.993
2.993
2.994
2.996
2.997
2.997
2.998
2.998
2.998
3.002
3.002
3.004
3.004
3.004
3.007
3.007
3.008
3.009
3.012
3.013
3.014
3.014
3.014
3.015
3.015
3.017
3.021
3.022
3.022
3.023
3.023
3.024
3.024
3.024
3.024
3.026
3.028
3.028
3.028
3.029
3.029
3.031
3.032
3.032
3.033
3.034
3.036
3.036
3.036
3.036
3.036
3.037
3.038
3.038
3.040
3.041
3.042
3.042
3.045
3.045
3.049
3.049
3.049
3.050
3.050
3.051
3.051
3.052
3.052
3.053
3.053
3.054
3.054
3.054
3.054
3.055
3.055
3.055
3.056
3.057
3.057
3.058
3.060
3.060
3.061
3.061
3.061
3.062
3.062
3.063
3.066
3.069
3.071
3.071
3.072
3.074
3.075
3.075
3.078
3.079
3.081
3.081
3.082
3.083
3.084
3.088
3.088
3.089
3.089
3.091
3.092
3.093
3.093
3.094
3.096
3.096
3.097
3.098
3.099
3.102
3.104
3.104
3.105
3.107
3.108
3.110
3.110
3.110
3.110
3.111
3.114
3.114
3.114
3.115
3.115
3.116
3.117
3.119
3.123
3.124
3.128
3.129
3.130
3.131
3.132
3.132
3.136
3.137
3.137
3.138
3.142
3.142
3.143
3.144
3.144
3.145
3.145
3.150
3.151
3.151
3.152
3.153
3.155
3.155
3.157
3.158
3.159
3.160
3.164
3.167
3.168
3.170
3.170
3.172
3.173
3.175
3.175
3.181
3.186
3.189
3.190
3.190
3.192
3.192
3.192
3.195
3.197
3.198
3.198
3.198
3.201
3.203
3.212
3.212
3.213
3.213
3.213
3.216
3.216
3.218
3.219
3.225
3.227
3.231
3.232
3.233
3.233
3.236
3.237
3.238
3.238
3.243
3.252
3.255
3.257
3.260
3.261
3.263
3.264
3.267
3.269
3.271
3.271
3.273
3.276
3.277
3.278
3.280
3.283
3.288
3.292
3.292
3.297
3.298
3.302
3.304
3.304
3.309
3.312
3.313
3.317
3.317
3.322
3.324
3.326
3.328
3.331
3.334
3.334
3.335
3.341
3.352
3.362
3.375
3.380
3.381
3.383
3.383
3.388
3.400
3.403
3.405
3.408
3.412
3.413
3.446
3.453
3.460
3.464
3.469
3.470
3.479
3.509
3.524
3.537
3.578
3.617
3.651
3.752
