1.757
1.770
1.776
1.776
1.777
1.777
1.781
1.789
1.791
1.799
1.804
1.804
1.804
1.805
1.812
1.814
1.815
1.815
1.817
1.819
1.819
1.819
1.819
1.819
1.820
1.823
1.825
1.828
1.829
1.829
1.830
1.834
1.836
1.838
1.839
1.843
1.843
1.845
1.846
1.846
1.848
1.848
1.849
1.852
1.853
1.854
1.854
1.854
1.856
1.857
1.857
1.859
1.860
1.860
1.861
1.861
1.862
1.864
1.865
1.866
1.867
1.869
1.870
1.871
1.872
1.873
1.873
1.874
1.874
1.875
1.876
1.876
1.877
1.878
1.878
1.878
1.881
1.882
1.883
1.883
1.883
1.884
1.885
1.886
1.888
1.888
1.888
1.889
1.889
1.890
1.891
1.892
1.892
1.894
1.894
1.894
1.895
1.895
1.896
1.897
1.898
1.898
1.898
1.899
1.899
1.899
1.899
1.900
1.900
1.900
1.901
1.901
1.901
1.902
1.902
1.903
1.903
1.903
1.904
1.904
1.904
1.905
1.905
1.905
1.905
1.906
1.906
1.906
1.907
1.907
1.907
1.908
1.908
1.908
1.908
1.909
1.909
1.909
1.909
1.910
1.910
1.910
1.911
1.911
1.911
1.912
1.912
1.912
1.912
1.912
1.912
1.912
1.912
1.912
1.912
1.913
1.913
1.915
1.915
1.915
1.916
1.916
1.916
1.917
1.917
1.917
1.918
1.918
1.918
1.919
1.919
1.919
1.919
1.919
1.920
1.921
1.921
1.921
1.921
1.922
1.922
1.922
1.922
1.922
1.923
1.923
1.923
1.923
1.923
1.924
1.924
1.924
1.924
1.924
1.925
1.926
1.926
1.926
1.926
1.926
1.926
1.927
1.927
1.927
1.928
1.928
1.929
1.929
1.930
1.930
1.930
1.931
1.931
1.931
1.931
1.931
1.932
1.932
1.932
1.932
1.932
1.933
1.933
1.933
1.934
1.934
1.934
1.935
1.935
1.935
1.935
1.935
1.936
1.937
1.937
1.938
1.938
1.939
1.939
1.939
1.940
1.940
1.940
1.941
1.941
1.941
1.942
1.942
1.943
1.943
1.944
1.944
1.944
1.945
1.945
1.945
1.946
1.946
1.946
1.946
1.947
1.947
1.947
1.948
1.949
1.949
1.950
1.950
1.950
1.950
1.950
1.951
1.951
1.952
1.952
1.952
1.952
1.952
1.952
1.953
1.953
1.953
1.953
1.953
1.953
1.953
1.954
1.954
1.954
1.955
1.955
1.955
1.955
1.956
1.956
1.956
1.957
1.957
1.957
1.957
1.958
1.959
1.959
1.960
1.960
1.960
1.960
1.960
1.960
1.960
1.961
1.961
1.961
1.961
1.961
1.961
1.961
1.961
1.961
1.962
1.962
1.962
1.963
1.963
1.963
1.964
1.964
1.964
1.964
1.964
1.964
1.964
1.964
1.964
1.964
1.965
1.965
1.966
1.966
1.966
1.967
1.968
1.968
1.968
1.969
1.970
1.970
1.970
1.970
1.970
1.970
1.970
1.971
1.971
1.971
1.971
1.972
1.972
1.972
1.972
1.972
1.973
1.973
1.973
1.974
1.974
1.974
1.974
1.974
1.974
1.974
1.974
1.974
1.975
1.976
1.976
1.976
1.976
1.977
1.977
1.977
1.977
1.977
1.977
1.977
1.977
1.977
1.977
1.978
1.978
1.978
1.978
1.979
1.979
1.979
1.979
1.980
1.980
1.980
1.980
1.980
1.980
1.981
1.981
1.981
1.982
1.982
1.982
1.982
1.983
1.984
1.984
1.984
1.984
1.984
1.985
1.985
1.985
1.985
1.985
1.986
1.986
1.986
1.986
1.986
1.986
1.987
1.987
1.987
1.988
1.988
1.988
1.988
1.988
1.988
1.989
1.989
1.989
1.989
1.990
1.990
1.990
1.990
1.991
1.991
1.991
1.991
1.992
1.992
1.992
1.992
1.992
1.992
1.992
1.992
1.992
1.993
1.993
1.994
1.994
1.994
1.994
1.994
1.994
1.994
1.994
1.995
1.995
1.995
1.996
1.996
1.996
1.996
1.996
1.997
1.997
1.998
1.998
1.998
1.998
1.998
1.998
1.998
1.999
1.999
1.999
1.999
1.999
1.999
2.000
2.000
2.000
2.000
2.000
2.000
2.001
2.001
2.002
2.002
2.003
2.003
2.003
2.003
2.003
2.004
2.004
2.004
2.004
2.005
2.005
2.005
2.005
2.005
2.005
2.005
2.005
2.005
2.005
2.006
2.006
2.006
2.006
2.006
2.006
2.006
2.006
2.006
2.006
2.006
2.006
2.006
2.007
2.007
2.007
2.007
2.008
2.008
2.008
2.008
2.009
2.009
2.009
2.010
2.010
2.010
2.010
2.010
2.010
2.011
2.011
2.011
2.011
2.011
2.011
2.011
2.011
2.012
2.012
2.012
2.012
2.012
2.012
2.013
2.013
2.014
2.014
2.014
2.014
2.014
2.014
2.014
2.014
2.014
2.014
2.014
2.015
2.015
2.015
2.015
2.015
2.015
2.015
2.016
2.016
2.016
2.016
2.017
2.017
2.017
2.017
2.017
2.018
2.018
2.018
2.018
2.018
2.018
2.019
2.019
2.020
2.020
2.020
2.020
2.020
2.020
2.021
2.021
2.021
2.021
2.022
2.022
2.022
2.023
2.023
2.023
2.024
2.024
2.024
2.024
2.024
2.024
2.024
2.024
2.024
2.025
2.025
2.025
2.025
2.025
2.025
2.025
2.025
2.026
2.026
2.026
2.026
2.026
2.026
2.027
2.027
2.027
2.027
2.027
2.028
2.028
2.028
2.028
2.028
2.028
2.029
2.029
2.029
2.029
2.029
2.029
2.029
2.029
2.029
2.029
2.030
2.030
2.030
2.031
2.031
2.031
2.031
2.032
2.032
2.032
2.032
2.032
2.033
2.033
2.033
2.033
2.033
2.033
2.033
2.033
2.033
2.034
2.034
2.034
2.034
2.034
2.035
2.035
2.035
2.035
2.035
2.035
2.035
2.036
2.036
2.036
2.036
2.036
2.036
2.036
2.037
2.037
2.037
2.037
2.037
2.037
2.038
2.038
2.038
2.038
2.038
2.039
2.039
2.039
2.039
2.039
2.039
2.039
2.039
2.039
2.039
2.039
2.040
2.040
2.040
2.040
2.040
2.041
2.041
2.041
2.041
2.041
2.041
2.041
2.042
2.042
2.042
2.043
2.043
2.043
2.044
2.044
2.044
2.044
2.044
2.044
2.044
2.045
2.045
2.045
2.045
2.045
2.045
2.046
2.046
2.046
2.046
2.047
2.047
2.047
2.047
2.047
2.047
2.047
2.048
2.048
2.048
2.048
2.048
2.048
2.048
2.048
2.048
2.048
2.049
2.049
2.049
2.050
2.050
2.050
2.050
2.051
2.051
2.051
2.051
2.051
2.052
2.052
2.052
2.052
2.052
2.052
2.053
2.054
2.054
2.054
2.054
2.054
2.054
2.054
2.055
2.055
2.056
2.056
2.056
2.056
2.056
2.056
2.056
2.057
2.057
2.057
2.057
2.057
2.057
2.057
2.058
2.058
2.059
2.059
2.059
2.059
2.059
2.059
2.060
2.060
2.060
2.060
2.060
2.061
2.061
2.061
2.061
2.061
2.061
2.061
2.061
2.061
2.062
2.062
2.062
2.062
2.062
2.062
2.062
2.063
2.063
2.063
2.063
2.063
2.063
2.063
2.063
2.063
2.064
2.064
2.064
2.065
2.065
2.065
2.065
2.066
2.066
2.066
2.066
2.066
2.067
2.067
2.067
2.067
2.067
2.067
2.067
2.068
2.068
2.068
2.069
2.069
2.069
2.070
2.070
2.070
2.070
2.070
2.070
2.071
2.071
2.071
2.071
2.071
2.071
2.071
2.072
2.072
2.072
2.072
2.072
2.072
2.072
2.073
2.073
2.073
2.074
2.074
2.074
2.075
2.075
2.075
2.075
2.075
2.076
2.076
2.076
2.076
2.076
2.077
2.077
2.077
2.078
2.078
2.078
2.078
2.078
2.078
2.078
2.079
2.079
2.079
2.079
2.079
2.080
2.080
2.080
2.081
2.081
2.081
2.081
2.081
2.081
2.081
2.081
2.081
2.082
2.082
2.082
2.082
2.082
2.083
2.083
2.083
2.083
2.083
2.083
2.084
2.084
2.084
2.084
2.085
2.085
2.085
2.086
2.086
2.086
2.086
2.086
2.086
2.086
2.087
2.087
2.087
2.087
2.088
2.088
2.088
2.088
2.088
2.089
2.089
2.089
2.089
2.089
2.089
2.089
2.090
2.090
2.090
2.090
2.090
2.091
2.091
2.091
2.091
2.091
2.091
2.091
2.091
2.092
2.092
2.092
2.092
2.092
2.093
2.093
2.093
2.093
2.094
2.094
2.094
2.094
2.095
2.095
2.095
2.095
2.096
2.096
2.096
2.096
2.096
2.097
2.097
2.097
2.098
2.098
2.098
2.098
2.099
2.099
2.099
2.099
2.100
2.100
2.101
2.101
2.101
2.101
2.101
2.102
2.102
2.102
2.102
2.102
2.102
2.102
2.102
2.103
2.103
2.103
2.103
2.104
2.104
2.104
2.105
2.105
2.105
2.105
2.105
2.105
2.105
2.105
2.105
2.106
2.107
2.107
2.107
2.108
2.108
2.108
2.108
2.108
2.108
2.109
2.109
2.109
2.109
2.109
2.109
2.109
2.109
2.110
2.110
2.111
2.111
2.111
2.111
2.111
2.111
2.112
2.112
2.112
2.112
2.113
2.113
2.113
2.114
2.114
2.114
2.114
2.115
2.115
2.115
2.115
2.115
2.115
2.115
2.115
2.116
2.116
2.116
2.116
2.116
2.116
2.116
2.116
2.117
2.117
2.118
2.118
2.118
2.118
2.119
2.119
2.119
2.120
2.120
2.121
2.121
2.121
2.121
2.121
2.121
2.122
2.122
2.122
2.122
2.122
2.122
2.122
2.123
2.123
2.124
2.124
2.124
2.124
2.124
2.124
2.125
2.125
2.125
2.125
2.125
2.125
2.126
2.126
2.127
2.127
2.127
2.127
2.128
2.128
2.128
2.128
2.128
2.128
2.128
2.129
2.129
2.130
2.130
2.131
2.131
2.131
2.131
2.132
2.132
2.132
2.133
2.133
2.133
2.134
2.134
2.134
2.135
2.136
2.136
2.136
2.136
2.136
2.137
2.137
2.137
2.137
2.137
2.137
2.138
2.138
2.138
2.138
2.139
2.139
2.139
2.140
2.140
2.140
2.141
2.141
2.141
2.141
2.142
2.142
2.142
2.142
2.142
2.143
2.143
2.144
2.144
2.144
2.145
2.145
2.146
2.146
2.146
2.146
2.146
2.146
2.147
2.147
2.147
2.148
2.148
2.148
2.148
2.148
2.148
2.149
2.149
2.149
2.149
2.149
2.150
2.150
2.150
2.150
2.151
2.152
2.152
2.152
2.152
2.152
2.153
2.154
2.154
2.155
2.155
2.155
2.155
2.155
2.156
2.156
2.157
2.157
2.158
2.158
2.158
2.158
2.159
2.159
2.159
2.160
2.160
2.161
2.161
2.161
2.161
2.162
2.162
2.163
2.163
2.164
2.164
2.164
2.165
2.165
2.165
2.166
2.166
2.166
2.166
2.166
2.167
2.167
2.167
2.168
2.168
2.168
2.168
2.168
2.169
2.169
2.169
2.169
2.170
2.170
2.170
2.170
2.170
2.171
2.172
2.172
2.173
2.173
2.173
2.173
2.173
2.174
2.174
2.174
2.174
2.174
2.174
2.175
2.175
2.175
2.176
2.176
2.176
2.176
2.176
2.176
2.176
2.177
2.177
2.177
2.177
2.178
2.178
2.179
2.179
2.180
2.180
2.180
2.180
2.180
2.181
2.182
2.182
2.182
2.183
2.183
2.184
2.184
2.184
2.184
2.185
2.186
2.186
2.188
2.189
2.189
2.190
2.190
2.190
2.191
2.191
2.192
2.192
2.193
2.193
2.194
2.194
2.194
2.195
2.196
2.196
2.197
2.198
2.198
2.199
2.199
2.201
2.202
2.202
2.203
2.203
2.204
2.205
2.205
2.206
2.206
2.206
2.207
2.207
2.208
2.208
2.208
2.208
2.209
2.209
2.209
2.210
2.211
2.212
2.212
2.212
2.214
2.215
2.216
2.216
2.217
2.218
2.218
2.218
2.219
2.219
2.219
2.220
2.220
2.221
2.221
2.221
2.224
2.225
2.225
2.227
2.227
2.228
2.228
2.229
2.229
2.230
2.230
2.231
2.231
2.231
2.232
2.232
2.233
2.234
2.234
2.236
2.237
2.238
2.238
2.239
2.239
2.241
2.241
2.242
2.243
2.244
2.245
2.246
2.246
2.249
2.250
2.252
2.255
2.256
2.257
2.257
2.259
2.259
2.260
2.260
2.262
2.265
2.269
2.269
2.270
2.272
2.274
2.276
2.276
2.276
2.282
2.285
2.289
2.289
2.290
2.299
2.304
2.306
2.309
2.309
2.312
2.314
2.314
2.321
2.322
2.326
2.326
2.332
2.337
2.339
2.339
2.341
2.345
2.347
2.349
2.350
2.351
2.358
2.365
2.407
2.410
2.426
2.452
2.555
