1.919
2.066
2.068
2.092
2.098
2.100
2.148
2.158
2.163
2.170
2.187
2.190
2.199
2.200
2.203
2.213
2.241
2.260
2.262
2.269
2.273
2.291
2.309
2.311
2.314
2.318
2.333
2.358
2.360
2.383
2.386
2.391
2.392
2.393
2.395
2.401
2.402
2.408
2.411
2.417
2.420
2.424
2.426
2.426
2.435
2.436
2.436
2.442
2.486
2.489
2.504
2.517
2.520
2.528
2.530
2.533
2.545
2.546
2.552
2.553
2.556
2.558
2.560
2.563
2.563
2.570
2.571
2.571
2.589
2.591
2.595
2.601
2.616
2.619
2.632
2.657
2.658
2.666
2.672
2.677
2.684
2.699
2.706
2.708
2.711
2.720
2.730
2.733
2.735
2.736
2.736
2.766
2.777
2.806
2.807
2.809
2.818
2.840
2.842
2.873
2.886
2.892
2.894
2.897
2.899
2.907
2.943
2.955
2.961
2.990
2.994
3.006
3.028
3.054
3.230
3.241
3.285
