1.719
1.967
2.001
2.010
2.062
2.063
2.070
2.091
2.094
2.115
2.129
2.135
2.148
2.158
2.159
2.165
2.171
2.174
2.195
2.203
2.204
2.205
2.210
2.211
2.212
2.216
2.219
2.221
2.225
2.229
2.235
2.235
2.239
2.240
2.243
2.250
2.255
2.256
2.258
2.262
2.265
2.268
2.270
2.270
2.275
2.278
2.280
2.281
2.282
2.284
2.285
2.289
2.289
2.290
2.294
2.295
2.302
2.303
2.316
2.318
2.319
2.321
2.324
2.329
2.332
2.332
2.338
2.339
2.343
2.349
2.352
2.354
2.355
2.364
2.365
2.374
2.375
2.382
2.384
2.388
2.399
2.400
2.407
2.407
2.409
2.415
2.436
2.438
2.451
2.452
2.458
2.465
2.468
2.473
2.475
2.479
2.479
2.488
2.489
2.491
2.494
2.499
2.502
2.510
2.532
2.535
2.546
2.550
2.553
2.554
2.555
2.604
2.616
2.617
2.662
2.668
2.750
