1.906
2.014
2.122
2.159
2.164
2.192
2.211
2.217
2.226
2.246
2.250
2.256
2.261
2.267
2.269
2.270
2.279
2.283
2.291
2.297
2.312
2.335
2.339
2.341
2.351
2.353
2.359
2.363
2.364
2.369
2.383
2.389
2.395
2.396
2.397
2.402
2.408
2.412
2.417
2.419
2.425
2.426
2.428
2.429
2.430
2.433
2.439
2.442
2.465
2.471
2.475
2.484
2.492
2.494
2.498
2.507
2.507
2.508
2.512
2.512
2.512
2.514
2.528
2.532
2.533
2.542
2.546
2.547
2.551
2.554
2.557
2.560
2.569
2.570
2.594
2.603
2.608
2.637
2.638
2.650
2.654
2.659
2.660
2.661
2.663
2.664
2.680
2.691
2.701
2.703
2.707
2.716
2.717
2.717
2.720
2.720
2.737
2.746
2.749
2.774
2.778
2.778
2.782
2.796
2.801
2.833
2.884
2.897
2.916
2.928
2.930
2.939
2.973
2.996
3.002
3.164
3.193
