1.698
2.252
2.290
2.295
2.333
2.356
2.360
2.364
2.379
2.383
2.384
2.387
2.388
2.396
2.399
2.404
2.407
2.409
2.414
2.415
2.415
2.422
2.424
2.433
2.434
2.436
2.436
2.445
2.445
2.482
2.484
2.486
2.487
2.487
2.491
2.504
2.505
2.507
2.509
2.513
2.514
2.520
2.523
2.530
2.544
2.548
2.551
2.552
2.556
2.566
2.569
2.570
2.577
2.578
2.578
2.578
2.581
2.583
2.585
2.585
2.588
2.592
2.594
2.597
2.598
2.605
2.605
2.605
2.605
2.609
2.610
2.615
2.616
2.619
2.621
2.628
2.629
2.630
2.630
2.634
2.636
2.637
2.638
2.638
2.641
2.647
2.647
2.650
2.650
2.661
2.672
2.680
2.681
2.684
2.696
2.698
2.701
2.703
2.707
2.720
2.722
2.733
2.735
2.738
2.741
2.748
2.758
2.779
2.781
2.784
2.791
2.837
2.843
2.863
2.867
2.894
3.018
