2.361
2.485
2.492
2.534
2.538
2.574
2.577
2.587
2.605
2.606
2.650
2.652
2.662
2.664
2.672
2.674
2.681
2.684
2.685
2.695
2.700
2.702
2.705
2.707
2.711
2.716
2.717
2.719
2.721
2.723
2.724
2.726
2.726
2.739
2.740
2.745
2.746
2.751
2.758
2.780
2.785
2.785
2.791
2.795
2.796
2.796
2.799
2.803
2.815
2.816
2.824
2.826
2.827
2.829
2.831
2.835
2.841
2.843
2.849
2.849
2.849
2.850
2.855
2.859
2.861
2.862
2.867
2.868
2.869
2.872
2.874
2.877
2.892
2.892
2.895
2.901
2.904
2.914
2.925
2.928
2.936
2.937
2.942
2.947
2.956
2.957
2.958
2.960
2.961
2.962
2.966
2.975
2.976
2.978
2.983
2.992
2.998
3.003
3.003
3.005
3.018
3.019
3.020
3.031
3.051
3.064
3.069
3.093
3.094
3.102
3.103
3.115
3.118
3.192
3.227
3.231
3.278
