1.997
2.047
2.060
2.070
2.093
2.101
2.104
2.117
2.119
2.124
2.124
2.127
2.132
2.136
2.167
2.167
2.170
2.183
2.184
2.186
2.194
2.197
2.201
2.203
2.218
2.221
2.223
2.233
2.234
2.238
2.249
2.264
2.267
2.270
2.273
2.277
2.282
2.315
2.317
2.321
2.324
2.327
2.328
2.328
2.333
2.338
2.338
2.340
2.343
2.352
2.369
2.371
2.372
2.378
2.381
2.387
2.392
2.396
2.396
2.398
2.404
2.405
2.409
2.411
2.423
2.425
2.429
2.431
2.438
2.440
2.446
2.449
2.454
2.454
2.461
2.466
2.467
2.473
2.475
2.477
2.481
2.481
2.484
2.491
2.496
2.505
2.509
2.517
2.529
2.529
2.543
2.551
2.559
2.559
2.567
2.569
2.575
2.579
2.582
2.590
2.634
2.637
2.639
2.643
2.650
2.652
2.656
2.666
2.673
2.689
2.691
2.692
2.706
2.749
2.787
2.817
2.935
