2.108
2.159
2.203
2.208
2.218
2.226
2.239
2.242
2.243
2.255
2.262
2.270
2.275
2.278
2.286
2.288
2.296
2.311
2.314
2.323
2.325
2.325
2.327
2.327
2.328
2.336
2.337
2.338
2.347
2.347
2.351
2.359
2.360
2.363
2.365
2.366
2.377
2.387
2.395
2.396
2.404
2.405
2.412
2.416
2.422
2.424
2.427
2.429
2.430
2.436
2.442
2.443
2.444
2.446
2.449
2.452
2.452
2.454
2.458
2.458
2.465
2.467
2.472
2.478
2.479
2.480
2.482
2.490
2.490
2.492
2.496
2.496
2.497
2.498
2.499
2.509
2.509
2.515
2.518
2.519
2.520
2.526
2.529
2.530
2.575
2.576
2.578
2.584
2.591
2.592
2.600
2.604
2.607
2.608
2.612
2.614
2.620
2.631
2.636
2.637
2.648
2.651
2.654
2.661
2.680
2.688
2.695
2.707
2.708
2.708
2.720
2.728
2.733
2.759
2.836
2.886
2.941
