1.453
1.619
1.661
1.667
1.676
1.683
1.691
1.698
1.703
1.704
1.704
1.708
1.710
1.713
1.715
1.719
1.721
1.725
1.735
1.735
1.737
1.738
1.741
1.748
1.751
1.753
1.754
1.754
1.755
1.755
1.756
1.757
1.757
1.765
1.766
1.773
1.781
1.781
1.787
1.789
1.801
1.802
1.806
1.811
1.813
1.815
1.819
1.821
1.825
1.826
1.827
1.827
1.828
1.835
1.835
1.837
1.838
1.839
1.839
1.842
1.844
1.845
1.845
1.847
1.848
1.856
1.862
1.864
1.866
1.867
1.868
1.871
1.876
1.876
1.877
1.877
1.882
1.885
1.885
1.886
1.896
1.896
1.902
1.904
1.906
1.907
1.910
1.922
1.923
1.933
1.936
1.942
1.944
1.946
1.946
1.947
1.948
1.950
1.956
1.956
1.959
1.960
1.965
1.976
1.980
1.981
1.982
1.985
1.986
2.000
2.008
2.010
2.014
2.043
2.066
2.210
3.055
