1.563
1.578
1.579
1.585
1.592
1.603
1.626
1.633
1.639
1.640
1.641
1.646
1.646
1.649
1.653
1.656
1.656
1.658
1.662
1.665
1.667
1.668
1.669
1.669
1.675
1.675
1.678
1.680
1.683
1.683
1.687
1.692
1.695
1.699
1.701
1.707
1.720
1.722
1.735
1.736
1.736
1.738
1.740
1.753
1.754
1.755
1.755
1.759
1.761
1.764
1.769
1.770
1.772
1.774
1.778
1.778
1.778
1.779
1.779
1.781
1.782
1.782
1.783
1.786
1.788
1.789
1.789
1.790
1.791
1.791
1.792
1.793
1.794
1.794
1.796
1.799
1.802
1.803
1.807
1.813
1.814
1.815
1.820
1.826
1.828
1.828
1.828
1.830
1.830
1.835
1.835
1.840
1.845
1.845
1.859
1.860
1.885
1.895
1.897
1.900
1.900
1.914
1.917
1.920
1.934
1.952
1.958
1.965
1.966
1.970
1.979
1.999
2.002
2.010
2.021
2.064
2.106
