1.740
1.805
1.816
1.849
1.867
1.876
1.883
1.910
1.918
1.929
1.931
1.940
1.944
1.956
1.971
1.972
1.975
1.976
1.991
2.007
2.010
2.013
2.015
2.015
2.016
2.020
2.021
2.021
2.024
2.028
2.029
2.042
2.043
2.044
2.048
2.050
2.064
2.064
2.068
2.069
2.069
2.075
2.078
2.081
2.082
2.085
2.085
2.086
2.097
2.102
2.104
2.106
2.114
2.115
2.117
2.130
2.133
2.139
2.140
2.142
2.152
2.152
2.155
2.158
2.162
2.165
2.172
2.175
2.175
2.177
2.178
2.178
2.179
2.180
2.185
2.189
2.190
2.191
2.191
2.193
2.194
2.199
2.207
2.210
2.213
2.216
2.217
2.217
2.221
2.223
2.223
2.231
2.234
2.236
2.238
2.242
2.245
2.250
2.254
2.256
2.259
2.264
2.265
2.274
2.275
2.281
2.284
2.288
2.289
2.309
2.314
2.329
2.330
2.363
2.373
2.433
2.471
