2.283
2.284
2.333
2.335
2.338
2.342
2.350
2.379
2.398
2.402
2.408
2.418
2.450
2.452
2.461
2.478
2.504
2.528
2.543
2.548
2.556
2.576
2.580
2.583
2.594
2.597
2.604
2.610
2.642
2.649
2.651
2.654
2.658
2.660
2.666
2.688
2.692
2.693
2.693
2.696
2.697
2.698
2.698
2.707
2.712
2.715
2.716
2.721
2.723
2.728
2.734
2.745
2.757
2.761
2.776
2.784
2.786
2.796
2.798
2.802
2.803
2.804
2.805
2.818
2.821
2.823
2.823
2.824
2.824
2.835
2.837
2.852
2.858
2.859
2.864
2.875
2.882
2.886
2.893
2.896
2.897
2.900
2.915
2.921
2.934
2.950
2.954
3.001
3.002
3.003
3.011
3.014
3.015
3.016
3.026
3.065
3.065
3.085
3.110
3.111
3.130
3.132
3.165
3.194
3.196
3.246
3.300
3.317
3.346
3.350
3.352
3.401
3.422
3.450
3.498
3.535
3.611
