1.902
1.949
1.950
1.985
2.019
2.021
2.028
2.030
2.040
2.048
2.049
2.053
2.053
2.062
2.068
2.076
2.081
2.081
2.085
2.088
2.089
2.091
2.099
2.101
2.108
2.111
2.120
2.123
2.123
2.126
2.126
2.128
2.134
2.138
2.140
2.141
2.145
2.148
2.152
2.153
2.153
2.161
2.166
2.167
2.170
2.171
2.173
2.174
2.175
2.176
2.184
2.185
2.188
2.188
2.190
2.192
2.193
2.196
2.202
2.207
2.208
2.210
2.210
2.214
2.218
2.224
2.225
2.225
2.227
2.229
2.229
2.236
2.237
2.238
2.238
2.239
2.241
2.254
2.257
2.257
2.259
2.260
2.261
2.265
2.275
2.282
2.284
2.285
2.285
2.291
2.301
2.301
2.302
2.307
2.308
2.315
2.320
2.323
2.334
2.334
2.341
2.341
2.346
2.354
2.362
2.364
2.368
2.375
2.382
2.386
2.392
2.401
2.429
2.434
2.508
2.522
2.532
