2.041
2.231
2.260
2.272
2.297
2.306
2.307
2.311
2.317
2.326
2.336
2.341
2.356
2.359
2.364
2.364
2.374
2.375
2.381
2.385
2.387
2.388
2.390
2.395
2.396
2.399
2.401
2.403
2.403
2.414
2.415
2.419
2.419
2.420
2.422
2.422
2.425
2.426
2.427
2.429
2.430
2.436
2.440
2.443
2.445
2.447
2.453
2.454
2.456
2.460
2.464
2.465
2.466
2.468
2.474
2.483
2.484
2.491
2.491
2.492
2.495
2.498
2.500
2.500
2.500
2.503
2.504
2.504
2.509
2.515
2.521
2.523
2.526
2.541
2.546
2.550
2.559
2.559
2.562
2.565
2.566
2.566
2.568
2.576
2.585
2.589
2.596
2.603
2.608
2.611
2.613
2.616
2.617
2.630
2.632
2.633
2.636
2.638
2.650
2.658
2.661
2.663
2.664
2.665
2.678
2.705
2.705
2.724
2.731
2.734
2.735
2.739
2.740
2.748
2.805
2.843
2.881
