2.886
2.948
2.976
3.011
3.107
3.108
3.163
3.189
3.199
3.201
3.203
3.204
3.205
3.223
3.249
3.256
3.300
3.322
3.322
3.335
3.342
3.362
3.400
3.402
3.404
3.424
3.424
3.426
3.429
3.437
3.453
3.454
3.457
3.465
3.470
3.474
3.485
3.512
3.525
3.526
3.529
3.548
3.555
3.557
3.560
3.560
3.560
3.571
3.579
3.584
3.584
3.592
3.602
3.611
3.621
3.625
3.629
3.641
3.643
3.644
3.645
3.645
3.652
3.654
3.665
3.668
3.668
3.670
3.670
3.696
3.698
3.699
3.701
3.709
3.710
3.713
3.723
3.726
3.728
3.729
3.744
3.757
3.758
3.763
3.768
3.775
3.777
3.780
3.790
3.798
3.808
3.828
3.848
3.872
3.884
3.888
3.892
3.895
3.920
3.934
3.951
3.951
3.954
3.956
3.960
3.983
3.998
4.000
4.027
4.072
4.085
4.096
4.157
4.282
4.356
4.365
4.538
