1.0034
0.88203
0.9364
1.1436
0.84759
1.0551
0.91272
1.1203
1.0254
1.0044
1.046
1.0222
1.0324
1.0584
1.102
1.1212
1.0517
0.84464
0.82971
0.87825
0.98976
0.97224
0.87064
1.11
1.1037
1.115
1.0741
1.0316
1.128
1.0008
0.73651
1.0944
0.92617
0.86816
0.94472
0.66787
1.0295
1.1716
0.90644
1.095
0.72702
1.1039
0.90618
1.063
0.94591
0.92597
0.82158
0.92919
0.71926
1.1403
1.0418
0.90144
0.719
0.92293
1.2361
1.1705
1.0698
0.92286
0.7999
1.0624
0.93634
1.0472
1.2271
0.74973
1.081
1.1676
1.0474
1.0775
0.89333
0.94755
1.0098
0.86512
0.7467
0.89018
0.75375
1.0512
1.0938
1.0657
0.7877
1.0524
1.0962
1.0993
1.1371
0.96518
1.0016
1.2328
1.2121
1.0916
1.153
