0.037762
0.010807
0.015338
-0.0068572
0.0072041
-0.013938
0.011787
0.052817
0.051893
0.042848
0.0017782
-0.029938
-0.007804
0.0038319
-0.0050148
-0.01936
-0.0021854
0.058577
0.0048763
0.0050736
0.016995
-0.01186
0.02268
-0.020947
-0.011309
-0.018264
-0.011636
-0.008532
-0.026968
-0.010607
0.059457
-0.018467
0.065704
-0.014049
-0.0020171
0.0060433
0.040024
0.033096
-0.0037706
-0.02459
0.031271
-0.025427
0.0025725
-0.038587
0.028326
0.013108
0.0092976
0.0041745
0.0056934
0.0027751
-0.016404
0.036819
0.077707
0.0055467
-0.0053961
-0.024124
-0.0076416
0.0069483
0.028241
-0.009616
-0.02783
-0.029295
-0.0039371
0.01951
-0.019124
-0.039561
-0.0077509
-0.0027143
0.04922
-0.0055409
-0.013349
0.011367
0.043595
-0.002226
0.045604
-0.006906
-0.03076
0.015113
0.04737
0.00235
-0.0091509
-0.007704
-0.010626
0.0074663
0.0033772
-0.026936
-0.016239
-0.0060856
-0.0040482
