0.7413
0.64314
0.74425
0.78449
0.62126
0.65062
0.70508
0.8034
0.70042
0.73815
0.76805
0.76152
0.77351
0.79829
0.73017
0.73065
0.75232
0.63242
0.61681
0.63394
0.73819
0.67549
0.69528
0.70388
0.63839
0.73447
0.72074
0.67851
0.75365
0.71216
0.57638
0.71571
0.66204
0.64775
0.67461
0.55426
0.63146
0.63662
0.71458
0.69225
0.5735
0.67877
0.69479
0.67467
0.69571
0.67328
0.56761
0.69758
0.53019
0.69675
0.65965
0.65317
0.53336
0.67067
0.77042
0.74062
0.73675
0.67686
0.56564
0.72095
0.66792
0.70815
0.77037
0.5657
0.74174
0.78148
0.73724
0.73215
0.65398
0.61992
0.69717
0.66391
0.49552
0.58844
0.60944
0.79968
0.72604
0.78687
0.64729
0.65986
0.72288
0.73659
0.72011
0.68415
0.74241
0.78661
0.74949
0.76615
0.74636
