135.51
169.675
206.17
227.955
158.93
168.235
206.80
261.705
130.41
116.10
212.345
190.035
144.955
165.87
169.04
249.76
189.845
115.02
196.87
191.45
210.11
244.98
131.135
225.63
274.67
158.44
220.405
176.715
184.74
183.03
146.71
272.14
142.55
323.63
224.50
134.40
113.78
384.27
189.62
257.24
124.585
237.37
219.93
187.87
251.23
119.13
146.01
235.72
192.26
177.30
242.68
157.57
158.27
250.95
145.37
182.28
192.79
147.27
186.55
153.70
278.78
252.24
236.205
162.35
146.935
150.275
261.52
193.41
176.96
169.83
118.70
187.03
148.17
137.44
117.31
216.9
162.73
156.43
134.47
274.37
174.37
216.245
227.035
173.215
177.77
180.935
164.045
202.755
192.74
