1542748.289575
1797701.099292
1534638.523918
1904805.248871
1699222.220547
1521722.588890
1432356.038546
1459925.332369
1514020.300937
1067659.651885
1459185.418738
1391916.288295
1368699.547749
1650426.321713
1596227.009913
1367098.723137
1227759.681887
1645614.601578
1555396.926749
1629027.694686
1553003.103787
1614134.619241
1335099.117675
1557325.912700
1537940.518582
1585156.738321
1550765.991005
1500091.066843
1390688.301963
1666107.206795
1468086.620389
1407870.856929
1611853.020852
1438125.252364
1396913.161279
1605070.252117
1637103.474409
1721126.979403
1332332.616326
1853595.396046
1963959.586603
1567231.515116
1454161.120892
1492991.572653
1672949.659117
1361316.346382
1601217.487149
1764046.704077
1767857.077720
1518572.200183
1583216.058462
1706576.593046
1382274.746586
1821186.044698
1304897.033816
1731240.136594
1523052.892677
1766202.821322
1680791.898048
1672991.105763
1497108.650849
1305413.110996
1564256.241026
1552773.938134
1735194.012985
1592447.566562
1461273.599439
1594716.536573
1559544.350662
1721697.077653
1434295.947474
1628900.879380
1728958.832330
1662548.343504
1515760.368531
1468089.785676
1816008.935465
1545882.458887
1560568.681634
1541881.767671
1421518.135252
1717907.333177
1904379.281320
1532079.996457
1639168.732670
1339743.480921
1651666.202904
1637082.646389
1626465.672168
