12.65
14.21
14.26
14.44
14.51
14.65
14.80
14.80
15.00
15.04
15.05
15.06
15.09
15.14
15.23
15.26
15.28
15.35
15.38
15.44
15.47
15.50
15.62
15.64
15.64
15.68
15.69
15.70
15.73
15.75
15.79
15.80
15.85
15.86
15.87
15.87
15.88
15.91
15.91
16.02
16.03
16.04
16.05
16.07
16.09
16.16
16.26
16.30
16.31
16.31
16.37
16.37
16.37
16.38
16.40
16.42
16.42
16.42
16.44
16.47
16.50
16.53
16.56
16.59
16.61
16.62
16.63
16.68
16.69
16.71
16.73
16.73
16.74
16.79
16.90
16.95
17.03
17.07
17.14
17.15
17.21
17.29
17.34
17.41
17.56
17.69
17.94
18.03
21.01
