13.35
13.39
13.61
13.63
13.67
13.81
13.95
13.97
14.14
14.22
14.25
14.29
14.34
14.40
14.41
14.41
14.42
14.44
14.47
14.48
14.50
14.50
14.50
14.52
14.57
14.59
14.60
14.65
14.72
14.75
14.76
14.85
14.86
14.86
14.91
14.92
14.96
14.98
15.04
15.06
15.09
15.10
15.12
15.12
15.13
15.15
15.20
15.25
15.26
15.27
15.28
15.29
15.31
15.31
15.40
15.40
15.47
15.48
15.64
15.69
15.71
15.71
15.73
15.89
15.92
15.92
16.00
16.01
16.02
16.03
16.09
16.20
16.23
16.25
16.30
16.31
16.46
16.54
16.55
16.67
16.69
17.03
17.07
17.10
17.11
17.19
17.66
18.01
18.53
