2.110
2.131
2.272
2.332
2.339
2.361
2.371
2.429
2.448
2.450
2.451
2.451
2.460
2.470
2.477
2.477
2.503
2.514
2.566
2.566
2.571
2.577
2.592
2.597
2.604
2.618
2.629
2.667
2.667
2.672
2.690
2.690
2.698
2.700
2.704
2.706
2.710
2.715
2.718
2.728
2.735
2.740
2.747
2.757
2.757
2.761
2.762
2.768
2.771
2.789
2.795
2.797
2.797
2.811
2.812
2.819
2.820
2.835
2.848
2.857
2.858
2.864
2.865
2.869
2.873
2.883
2.887
2.902
2.920
2.924
2.925
2.927
2.930
2.936
2.948
2.955
2.986
3.005
3.006
3.006
3.010
3.020
3.024
3.035
3.045
3.103
3.107
3.163
3.352
