2.260
2.318
2.319
2.340
2.360
2.363
2.363
2.365
2.368
2.376
2.392
2.393
2.400
2.402
2.406
2.415
2.440
2.440
2.441
2.460
2.462
2.469
2.474
2.481
2.487
2.489
2.493
2.496
2.496
2.496
2.498
2.500
2.504
2.508
2.523
2.533
2.534
2.537
2.538
2.544
2.550
2.562
2.568
2.572
2.581
2.584
2.589
2.593
2.598
2.607
2.610
2.611
2.613
2.615
2.617
2.627
2.627
2.632
2.633
2.638
2.638
2.642
2.643
2.648
2.660
2.662
2.668
2.671
2.675
2.676
2.683
2.687
2.695
2.711
2.712
2.713
2.721
2.724
2.736
2.737
2.759
2.766
2.770
2.778
2.814
2.815
2.833
2.870
2.882
