2.855
2.906
2.980
3.031
3.034
3.155
3.167
3.173
3.175
3.195
3.196
3.211
3.216
3.220
3.223
3.223
3.231
3.233
3.262
3.267
3.275
3.276
3.294
3.304
3.308
3.309
3.313
3.320
3.328
3.334
3.339
3.340
3.344
3.345
3.349
3.350
3.353
3.361
3.362
3.365
3.376
3.379
3.387
3.389
3.403
3.415
3.445
3.452
3.460
3.462
3.471
3.484
3.498
3.524
3.532
3.533
3.544
3.553
3.553
3.562
3.569
3.574
3.581
3.588
3.593
3.609
3.612
3.617
3.631
3.647
3.663
3.673
3.678
3.687
3.692
3.704
3.708
3.736
3.740
3.741
3.751
3.767
3.819
3.852
3.893
3.893
3.998
4.000
4.296
