2.413
2.438
2.440
2.441
2.464
2.469
2.478
2.496
2.516
2.525
2.546
2.548
2.552
2.561
2.570
2.602
2.603
2.604
2.606
2.611
2.612
2.616
2.617
2.618
2.619
2.619
2.620
2.624
2.626
2.626
2.635
2.636
2.637
2.639
2.652
2.656
2.657
2.660
2.664
2.667
2.669
2.671
2.672
2.673
2.677
2.677
2.682
2.683
2.684
2.691
2.693
2.694
2.695
2.696
2.697
2.706
2.709
2.712
2.713
2.713
2.720
2.724
2.732
2.742
2.742
2.744
2.747
2.749
2.765
2.766
2.778
2.780
2.785
2.785
2.795
2.804
2.806
2.813
2.815
2.821
2.822
2.837
2.841
2.846
2.852
2.855
2.881
2.906
2.916
