2.221
2.346
2.348
2.389
2.408
2.479
2.481
2.494
2.504
2.521
2.524
2.535
2.540
2.552
2.566
2.566
2.567
2.575
2.599
2.600
2.601
2.604
2.624
2.625
2.648
2.653
2.660
2.660
2.666
2.668
2.688
2.693
2.695
2.697
2.707
2.708
2.710
2.717
2.723
2.724
2.727
2.730
2.739
2.739
2.749
2.752
2.753
2.756
2.792
2.792
2.793
2.794
2.796
2.799
2.833
2.840
2.841
2.877
2.882
2.882
2.889
2.894
2.903
2.910
2.919
2.923
2.930
2.944
2.946
2.949
2.958
2.959
2.979
2.983
2.984
2.986
2.991
3.005
3.049
3.120
3.129
3.144
3.176
3.189
3.223
3.226
3.265
3.312
3.381
