2.313
2.388
2.511
2.552
2.572
2.593
2.596
2.597
2.616
2.617
2.636
2.637
2.640
2.640
2.648
2.652
2.659
2.660
2.661
2.665
2.676
2.679
2.682
2.687
2.689
2.699
2.700
2.708
2.713
2.714
2.718
2.721
2.721
2.722
2.724
2.725
2.728
2.729
2.730
2.733
2.736
2.740
2.748
2.749
2.751
2.774
2.777
2.778
2.780
2.781
2.787
2.793
2.795
2.796
2.799
2.804
2.813
2.818
2.823
2.825
2.830
2.833
2.834
2.842
2.842
2.843
2.847
2.856
2.857
2.858
2.868
2.876
2.877
2.897
2.919
2.924
2.925
2.930
2.931
2.940
2.941
3.005
3.014
3.023
3.031
3.052
3.066
3.102
3.118
