2.067
2.129
2.155
2.186
2.231
2.246
2.249
2.250
2.253
2.257
2.265
2.266
2.268
2.269
2.272
2.279
2.284
2.285
2.299
2.301
2.307
2.308
2.312
2.317
2.320
2.320
2.323
2.331
2.331
2.336
2.338
2.342
2.342
2.346
2.347
2.356
2.364
2.365
2.369
2.387
2.390
2.394
2.395
2.397
2.398
2.400
2.400
2.404
2.414
2.415
2.417
2.418
2.434
2.441
2.442
2.449
2.452
2.452
2.452
2.453
2.457
2.457
2.459
2.463
2.464
2.465
2.468
2.474
2.497
2.502
2.513
2.520
2.523
2.533
2.537
2.544
2.547
2.548
2.556
2.570
2.571
2.580
2.586
2.588
2.597
2.608
2.641
2.686
2.698
