2.002
2.188
2.309
2.399
2.406
2.407
2.427
2.458
2.468
2.480
2.481
2.483
2.490
2.493
2.494
2.501
2.506
2.509
2.523
2.532
2.536
2.537
2.547
2.549
2.549
2.549
2.549
2.554
2.554
2.565
2.568
2.569
2.574
2.592
2.594
2.596
2.600
2.602
2.602
2.605
2.623
2.627
2.627
2.631
2.633
2.637
2.650
2.650
2.651
2.654
2.656
2.657
2.661
2.661
2.668
2.670
2.670
2.685
2.685
2.689
2.691
2.694
2.700
2.709
2.710
2.711
2.722
2.733
2.736
2.745
2.745
2.749
2.758
2.760
2.763
2.765
2.772
2.776
2.814
2.815
2.830
2.830
2.851
2.863
2.874
2.893
2.896
2.918
3.078
