1.773
1.774
1.779
1.800
1.805
1.823
1.824
1.825
1.828
1.829
1.835
1.837
1.838
1.839
1.839
1.844
1.847
1.851
1.856
1.860
1.872
1.874
1.874
1.874
1.888
1.893
1.895
1.897
1.898
1.915
1.917
1.922
1.922
1.925
1.928
1.929
1.934
1.934
1.934
1.935
1.936
1.938
1.939
1.940
1.941
1.943
1.952
1.958
1.962
1.963
1.971
1.975
1.976
1.977
1.982
1.984
1.987
1.994
1.994
2.000
2.002
2.005
2.009
2.010
2.012
2.013
2.014
2.017
2.018
2.024
2.027
2.028
2.036
2.038
2.043
2.044
2.066
2.077
2.079
2.080
2.086
2.086
2.107
2.116
2.140
2.144
2.145
2.153
2.177
