1.949
1.954
1.961
1.963
1.968
1.974
1.982
1.996
1.998
2.003
2.007
2.012
2.017
2.018
2.020
2.029
2.040
2.046
2.048
2.064
2.065
2.069
2.069
2.071
2.074
2.082
2.085
2.089
2.090
2.091
2.093
2.095
2.097
2.097
2.104
2.104
2.106
2.108
2.115
2.116
2.117
2.118
2.119
2.124
2.125
2.129
2.133
2.138
2.142
2.146
2.148
2.150
2.154
2.155
2.158
2.167
2.172
2.173
2.175
2.177
2.177
2.177
2.187
2.187
2.192
2.196
2.198
2.201
2.204
2.216
2.225
2.227
2.232
2.236
2.251
2.255
2.263
2.266
2.270
2.285
2.289
2.291
2.297
2.324
2.333
2.345
2.353
2.370
2.412
