2.634
2.636
2.638
2.661
2.665
2.678
2.682
2.685
2.704
2.709
2.721
2.726
2.729
2.734
2.751
2.754
2.771
2.775
2.780
2.787
2.791
2.791
2.791
2.792
2.794
2.806
2.808
2.812
2.814
2.821
2.830
2.833
2.836
2.846
2.847
2.848
2.855
2.860
2.860
2.870
2.872
2.874
2.875
2.876
2.891
2.901
2.902
2.902
2.903
2.911
2.913
2.913
2.917
2.919
2.921
2.925
2.940
2.942
2.944
2.946
2.946
2.955
2.957
2.963
2.964
2.969
2.970
2.976
2.990
2.995
3.019
3.033
3.035
3.039
3.045
3.052
3.055
3.058
3.074
3.091
3.096
3.100
3.113
3.121
3.146
3.160
3.184
3.308
3.330
