2.104
2.179
2.223
2.224
2.227
2.234
2.253
2.256
2.258
2.263
2.266
2.285
2.285
2.295
2.300
2.313
2.319
2.320
2.329
2.334
2.337
2.346
2.351
2.352
2.363
2.366
2.366
2.372
2.373
2.379
2.380
2.383
2.387
2.401
2.406
2.406
2.412
2.412
2.415
2.420
2.425
2.432
2.433
2.444
2.446
2.450
2.450
2.453
2.460
2.464
2.480
2.484
2.488
2.507
2.510
2.522
2.525
2.534
2.534
2.544
2.551
2.551
2.561
2.564
2.567
2.586
2.589
2.603
2.604
2.605
2.607
2.613
2.636
2.637
2.645
2.647
2.650
2.652
2.658
2.667
2.668
2.693
2.696
2.758
2.775
2.815
2.824
2.826
2.902
