2.088
2.219
2.246
2.263
2.290
2.300
2.323
2.334
2.338
2.354
2.360
2.364
2.367
2.374
2.382
2.385
2.402
2.404
2.429
2.436
2.438
2.441
2.455
2.457
2.462
2.463
2.464
2.470
2.470
2.473
2.475
2.479
2.481
2.484
2.486
2.487
2.494
2.495
2.498
2.499
2.500
2.500
2.500
2.504
2.510
2.513
2.515
2.516
2.523
2.523
2.528
2.535
2.536
2.537
2.544
2.557
2.559
2.563
2.568
2.569
2.573
2.576
2.581
2.592
2.597
2.598
2.602
2.604
2.611
2.617
2.624
2.626
2.636
2.646
2.647
2.657
2.665
2.683
2.684
2.708
2.720
2.741
2.744
2.787
2.830
2.851
2.855
2.883
2.906
