1.748
1.765
1.813
1.823
1.829
1.846
1.875
1.878
1.881
1.889
1.890
1.892
1.896
1.905
1.906
1.917
1.921
1.921
1.927
1.929
1.930
1.937
1.946
1.952
1.960
1.961
1.970
1.974
1.978
1.979
1.981
1.987
1.989
1.990
1.992
1.993
1.996
1.996
1.996
1.998
2.009
2.011
2.011
2.014
2.014
2.015
2.015
2.015
2.016
2.018
2.021
2.023
2.024
2.025
2.026
2.028
2.029
2.031
2.033
2.043
2.046
2.046
2.048
2.048
2.053
2.061
2.062
2.063
2.069
2.069
2.070
2.076
2.078
2.078
2.083
2.088
2.091
2.096
2.107
2.111
2.118
2.123
2.124
2.146
2.165
2.167
2.206
2.256
2.303
