2.081
2.097
2.135
2.152
2.203
2.219
2.264
2.264
2.285
2.288
2.294
2.300
2.321
2.325
2.335
2.347
2.353
2.376
2.383
2.401
2.429
2.433
2.438
2.451
2.460
2.464
2.468
2.501
2.501
2.537
2.540
2.558
2.590
2.591
2.599
2.603
2.611
2.613
2.627
2.627
2.635
2.640
2.642
2.652
2.662
2.674
2.675
2.679
2.683
2.686
2.690
2.693
2.698
2.704
2.734
2.766
2.784
2.800
2.803
2.817
2.821
2.835
2.838
2.841
2.848
2.850
2.853
2.897
2.899
2.906
2.937
2.938
2.943
2.981
3.007
3.025
3.061
3.080
3.088
3.090
3.095
3.098
3.115
3.115
3.149
3.196
3.252
3.281
3.612
