2.308
2.323
2.373
2.374
2.385
2.418
2.440
2.446
2.447
2.453
2.457
2.462
2.465
2.466
2.468
2.475
2.476
2.477
2.481
2.487
2.493
2.498
2.502
2.504
2.508
2.511
2.514
2.514
2.522
2.525
2.529
2.534
2.534
2.535
2.539
2.542
2.545
2.546
2.548
2.549
2.560
2.565
2.569
2.577
2.580
2.584
2.592
2.593
2.593
2.595
2.596
2.597
2.614
2.615
2.617
2.618
2.620
2.626
2.643
2.645
2.645
2.656
2.656
2.668
2.671
2.674
2.686
2.686
2.694
2.695
2.696
2.709
2.711
2.714
2.731
2.740
2.743
2.750
2.765
2.795
2.798
2.821
2.841
2.850
2.864
2.874
2.952
2.957
2.980
