2.186
2.246
2.272
2.287
2.292
2.294
2.306
2.313
2.315
2.316
2.320
2.324
2.338
2.354
2.361
2.370
2.386
2.395
2.397
2.406
2.407
2.407
2.412
2.413
2.416
2.418
2.419
2.427
2.429
2.432
2.433
2.436
2.441
2.446
2.448
2.449
2.450
2.453
2.455
2.457
2.469
2.473
2.484
2.486
2.488
2.488
2.492
2.493
2.499
2.501
2.502
2.509
2.512
2.515
2.516
2.517
2.517
2.525
2.526
2.537
2.544
2.546
2.550
2.560
2.564
2.571
2.575
2.584
2.587
2.590
2.596
2.600
2.604
2.608
2.608
2.613
2.616
2.627
2.641
2.669
2.687
2.687
2.708
2.718
2.721
2.725
2.734
2.741
2.744
