2.009
2.022
2.056
2.068
2.085
2.099
2.101
2.105
2.109
2.119
2.122
2.128
2.140
2.147
2.153
2.164
2.166
2.180
2.183
2.186
2.189
2.202
2.215
2.220
2.222
2.222
2.225
2.229
2.231
2.239
2.244
2.251
2.251
2.256
2.267
2.268
2.269
2.270
2.280
2.285
2.285
2.288
2.289
2.300
2.301
2.302
2.307
2.308
2.308
2.313
2.315
2.324
2.328
2.346
2.357
2.357
2.361
2.369
2.375
2.377
2.381
2.397
2.401
2.410
2.415
2.417
2.418
2.433
2.434
2.436
2.442
2.462
2.469
2.473
2.483
2.487
2.489
2.499
2.506
2.512
2.513
2.515
2.532
2.549
2.577
2.579
2.629
2.693
2.739
