2.030
2.070
2.074
2.081
2.100
2.103
2.109
2.113
2.116
2.124
2.124
2.125
2.127
2.130
2.149
2.151
2.174
2.176
2.189
2.192
2.195
2.195
2.202
2.208
2.208
2.211
2.224
2.231
2.235
2.236
2.237
2.244
2.247
2.255
2.260
2.268
2.273
2.276
2.282
2.282
2.283
2.284
2.288
2.291
2.301
2.304
2.307
2.311
2.314
2.318
2.319
2.324
2.328
2.332
2.334
2.339
2.339
2.341
2.343
2.345
2.347
2.360
2.365
2.367
2.374
2.383
2.387
2.388
2.391
2.401
2.405
2.413
2.416
2.418
2.420
2.422
2.428
2.431
2.439
2.441
2.453
2.458
2.464
2.507
2.518
2.530
2.539
2.581
2.602
