1.311
1.323
1.334
1.353
1.358
1.362
1.386
1.387
1.395
1.404
1.406
1.411
1.413
1.414
1.424
1.425
1.430
1.432
1.432
1.432
1.434
1.439
1.440
1.440
1.453
1.455
1.461
1.463
1.464
1.467
1.472
1.473
1.478
1.490
1.492
1.495
1.495
1.499
1.501
1.507
1.508
1.511
1.524
1.526
1.531
1.536
1.536
1.537
1.543
1.543
1.543
1.547
1.556
1.560
1.562
1.562
1.564
1.568
1.574
1.575
1.575
1.578
1.581
1.582
1.585
1.591
1.593
1.595
1.597
1.598
1.609
1.612
1.636
1.642
1.647
1.653
1.655
1.658
1.667
1.671
1.676
1.679
1.692
1.694
1.712
1.713
1.718
1.746
1.757
