2.098
2.120
2.139
2.139
2.177
2.195
2.209
2.219
2.220
2.241
2.249
2.250
2.252
2.257
2.274
2.276
2.283
2.290
2.298
2.299
2.303
2.307
2.310
2.321
2.321
2.334
2.337
2.338
2.342
2.359
2.365
2.372
2.380
2.385
2.386
2.395
2.399
2.400
2.409
2.411
2.422
2.424
2.428
2.436
2.439
2.451
2.452
2.455
2.460
2.463
2.463
2.472
2.473
2.480
2.485
2.491
2.498
2.503
2.504
2.516
2.523
2.523
2.542
2.546
2.551
2.557
2.572
2.573
2.580
2.583
2.602
2.602
2.603
2.604
2.612
2.618
2.619
2.624
2.652
2.653
2.654
2.657
2.660
2.682
2.693
2.708
2.744
2.759
2.833
