2.443
2.573
2.587
2.663
2.669
2.670
2.745
2.749
2.755
2.764
2.772
2.772
2.774
2.793
2.804
2.812
2.821
2.834
2.841
2.847
2.849
2.850
2.851
2.867
2.879
2.879
2.884
2.884
2.901
2.917
2.918
2.918
2.919
2.924
2.939
2.940
2.940
2.944
2.968
2.968
2.971
2.974
2.977
2.998
3.002
3.007
3.007
3.008
3.010
3.015
3.033
3.037
3.040
3.044
3.048
3.054
3.089
3.122
3.127
3.129
3.143
3.146
3.154
3.158
3.158
3.178
3.196
3.197
3.200
3.202
3.205
3.207
3.214
3.247
3.271
3.293
3.313
3.314
3.331
3.349
3.411
3.436
3.480
3.494
3.497
3.509
3.510
3.607
3.670
