2.107
2.164
2.178
2.192
2.195
2.197
2.198
2.206
2.209
2.209
2.223
2.237
2.238
2.242
2.251
2.253
2.262
2.264
2.267
2.278
2.284
2.290
2.290
2.295
2.297
2.301
2.302
2.305
2.307
2.308
2.316
2.323
2.336
2.336
2.339
2.341
2.342
2.349
2.351
2.353
2.353
2.358
2.360
2.361
2.362
2.366
2.379
2.381
2.384
2.384
2.387
2.387
2.393
2.401
2.406
2.408
2.409
2.417
2.418
2.424
2.430
2.431
2.435
2.441
2.442
2.443
2.444
2.446
2.448
2.449
2.453
2.454
2.456
2.477
2.479
2.483
2.491
2.503
2.504
2.522
2.524
2.526
2.537
2.557
2.558
2.582
2.599
2.636
2.654
