1.916
1.949
1.950
1.962
1.975
1.982
1.984
1.986
2.000
2.010
2.011
2.013
2.016
2.032
2.036
2.039
2.040
2.045
2.045
2.051
2.055
2.057
2.059
2.063
2.064
2.064
2.070
2.075
2.076
2.081
2.084
2.090
2.092
2.094
2.095
2.099
2.103
2.103
2.103
2.105
2.107
2.109
2.116
2.122
2.123
2.124
2.125
2.126
2.126
2.130
2.132
2.134
2.137
2.143
2.146
2.148
2.149
2.153
2.168
2.173
2.175
2.177
2.181
2.181
2.185
2.189
2.190
2.196
2.198
2.219
2.223
2.227
2.232
2.233
2.235
2.235
2.260
2.263
2.265
2.267
2.275
2.276
2.287
2.300
2.301
2.301
2.344
2.355
2.444
