2.401
2.494
2.502
2.571
2.574
2.588
2.610
2.618
2.648
2.655
2.655
2.660
2.661
2.674
2.677
2.678
2.679
2.679
2.679
2.689
2.691
2.711
2.714
2.717
2.719
2.727
2.729
2.729
2.731
2.739
2.742
2.742
2.742
2.742
2.745
2.746
2.748
2.754
2.754
2.755
2.758
2.766
2.771
2.771
2.773
2.784
2.787
2.789
2.790
2.791
2.791
2.794
2.802
2.803
2.805
2.810
2.818
2.819
2.820
2.822
2.829
2.833
2.842
2.860
2.864
2.877
2.887
2.889
2.894
2.900
2.900
2.905
2.907
2.911
2.912
2.921
2.927
2.935
2.938
2.942
2.947
2.949
2.959
2.987
2.998
3.004
3.049
3.051
3.057
