2.147
2.181
2.286
2.287
2.287
2.340
2.355
2.358
2.362
2.375
2.379
2.380
2.399
2.401
2.402
2.402
2.406
2.413
2.413
2.420
2.425
2.427
2.427
2.430
2.433
2.439
2.440
2.446
2.451
2.455
2.455
2.461
2.461
2.462
2.466
2.485
2.486
2.489
2.491
2.493
2.504
2.505
2.508
2.509
2.516
2.516
2.523
2.527
2.532
2.532
2.533
2.538
2.540
2.541
2.546
2.547
2.548
2.552
2.555
2.567
2.579
2.580
2.584
2.588
2.594
2.598
2.601
2.601
2.613
2.621
2.629
2.631
2.634
2.640
2.652
2.654
2.662
2.682
2.689
2.692
2.693
2.706
2.713
2.721
2.752
2.766
2.798
2.830
2.924
