2.534
2.549
2.578
2.594
2.600
2.606
2.612
2.616
2.616
2.621
2.625
2.629
2.634
2.636
2.656
2.662
2.669
2.681
2.692
2.692
2.700
2.701
2.702
2.709
2.716
2.721
2.726
2.727
2.733
2.737
2.741
2.742
2.743
2.745
2.749
2.752
2.753
2.756
2.762
2.768
2.769
2.771
2.775
2.780
2.784
2.784
2.785
2.796
2.800
2.808
2.810
2.811
2.811
2.815
2.825
2.826
2.833
2.834
2.839
2.842
2.861
2.863
2.867
2.872
2.878
2.883
2.884
2.887
2.888
2.890
2.909
2.913
2.927
2.939
2.939
2.942
2.943
2.953
2.974
2.976
3.002
3.011
3.015
3.028
3.031
3.031
3.033
3.039
3.049
