1.761
1.840
1.865
1.868
1.933
1.949
2.042
2.048
2.052
2.071
2.074
2.075
2.076
2.077
2.081
2.084
2.092
2.108
2.111
2.117
2.154
2.158
2.172
2.179
2.189
2.200
2.204
2.214
2.218
2.250
2.251
2.260
2.270
2.273
2.279
2.280
2.280
2.288
2.300
2.300
2.302
2.306
2.312
2.315
2.317
2.319
2.322
2.325
2.332
2.333
2.333
2.333
2.342
2.344
2.351
2.352
2.357
2.360
2.362
2.368
2.390
2.394
2.395
2.399
2.407
2.415
2.415
2.419
2.423
2.431
2.439
2.472
2.472
2.476
2.480
2.491
2.499
2.508
2.513
2.519
2.535
2.548
2.601
2.631
2.637
2.658
2.661
2.771
2.966
