12.84
14.17
14.28
14.63
14.75
14.91
14.99
15.05
15.05
15.05
15.09
15.12
15.14
15.30
15.33
15.38
15.40
15.41
15.47
15.48
15.49
15.52
15.54
15.55
15.59
15.61
15.63
15.73
15.74
15.77
15.79
15.87
15.90
15.90
15.95
15.96
15.96
15.99
16.03
16.03
16.03
16.13
16.16
16.17
16.17
16.18
16.20
16.25
16.25
16.26
16.31
16.35
16.36
16.37
16.39
16.41
16.44
16.47
16.49
16.51
16.64
16.65
16.67
16.71
16.72
16.76
16.77
16.79
16.80
16.81
16.82
16.84
16.88
16.91
16.95
17.08
17.12
17.27
17.31
17.40
17.50
17.54
17.55
17.75
17.86
18.01
18.10
18.15
21.18
