2.063
2.135
2.146
2.179
2.213
2.285
2.309
2.320
2.325
2.332
2.341
2.355
2.372
2.373
2.376
2.380
2.394
2.397
2.398
2.405
2.407
2.420
2.428
2.434
2.456
2.456
2.464
2.473
2.475
2.476
2.495
2.499
2.501
2.502
2.513
2.514
2.515
2.536
2.537
2.546
2.550
2.552
2.554
2.554
2.559
2.562
2.567
2.573
2.574
2.584
2.590
2.592
2.603
2.612
2.620
2.624
2.631
2.633
2.642
2.667
2.676
2.678
2.679
2.691
2.700
2.719
2.722
2.724
2.725
2.727
2.735
2.740
2.768
2.778
2.778
2.779
2.783
2.810
2.827
2.827
2.832
2.835
2.843
2.851
2.900
2.901
2.962
2.964
2.987
