1.576
1.641
1.656
1.669
1.684
1.686
1.690
1.690
1.702
1.702
1.704
1.708
1.711
1.733
1.755
1.756
1.765
1.779
1.794
1.808
1.810
1.814
1.824
1.825
1.828
1.833
1.838
1.869
1.884
1.902
1.927
1.938
1.939
1.995
1.995
2.000
2.032
2.037
2.038
2.048
2.065
2.084
2.084
2.089
2.102
2.123
2.159
2.192
2.202
2.211
2.214
2.215
2.218
2.233
2.246
2.246
2.269
2.270
2.270
2.301
2.312
2.325
2.326
2.326
2.331
2.340
2.340
2.343
2.354
2.369
2.381
2.394
2.395
2.404
2.417
2.421
2.436
2.445
2.447
2.462
2.485
2.489
2.490
2.491
2.498
2.512
2.521
2.533
2.590
