2.118
2.209
2.270
2.279
2.332
2.347
2.373
2.415
2.451
2.452
2.453
2.455
2.457
2.459
2.463
2.471
2.478
2.512
2.513
2.529
2.545
2.546
2.549
2.552
2.555
2.556
2.565
2.572
2.579
2.600
2.604
2.607
2.611
2.619
2.630
2.631
2.633
2.636
2.642
2.649
2.655
2.663
2.664
2.673
2.686
2.691
2.701
2.702
2.710
2.717
2.724
2.729
2.736
2.739
2.748
2.749
2.749
2.751
2.761
2.765
2.766
2.774
2.779
2.787
2.805
2.831
2.840
2.855
2.856
2.863
2.873
2.874
2.929
2.970
2.971
2.977
3.011
3.027
3.035
3.061
3.072
3.078
3.082
3.114
3.150
3.220
3.253
3.292
3.571
