2.572
2.579
2.616
2.627
2.645
2.695
2.708
2.731
2.733
2.736
2.736
2.742
2.755
2.760
2.761
2.776
2.787
2.787
2.796
2.800
2.803
2.811
2.815
2.817
2.823
2.825
2.830
2.830
2.839
2.840
2.845
2.847
2.847
2.852
2.852
2.853
2.854
2.857
2.858
2.861
2.869
2.871
2.872
2.880
2.882
2.885
2.887
2.888
2.889
2.890
2.899
2.901
2.907
2.915
2.916
2.921
2.927
2.927
2.929
2.929
2.933
2.937
2.939
2.946
2.947
2.947
2.958
2.970
2.970
2.972
2.979
2.986
2.995
2.997
3.002
3.003
3.024
3.030
3.044
3.051
3.055
3.067
3.088
3.094
3.103
3.115
3.152
3.156
3.264
