2.158
2.238
2.240
2.271
2.279
2.297
2.305
2.321
2.337
2.339
2.343
2.343
2.345
2.345
2.345
2.345
2.354
2.356
2.356
2.359
2.361
2.364
2.366
2.374
2.375
2.380
2.388
2.403
2.407
2.415
2.415
2.415
2.423
2.424
2.425
2.428
2.432
2.432
2.442
2.448
2.449
2.451
2.451
2.453
2.454
2.454
2.455
2.456
2.457
2.461
2.462
2.464
2.467
2.470
2.472
2.479
2.492
2.500
2.502
2.502
2.526
2.530
2.535
2.538
2.542
2.542
2.544
2.544
2.546
2.550
2.552
2.555
2.556
2.564
2.565
2.579
2.582
2.585
2.622
2.623
2.647
2.651
2.667
2.678
2.686
2.697
2.702
2.728
2.729
