2.272
2.300
2.332
2.341
2.344
2.354
2.378
2.383
2.388
2.388
2.394
2.411
2.411
2.412
2.417
2.423
2.429
2.433
2.436
2.439
2.444
2.450
2.456
2.459
2.482
2.492
2.493
2.496
2.497
2.502
2.512
2.520
2.529
2.534
2.539
2.555
2.563
2.578
2.589
2.590
2.591
2.596
2.601
2.604
2.611
2.611
2.613
2.616
2.622
2.626
2.642
2.646
2.648
2.654
2.655
2.656
2.664
2.665
2.668
2.674
2.676
2.676
2.676
2.677
2.677
2.700
2.700
2.715
2.717
2.729
2.742
2.761
2.762
2.767
2.769
2.777
2.780
2.790
2.792
2.793
2.821
2.839
2.843
2.862
2.874
2.876
2.957
2.958
3.011
