2.871
2.874
2.887
2.892
2.898
2.944
2.945
2.956
2.956
2.963
2.974
2.975
2.985
2.987
2.993
2.999
3.010
3.013
3.015
3.029
3.030
3.045
3.053
3.055
3.063
3.073
3.077
3.077
3.078
3.090
3.093
3.095
3.106
3.113
3.117
3.121
3.128
3.133
3.135
3.135
3.136
3.144
3.148
3.150
3.151
3.162
3.171
3.172
3.174
3.178
3.183
3.184
3.189
3.192
3.195
3.203
3.210
3.212
3.213
3.214
3.214
3.222
3.225
3.225
3.230
3.235
3.238
3.241
3.241
3.243
3.247
3.250
3.253
3.261
3.263
3.285
3.320
3.324
3.325
3.337
3.345
3.345
3.353
3.370
3.371
3.375
3.383
3.437
3.528
