1.944
1.980
1.990
1.999
2.031
2.045
2.047
2.049
2.064
2.067
2.085
2.088
2.101
2.104
2.104
2.112
2.115
2.118
2.121
2.122
2.123
2.124
2.127
2.132
2.139
2.140
2.143
2.148
2.148
2.154
2.155
2.158
2.162
2.167
2.168
2.174
2.176
2.176
2.182
2.183
2.187
2.188
2.190
2.193
2.202
2.208
2.213
2.214
2.215
2.221
2.229
2.231
2.244
2.247
2.250
2.252
2.252
2.255
2.258
2.260
2.262
2.262
2.268
2.269
2.270
2.270
2.271
2.271
2.275
2.278
2.280
2.296
2.296
2.308
2.312
2.318
2.319
2.324
2.325
2.337
2.340
2.343
2.347
2.348
2.358
2.366
2.370
2.501
2.521
