2.176
2.257
2.296
2.302
2.328
2.341
2.348
2.352
2.364
2.370
2.377
2.385
2.398
2.403
2.409
2.410
2.412
2.412
2.413
2.421
2.426
2.436
2.442
2.444
2.445
2.455
2.456
2.467
2.471
2.472
2.474
2.476
2.480
2.481
2.483
2.489
2.502
2.510
2.513
2.516
2.522
2.528
2.537
2.537
2.544
2.546
2.547
2.547
2.568
2.574
2.579
2.582
2.584
2.585
2.597
2.597
2.599
2.601
2.604
2.609
2.610
2.613
2.616
2.618
2.623
2.623
2.625
2.633
2.637
2.641
2.643
2.654
2.655
2.656
2.656
2.667
2.671
2.677
2.685
2.695
2.714
2.724
2.735
2.756
2.765
2.767
2.785
2.787
3.111
