1.762
1.764
1.784
1.797
1.801
1.840
1.848
1.848
1.848
1.865
1.869
1.869
1.873
1.877
1.882
1.886
1.894
1.895
1.904
1.906
1.906
1.907
1.908
1.909
1.910
1.911
1.917
1.931
1.940
1.942
1.943
1.947
1.952
1.961
1.961
1.964
1.966
1.970
1.971
1.978
1.979
1.981
1.983
1.988
1.989
1.991
1.992
1.992
1.995
1.998
1.999
2.003
2.007
2.009
2.012
2.017
2.027
2.029
2.029
2.031
2.034
2.034
2.042
2.045
2.046
2.050
2.054
2.056
2.060
2.067
2.070
2.072
2.073
2.076
2.082
2.087
2.094
2.096
2.099
2.100
2.103
2.133
2.143
2.149
2.154
2.223
2.228
2.230
2.289
