1.913
2.005
2.007
2.018
2.026
2.027
2.061
2.062
2.063
2.082
2.086
2.088
2.091
2.107
2.124
2.125
2.135
2.138
2.138
2.142
2.144
2.148
2.154
2.165
2.173
2.183
2.187
2.193
2.201
2.205
2.213
2.215
2.224
2.237
2.241
2.246
2.247
2.254
2.261
2.264
2.265
2.269
2.278
2.281
2.287
2.295
2.299
2.301
2.301
2.307
2.314
2.318
2.329
2.338
2.344
2.344
2.355
2.355
2.355
2.362
2.364
2.366
2.368
2.369
2.374
2.400
2.409
2.414
2.426
2.428
2.433
2.434
2.435
2.447
2.450
2.464
2.468
2.513
2.514
2.546
2.578
2.589
2.620
2.631
2.646
2.654
2.691
2.693
2.701
