2.680
2.702
2.706
2.711
2.712
2.717
2.725
2.752
2.758
2.758
2.761
2.762
2.787
2.792
2.839
2.847
2.848
2.848
2.850
2.851
2.853
2.855
2.857
2.879
2.881
2.887
2.892
2.898
2.898
2.898
2.905
2.906
2.914
2.917
2.918
2.920
2.921
2.925
2.925
2.927
2.930
2.946
2.947
2.950
2.951
2.954
2.956
2.959
2.962
2.966
2.968
2.983
2.987
2.988
3.005
3.007
3.008
3.010
3.016
3.019
3.019
3.022
3.025
3.029
3.031
3.033
3.043
3.044
3.045
3.045
3.051
3.051
3.057
3.059
3.062
3.064
3.076
3.081
3.081
3.087
3.110
3.112
3.121
3.134
3.168
3.173
3.177
3.228
3.328
