2.247
2.282
2.318
2.338
2.346
2.352
2.358
2.363
2.368
2.370
2.376
2.379
2.384
2.392
2.401
2.404
2.406
2.409
2.412
2.420
2.431
2.443
2.443
2.446
2.449
2.450
2.450
2.452
2.457
2.469
2.471
2.482
2.485
2.488
2.490
2.491
2.491
2.492
2.511
2.516
2.520
2.525
2.530
2.532
2.538
2.542
2.543
2.546
2.549
2.556
2.563
2.570
2.571
2.576
2.584
2.593
2.596
2.597
2.598
2.599
2.601
2.601
2.613
2.625
2.639
2.642
2.649
2.666
2.667
2.669
2.678
2.680
2.694
2.699
2.717
2.724
2.738
2.739
2.748
2.756
2.764
2.780
2.788
2.846
2.890
2.945
2.971
2.983
3.025
