2.140
2.144
2.166
2.189
2.205
2.217
2.217
2.220
2.236
2.243
2.243
2.258
2.261
2.273
2.274
2.275
2.281
2.288
2.288
2.294
2.299
2.313
2.313
2.322
2.323
2.325
2.341
2.342
2.347
2.349
2.355
2.369
2.378
2.380
2.384
2.391
2.392
2.392
2.394
2.400
2.400
2.401
2.401
2.402
2.403
2.418
2.422
2.423
2.425
2.427
2.428
2.446
2.446
2.450
2.451
2.455
2.464
2.467
2.478
2.481
2.486
2.491
2.512
2.516
2.517
2.522
2.525
2.527
2.527
2.531
2.532
2.541
2.552
2.570
2.574
2.580
2.583
2.592
2.596
2.614
2.625
2.625
2.641
2.649
2.661
2.680
2.691
2.713
2.726
