2.273
2.303
2.339
2.342
2.391
2.393
2.398
2.408
2.423
2.424
2.431
2.436
2.441
2.462
2.490
2.490
2.508
2.513
2.526
2.526
2.528
2.531
2.533
2.547
2.547
2.565
2.568
2.569
2.571
2.574
2.578
2.579
2.580
2.592
2.599
2.618
2.625
2.625
2.635
2.635
2.636
2.654
2.656
2.663
2.672
2.677
2.681
2.702
2.724
2.738
2.738
2.746
2.747
2.751
2.752
2.756
2.757
2.767
2.785
2.793
2.801
2.801
2.802
2.812
2.816
2.823
2.824
2.831
2.846
2.853
2.858
2.862
2.867
2.869
2.873
2.877
2.939
2.941
2.975
2.993
3.006
3.029
3.035
3.048
3.066
3.069
3.073
3.152
3.299
