2.081
2.141
2.170
2.190
2.294
2.300
2.338
2.358
2.358
2.386
2.396
2.408
2.423
2.435
2.455
2.468
2.485
2.492
2.503
2.513
2.516
2.524
2.535
2.543
2.546
2.554
2.556
2.564
2.572
2.580
2.619
2.622
2.624
2.629
2.637
2.640
2.640
2.646
2.648
2.658
2.687
2.692
2.698
2.698
2.701
2.704
2.704
2.725
2.726
2.734
2.736
2.741
2.741
2.749
2.750
2.755
2.775
2.776
2.805
2.806
2.808
2.810
2.817
2.818
2.831
2.831
2.837
2.838
2.838
2.858
2.861
2.863
2.885
2.888
2.906
2.917
2.927
2.948
2.953
3.006
3.011
3.036
3.059
3.067
3.077
3.093
3.164
3.196
3.352
