2.079
2.089
2.105
2.110
2.141
2.209
2.219
2.224
2.238
2.243
2.247
2.250
2.256
2.256
2.264
2.278
2.286
2.293
2.296
2.300
2.301
2.302
2.307
2.309
2.321
2.323
2.329
2.333
2.334
2.336
2.337
2.338
2.338
2.344
2.352
2.352
2.362
2.362
2.365
2.368
2.369
2.376
2.379
2.381
2.389
2.394
2.396
2.396
2.399
2.399
2.404
2.412
2.414
2.422
2.423
2.424
2.426
2.431
2.449
2.457
2.461
2.463
2.468
2.473
2.475
2.480
2.485
2.487
2.504
2.507
2.514
2.522
2.524
2.530
2.537
2.545
2.548
2.554
2.572
2.580
2.585
2.647
2.649
2.655
2.655
2.657
2.660
2.721
2.758
