1.693
1.735
1.752
1.772
1.806
1.810
1.811
1.837
1.839
1.853
1.857
1.860
1.864
1.867
1.870
1.872
1.873
1.873
1.873
1.881
1.884
1.887
1.891
1.893
1.895
1.902
1.911
1.912
1.914
1.915
1.917
1.925
1.926
1.929
1.932
1.934
1.939
1.946
1.947
1.948
1.950
1.950
1.954
1.955
1.955
1.956
1.956
1.958
1.958
1.964
1.964
1.965
1.968
1.969
1.969
1.971
1.974
1.977
1.979
1.983
1.987
1.988
1.990
1.990
1.993
1.996
2.000
2.002
2.006
2.008
2.014
2.019
2.021
2.032
2.036
2.041
2.042
2.048
2.049
2.074
2.084
2.085
2.093
2.105
2.115
2.143
2.171
2.171
2.195
