2.168
2.206
2.233
2.247
2.285
2.327
2.338
2.354
2.368
2.370
2.388
2.401
2.403
2.403
2.411
2.416
2.424
2.438
2.443
2.466
2.466
2.469
2.472
2.478
2.489
2.490
2.497
2.500
2.502
2.502
2.506
2.512
2.512
2.512
2.514
2.514
2.515
2.515
2.523
2.525
2.526
2.527
2.531
2.534
2.537
2.553
2.554
2.559
2.560
2.560
2.563
2.564
2.566
2.569
2.569
2.573
2.574
2.577
2.590
2.593
2.611
2.612
2.612
2.612
2.627
2.629
2.630
2.631
2.632
2.659
2.668
2.680
2.682
2.694
2.701
2.709
2.712
2.715
2.724
2.740
2.784
2.801
2.807
2.812
2.852
2.853
2.862
2.910
2.925
