2.367
2.394
2.439
2.460
2.479
2.506
2.542
2.552
2.564
2.574
2.586
2.623
2.625
2.637
2.638
2.652
2.681
2.682
2.689
2.694
2.706
2.708
2.715
2.746
2.759
2.763
2.767
2.769
2.769
2.774
2.781
2.784
2.801
2.806
2.808
2.817
2.824
2.828
2.830
2.839
2.848
2.854
2.861
2.867
2.868
2.874
2.875
2.880
2.882
2.892
2.897
2.898
2.922
2.922
2.926
2.932
2.933
2.939
2.946
2.959
2.971
2.994
3.003
3.004
3.004
3.011
3.030
3.039
3.040
3.042
3.057
3.058
3.062
3.069
3.081
3.113
3.119
3.128
3.133
3.143
3.163
3.169
3.209
3.220
3.274
3.303
3.335
3.476
3.707
