1.995
2.047
2.067
2.082
2.085
2.090
2.108
2.118
2.126
2.135
2.143
2.150
2.157
2.164
2.164
2.174
2.178
2.184
2.184
2.203
2.204
2.207
2.207
2.210
2.214
2.219
2.221
2.225
2.228
2.229
2.236
2.238
2.243
2.244
2.254
2.255
2.259
2.266
2.270
2.272
2.273
2.278
2.283
2.284
2.286
2.290
2.293
2.294
2.302
2.309
2.309
2.310
2.310
2.311
2.312
2.316
2.317
2.321
2.330
2.334
2.335
2.337
2.339
2.341
2.346
2.346
2.346
2.350
2.350
2.350
2.358
2.365
2.367
2.373
2.374
2.374
2.374
2.390
2.391
2.392
2.405
2.405
2.410
2.424
2.434
2.458
2.492
2.543
2.583
