1.815
1.866
1.868
1.900
1.903
1.907
1.925
1.928
1.941
1.963
1.971
1.979
1.985
1.992
2.000
2.026
2.028
2.029
2.029
2.033
2.037
2.038
2.042
2.043
2.046
2.050
2.050
2.050
2.051
2.055
2.055
2.057
2.060
2.068
2.070
2.072
2.080
2.086
2.094
2.096
2.096
2.101
2.106
2.106
2.109
2.109
2.113
2.114
2.115
2.118
2.123
2.124
2.130
2.135
2.140
2.141
2.145
2.147
2.152
2.156
2.166
2.167
2.171
2.197
2.199
2.199
2.215
2.217
2.222
2.230
2.234
2.239
2.239
2.240
2.247
2.258
2.260
2.265
2.265
2.278
2.278
2.279
2.287
2.313
2.314
2.329
2.355
2.376
2.380
