2.422
2.453
2.483
2.483
2.519
2.520
2.539
2.551
2.553
2.569
2.571
2.572
2.574
2.575
2.581
2.589
2.612
2.612
2.614
2.614
2.618
2.619
2.624
2.627
2.631
2.632
2.635
2.640
2.642
2.659
2.660
2.665
2.668
2.668
2.670
2.675
2.677
2.677
2.683
2.690
2.690
2.692
2.694
2.707
2.712
2.713
2.715
2.716
2.718
2.720
2.727
2.728
2.730
2.739
2.745
2.769
2.770
2.770
2.772
2.773
2.776
2.777
2.786
2.799
2.799
2.803
2.814
2.824
2.830
2.840
2.840
2.841
2.860
2.870
2.872
2.872
2.893
2.899
2.914
2.916
2.917
2.921
2.922
2.932
2.937
2.948
2.960
2.964
3.018
