2.213
2.223
2.271
2.289
2.319
2.324
2.328
2.342
2.343
2.346
2.367
2.368
2.379
2.386
2.401
2.407
2.418
2.423
2.425
2.433
2.434
2.435
2.442
2.447
2.447
2.448
2.468
2.472
2.477
2.485
2.495
2.498
2.503
2.503
2.505
2.506
2.516
2.521
2.526
2.531
2.531
2.534
2.538
2.550
2.551
2.551
2.553
2.555
2.556
2.557
2.561
2.563
2.569
2.570
2.572
2.572
2.574
2.574
2.576
2.576
2.577
2.591
2.592
2.598
2.603
2.611
2.615
2.619
2.637
2.642
2.643
2.644
2.648
2.652
2.655
2.656
2.661
2.661
2.667
2.673
2.678
2.706
2.708
2.719
2.723
2.760
2.780
2.790
2.861
