2.522
2.553
2.570
2.584
2.588
2.592
2.596
2.614
2.634
2.656
2.661
2.665
2.666
2.693
2.693
2.694
2.694
2.696
2.697
2.698
2.705
2.706
2.713
2.713
2.719
2.725
2.727
2.741
2.742
2.749
2.755
2.765
2.766
2.770
2.772
2.773
2.790
2.791
2.794
2.795
2.797
2.799
2.801
2.806
2.807
2.813
2.815
2.831
2.831
2.832
2.838
2.843
2.845
2.854
2.858
2.863
2.864
2.866
2.871
2.881
2.898
2.911
2.918
2.919
2.920
2.924
2.925
2.929
2.929
2.930
2.933
2.940
2.945
2.946
2.953
2.955
2.959
2.964
2.969
2.969
2.977
3.007
3.014
3.020
3.068
3.080
3.081
3.089
3.175
