1.784
1.862
1.868
1.883
1.981
1.989
2.014
2.040
2.048
2.054
2.060
2.060
2.101
2.105
2.109
2.114
2.116
2.116
2.157
2.160
2.172
2.176
2.176
2.177
2.178
2.190
2.199
2.213
2.214
2.216
2.219
2.223
2.229
2.237
2.237
2.259
2.271
2.275
2.280
2.285
2.289
2.295
2.297
2.298
2.323
2.332
2.344
2.345
2.346
2.351
2.354
2.361
2.366
2.382
2.390
2.395
2.396
2.400
2.419
2.438
2.443
2.447
2.453
2.472
2.492
2.495
2.503
2.505
2.508
2.520
2.539
2.549
2.562
2.564
2.577
2.592
2.594
2.595
2.599
2.609
2.612
2.622
2.622
2.669
2.683
2.684
2.691
2.695
2.707
