0.049224
0.27804
0.20214
0.116
0.29057
0.24451
0.14922
0.11159
0.30235
0.21857
0.14396
0.15467
0.21941
0.18698
0.36604
0.072633
0.33318
0.20343
0.16886
0.15951
0.29753
0.22488
0.20941
0.23684
0.30143
0.30639
0.26418
0.39476
0.20016
0.28159
0.068837
0.15902
0.35043
0.26294
0.19682
0.20178
0.19296
0.14551
0.17443
0.20688
0.13247
0.21769
0.12473
0.21504
0.35757
0.33647
0.19547
0.12206
0.21314
0.25614
0.26741
0.3352
0.073061
0.2731
0.090388
0.15251
0.20714
0.22155
0.3852
0.1572
0.2029
0.28216
0.14253
0.26057
0.25282
0.079816
0.32841
0.10747
0.14194
0.29612
0.074041
0.15733
0.23388
0.21341
0.25637
0.22414
0.18437
0.1268
0.24545
0.24135
0.2612
0.1728
0.2379
0.22276
0.19222
0.21396
0.24833
0.27557
0.25845
0.14406
0.22816
0.24759
0.28851
0.23427
0.24876
0.32929
0.1232
0.24947
0.14945
0.15778
0.13841
0.27835
0.20527
0.16122
0.20547
0.29002
0.16624
0.27459
0.17055
0.10329
0.16767
0.30918
0.38008
0.22004
0.13173
0.27698
0.13347
