0.20952
0.1232
0.28084
0.0812
0.44336
0.32608
0.34508
0.18564
0.52796
0.36328
0.331
0.17908
0.25308
0.38452
0.44788
0.25536
0.48336
0.50188
0.34224
0.4392
0.24368
0.24488
0.4646
0.2552
0.3912
0.3674
0.40984
0.60276
0.31064
0.52948
-0.02212
0.52596
0.47244
0.14432
0.26464
0.36468
0.11744
0.36608
0.282
0.3282
0.23224
0.39384
0.20332
0.41188
0.27948
0.53244
0.4536
0.2082
0.3534
0.37384
0.5476
0.5192
0.13556
0.3454
0.23672
0.40216
0.33028
0.53052
0.31608
0.28872
0.12784
0.44052
0.55528
0.41048
0.37728
0.13816
0.52324
0.34672
0.16288
0.46656
0.12212
0.28876
0.35
0.29604
0.62524
0.39792
0.25524
0.42324
0.43
0.45516
0.41928
0.30688
0.4166
0.32952
0.31528
0.31752
0.42588
0.37828
0.5002
0.29196
0.32188
0.50084
0.504
0.38872
0.56836
0.433
0.19576
0.43152
0.42804
0.22496
0.14352
0.2626
0.43788
0.29196
0.34596
0.35464
0.30732
0.29972
0.33504
0.26908
0.35328
0.48228
0.50448
0.25776
0.27136
0.34988
0.2912
