0.18325
0.145
0.1735
0.092
0.222
0.32675
0.31325
0.16775
0.165
0.11925
0.27975
0.27575
0.34125
0.17875
0.217
0.1595
0.40775
0.3455
0.21975
0.38175
0.13325
0.2
0.3685
0.06525
0.17075
0.243
0.26525
0.3235
0.263
0.466
0.35675
0.34425
0.314
0.42275
0.14575
0.265
0.31275
0.38225
0.20975
0.078
0.149
0.34125
0.2735
0.487
0.31925
0.456
0.21775
0.17925
0.23
0.28675
0.296
0.3895
0.19875
0.242
0.3585
0.25475
0.38425
0.2835
0.15825
0.29075
0.25175
0.18425
0.3045
0.38275
0.2045
0.3815
0.3275
0.177
0.13275
0.25575
0.257
0.39075
0.323
0.156
0.455
0.382
0.33325
0.35275
0.29175
0.279
0.40175
0.0835
0.4265
0.5185
0.177
0.168
0.1355
0.349
0.29925
0.12175
0.278
0.36475
0.39675
0.1335
0.28825
0.18575
0.20475
0.0695
0.1405
0.31075
0.274
0.2895
0.211
0.259
0.40275
0.1415
0.27725
0.27875
0.285
0.3435
0.14875
0.1465
0.29
0.2325
0.24825
0.2645
0.1565
