0.24978
0.15567
0.10233
-0.023222
0.48356
0.17711
0.48867
-0.063556
0.55778
0.34456
0.12489
0.031222
0.092444
0.19633
0.43444
0.00077778
0.31889
0.33522
0.21378
0.34933
0.33078
0.17356
0.30911
0.33489
0.48033
0.44356
0.28422
0.58289
0.44789
0.237
-0.068333
0.28667
0.43178
0.10867
0.24978
0.38833
-0.00022222
0.15356
0.20878
0.15278
0.15922
0.34844
0.10478
0.43344
-0.043667
0.53478
0.21489
-0.04
0.31689
0.438
0.39544
0.45233
0.14656
0.226
0.33678
0.304
0.10389
0.32767
0.172
0.24322
-0.0098889
0.449
0.42844
0.30311
0.077889
0.11078
0.66056
0.16111
0.041111
0.35078
-0.053556
0.20289
0.52278
0.26611
0.48744
0.45556
0.070111
0.24878
0.28978
0.47311
0.34811
0.19222
0.361
0.51611
0.48411
0.42267
0.13733
0.28689
0.43667
0.24111
0.15822
0.26978
0.50056
0.179
0.16767
0.35767
-0.0064444
0.24144
0.49989
0.178
0.17389
0.17422
0.28089
0.18833
0.31144
0.264
0.19311
0.43844
0.41411
0.29956
0.35656
0.48456
0.40789
0.19367
0.29344
0.36444
0.42656
