0.11678
0.19689
0.39778
0.10378
0.33644
0.20444
0.21378
0.28011
0.36022
0.43144
0.31833
0.025222
0.28867
0.28467
0.195
0.13578
0.70844
0.18867
0.36422
0.26544
0.40844
0.22
0.43556
0.10878
0.24189
0.464
0.18667
0.325
0.36278
0.289
0.276
0.155
0.26511
0.23311
0.278
0.30633
0.57133
0.46911
0.29522
0.12911
-0.033333
0.175
0.085333
0.42644
0.11211
0.35078
0.26589
0.256
0.338
0.32878
0.28878
0.37856
0.27256
0.26489
0.30289
0.15733
0.33056
0.20611
0.14189
0.18556
0.26544
0.33811
0.15889
0.47533
0.27044
0.31678
0.574
0.21389
0.086222
0.49022
0.16778
0.093667
0.34622
0.17333
0.37111
0.34078
0.12456
0.192
0.21544
0.43533
0.26178
0.24211
0.42589
0.054333
0.279
0.49544
0.18133
0.35144
0.18156
0.14622
0.28756
0.24522
0.27156
0.098111
0.27511
0.13567
0.14833
0.377
0.269
0.29578
0.32544
0.20244
0.17067
0.10944
0.24656
0.16122
0.36522
0.57044
0.097222
0.26656
0.25656
0.70711
0.34211
0.30911
0.26856
0.074444
0.39489
