0.39544
0.147
0.27778
0.11319
0.37761
0.42156
0.46839
0.084778
0.43619
0.2825
0.10628
0.26617
0.31114
0.31411
0.38208
0.16972
0.63611
0.45497
0.14775
0.36058
0.35181
0.26639
0.47908
0.37972
0.51053
0.41917
0.36119
0.53431
0.41944
0.29519
0.0091667
0.39681
0.42464
0.31353
0.43778
0.49133
0.25417
0.44439
0.41533
0.35572
0.18436
0.33389
0.29086
0.5425
0.083917
0.39453
0.18136
0.17833
0.31031
0.38433
0.41183
0.41783
0.27319
0.26989
0.51111
0.27992
0.2785
0.40194
0.11786
0.34733
0.11022
0.38847
0.31433
0.29556
0.29803
0.13544
0.71044
0.31017
0.24669
0.36808
0.14142
0.26297
0.46389
0.43844
0.41469
0.54217
0.17411
0.49192
0.41844
0.45797
0.52847
0.35444
0.38525
0.47358
0.33108
0.26528
0.28725
0.28719
0.46686
0.29272
0.22778
0.35036
0.44894
0.26808
0.36731
0.563
0.14139
0.40919
0.44264
0.27328
0.24411
0.38164
0.44175
0.28089
0.40297
0.42756
0.26925
0.36942
0.47583
0.38011
0.29708
0.41517
0.42811
0.26467
0.32692
0.41611
0.28289
