0.1865
0.17925
0.248
-0.0345
0.275
0.1325
0.1635
-0.11525
0.24375
-0.041
0.13175
0.07075
0.16675
0.16675
0.105
0.21175
0.2125
0.30975
0.21925
0.08275
0.2805
0.2775
0.09275
0.12125
0.02125
0.29675
0.12075
0.46825
0.386
0.0155
0.135
0.24525
0.22825
0.0445
0.09975
0.2455
0.1665
0.1955
0.176
0.08875
0.0885
0.11375
0.0915
0.2415
0.0725
0.082
0.15525
0.19075
0.233
0.19925
0.23
0.12825
0.29025
0.25875
0.07175
0.06125
0.05075
0.02125
0.07025
0.12425
0.1505
0.13
-0.027
0.21025
0.10275
-0.0295
0.22125
0.12725
0.03475
0.1705
0.16325
0.244
0.383
0.008
0.2955
0.1285
0.07725
0.0875
0.188
0.12475
0.119
0.019
0.23525
0.07
0.07
0.1075
0.08075
0.0465
0.152
0.00725
0.2615
0.08225
0.17075
0.2405
0.20675
0.1835
0.10625
-0.2305
0.23225
0.23725
0.07675
0.13025
0.1055
0.14975
0.123
0.0895
0.1735
0.11575
-0.072
0.216
0.2515
0.2645
0.20325
0.148
0.188
0.08275
0.00025
