0.12731
0.23788
0.12987
0.042187
0.40156
0.31988
0.31531
0.067562
0.366
0.18794
0.15763
0.21838
0.35906
0.29475
0.253
0.25288
0.47619
0.394
0.13994
0.18388
0.41638
0.23594
0.28425
0.40625
0.424
0.4455
0.23356
0.31144
0.39325
0.34594
0.20337
0.21175
0.48087
0.20519
0.35225
0.59369
0.037187
0.12081
0.27887
0.30819
0.26262
0.42531
0.21788
0.54181
0.21856
0.45369
0.26419
0.062312
0.40381
0.43188
0.61025
0.33219
0.3315
0.20363
0.22412
0.16569
0.14444
0.46044
0.24656
0.40663
0.355
0.40675
0.1315
0.215
0.25481
0.21969
0.37306
0.10925
0.2795
0.5265
0.19256
0.23287
0.21775
0.37913
0.1935
0.4325
0.17738
0.17863
0.38669
0.39569
0.11713
0.39569
0.22769
0.3615
0.30825
0.29494
0.12944
0.3435
0.46788
0.17906
0.31006
0.28006
0.52869
0.23294
0.22994
0.39575
0.21887
0.3245
0.26056
0.16544
0.27306
0.32031
0.27619
0.29281
0.38062
0.34487
0.15269
0.31169
0.35919
0.13094
0.30825
0.32231
0.37038
0.27812
0.10512
0.4375
0.19156
