0.21056
0.32444
0.27011
0.097222
0.36378
0.56244
0.49633
0.14733
0.215
0.27611
0.14456
0.24922
0.18589
0.13367
0.25233
0.25567
0.44
0.42678
0.19167
0.63878
0.40222
0.099556
0.54889
0.36311
0.38444
0.32956
0.25156
0.33344
0.35456
0.28289
0.33711
0.19733
0.28511
0.65278
0.19156
0.718
0.23778
0.36789
0.28489
0.54489
0.090111
0.11244
0.29456
0.54989
0.29389
0.437
0.41489
0.35322
0.47556
0.30744
0.6
0.41478
0.34344
0.146
0.381
0.37544
0.16822
0.48711
0.38156
0.45722
0.20489
0.52289
0.49478
0.31378
0.28111
0.60156
0.40878
0.38089
0.20022
0.50211
0.29589
0.37733
0.30556
0.41311
0.451
0.437
0.11067
0.24211
0.503
0.75556
0.35211
0.37656
0.24411
0.45267
0.45067
0.60322
0.33689
0.22078
0.57911
0.443
0.37733
0.303
0.35711
0.20867
0.24133
0.57989
0.18767
0.73322
0.25367
0.30178
0.278
0.17433
0.51311
0.19822
0.40444
0.46811
0.311
0.388
0.391
0.31822
0.41644
0.26711
0.42933
0.24422
0.32667
0.47322
0.19511
