0.149
0.12075
-0.006
-0.12
0.27825
0.0965
0.111
0.086
0.0805
0.223
0.0325
0.02725
0.195
0.155
0.18625
0.16175
0.1605
0.10625
0.2265
0.273
-0.037
0.05
0.119
0.073
0.17475
0.2795
0.02875
0.201
0.126
0.2605
0.44725
0.1745
0.1005
0.08325
0.16275
0.1075
0.2005
0.25975
0.25775
0.14225
-0.167
0.14375
0.031
0.039
0.2215
0.08775
0.22
0.055
0.23925
0.43725
0.023
0.24775
0.2495
-0.01875
0.206
0.13875
0.219
0.3195
-0.021
0.2195
0.21875
0.0105
-0.09525
0.16475
0.1635
0.057
0.3035
0.19375
0.1725
0.1045
0.1915
-0.07525
0.07775
0.1505
0.154
-0.064
0.1075
0.08425
0.03025
0.3405
0.177
0.1265
0.39
0.0305
0.11325
0.06125
0.15025
0.16175
0.0195
0.15725
0.0795
0.24825
0.0945
0.16375
0.33925
0.22575
0.011
0.156
0.10825
0.08725
0.17125
0.133
0.17675
0.26825
0.07025
0.2405
0.1145
0.13725
0.2195
0.224
-0.015
0.0515
0.16475
0.14875
0.15975
0.15775
0.12275
