0.18864
0.12564
0.09688
0.20484
0.44428
0.355
0.23344
0.26816
0.231
0.279
0.26884
0.13996
0.28196
0.20484
0.257
0.25424
0.44476
0.40504
0.15224
0.35104
0.17256
0.2534
0.36824
0.2622
0.16204
0.39968
0.2094
0.24776
0.241
0.35604
0.2084
0.32048
0.22592
0.2282
0.32312
0.33664
0.19436
0.07396
0.16248
0.36908
0.24388
0.20624
0.25232
0.39
0.43812
0.18824
0.2352
0.18608
0.26688
0.30092
0.236
0.32352
0.1802
0.25076
0.26972
0.3152
0.30116
0.31188
0.28
0.22552
0.23304
0.28508
0.29816
0.20132
0.2056
0.09588
0.35344
0.2378
0.16008
0.31152
0.14868
0.29204
0.26208
0.195
0.31512
0.44184
0.25692
0.41272
0.42656
0.34056
0.35188
0.16844
0.45676
0.31936
0.2978
0.28728
0.25256
0.29668
0.43928
0.19372
0.14032
0.12232
0.29316
0.3436
0.2324
0.20144
0.13108
0.53104
0.20816
0.274
0.31908
0.23316
0.30128
0.2108
0.38328
0.21028
0.2022
0.29132
0.2914
0.34372
0.33012
0.42048
0.32448
0.22928
0.24496
0.19884
0.19676
