0.15481
0.44912
0.33669
0.382
0.45569
0.54181
0.39913
0.35669
0.464
0.47437
0.40819
0.39313
0.31412
0.34644
0.55912
0.30056
0.53381
0.28625
0.37756
0.46044
0.44369
0.42663
0.35244
0.47088
0.33469
0.33513
0.38219
0.38319
0.24988
0.70875
0.35394
0.34788
0.499
0.41025
0.40375
0.43563
0.453
0.35462
0.32381
0.41431
0.45613
0.25044
0.49444
0.49906
0.51369
0.41719
0.48531
0.33363
0.65987
0.43125
0.27169
0.38669
0.51744
0.29925
0.46681
0.49531
0.49281
0.32288
0.51606
0.37756
0.18831
0.224
0.49512
0.33094
0.43969
0.4475
0.41337
0.4345
0.16794
0.35719
0.29012
0.58025
0.32269
0.24969
0.599
0.44662
0.66581
0.53269
0.36244
0.40213
0.35331
0.33581
0.41944
0.51763
0.36069
0.3915
0.57744
0.45588
0.38338
0.309
0.35319
0.46369
0.31188
0.66625
0.3675
0.59013
0.25075
0.61413
0.5355
0.44888
0.35025
0.40269
0.52519
0.34631
0.53431
0.48956
0.71362
0.4245
0.32644
0.30375
0.34525
0.7085
0.56394
0.28169
0.56738
0.17169
0.073375
