0.18225
0.21375
-0.01525
-0.10875
0.22975
0.25625
0.10975
0.142
0.2035
0.47175
0.18275
0.22325
0.04025
0.08825
0.3835
-0.15325
0.146
0.22125
0.14
0.39775
0.26525
0.216
0.2225
0.2695
0.336
0.20925
0.179
0.153
0.23025
0.392
0.09075
0.232
0.21875
0.0305
0.386
0.21825
0.12125
0.3115
0.06175
0.12375
0.13825
0.2
0.29175
0.159
0.30075
0.29525
0.36575
-0.09175
0.295
0.26175
0.34525
0.24175
0.11075
0.01225
0.28775
0.3915
0.13675
0.062
0.2555
0.21725
0.066
0.21225
0.3675
0.14975
0.1125
0.17025
0.186
0.2705
0.12975
0.11925
0.07975
0.319
0.09475
0.12175
0.34275
0.36825
0.117
0.3285
0.364
0.17075
0.1605
0.3625
0.2215
0.3165
0.27025
0.1735
0.327
0.3
0.29225
0.1
0.2785
0.23375
0.2375
0.514
0.11675
0.1525
-0.037
0.36725
0.113
0.18875
0.0575
0.10075
0.208
0.13425
0.341
0.21225
0.556
0.177
0.2255
0.11225
0.08125
0.371
0.39125
0.10075
0.121
0.15575
0.118
