0.17797
0.20819
0.16289
0.1847
0.51734
0.36641
0.24377
0.20336
0.40633
0.22817
0.24703
0.1693
0.23083
0.32925
0.29548
0.15984
0.47156
0.30002
0.33373
0.28375
0.44759
0.3285
0.42092
0.2105
0.27378
0.4763
0.10612
0.42303
0.46063
0.28322
0.18358
0.22619
0.31483
0.25892
0.39306
0.31414
0.21891
0.15234
0.16559
0.28127
0.22759
0.35711
0.24489
0.52991
0.23139
0.42325
0.23734
0.22953
0.49778
0.50627
0.33809
0.53094
0.25909
0.17292
0.27275
0.22342
0.20005
0.4258
0.2573
0.21177
0.31627
0.38425
0.18822
0.2682
0.27558
0.23692
0.45655
0.26005
0.13677
0.38855
0.10128
0.22059
0.38052
0.2737
0.42248
0.48567
0.17434
0.37123
0.21581
0.38219
0.27363
0.1838
0.52611
0.37752
0.25853
0.33809
0.329
0.19163
0.40034
0.19903
0.33858
0.24852
0.43716
0.38555
0.33689
0.38852
0.10231
0.18167
0.41966
0.2627
0.28534
0.20291
0.36455
0.25861
0.33436
0.30816
0.30066
0.30488
0.27233
0.35053
0.29813
0.52698
0.41917
0.30739
0.30295
0.39655
0.22519
