0.24975
0.47475
0.76225
0.75375
-0.09975
0.05025
0.04625
0.27625
-0.0055
0.279
0.3545
0.24375
0.2655
0.20625
0.27075
0.44825
0.28975
0.328
0.2725
0.389
0.201
0.32025
0.35775
0.13
0.48175
0.20775
0.21825
0.46
0.20525
0.347
0.38
0.0635
0.11775
0.619
0.254
0.09425
0.35225
0.36525
0.2955
0.281
0.4045
0.24
0.0955
0.33675
0.265
0.126
0.21325
0.21825
0.22125
0.05575
0.37875
0.22275
0.39
0.636
0.407
0.30175
0.49025
0.44475
0.4385
0.19025
0.57775
0.21475
0.27625
0.3685
0.47575
0.25975
0.59475
0.3215
0.3725
0.33
0.3785
0.366
0.3125
0.43725
0.323
0.5005
0.5775
-0.0295
0.33825
0.376
0.1795
0.22275
0.353
0.1505
0.103
0.12775
0.2215
0.47525
-0.01125
0.27275
0.57525
-0.035
0.0965
0.267
0.24725
0.29725
0.293
0.21375
0.48
0.2865
0.3155
0.1065
0.432
0.18175
0.151
0.24025
0.10175
0.27575
0.38825
0.0415
0.4375
0.1535
0.2525
0.366
0.37125
0.324
0.50075
