0.42067
0.58344
0.42033
0.35
0.67578
0.58411
0.66878
0.46622
0.49422
0.53433
0.90356
0.38933
0.38122
0.45356
0.54378
0.61689
0.65389
0.49022
0.40378
0.59744
0.28544
0.51667
0.54078
0.28978
0.52122
0.51367
0.56856
0.64389
0.471
0.48222
0.67267
0.31689
0.525
0.66067
0.33044
0.51922
0.82967
0.64067
0.55344
0.38933
0.48011
0.52989
0.44656
0.39578
0.57089
0.44144
0.66333
0.75267
0.55822
0.60867
0.674
0.46533
0.28456
0.60833
0.99144
0.54133
0.56811
0.80022
0.75367
0.48589
0.53144
0.61133
0.60989
0.71678
0.54522
0.43111
0.59978
0.54889
0.45633
0.43633
0.44811
0.60656
0.924
0.55111
0.63378
0.78678
0.54089
0.36411
0.55822
0.62267
0.60222
0.44544
0.48533
0.418
0.61489
0.78311
0.51822
0.64078
0.55167
0.60467
0.64011
0.35422
0.47822
0.59022
0.48656
0.62022
0.31211
0.43989
0.76111
0.57922
0.38889
0.57878
0.66733
0.46311
0.34611
0.58256
0.42244
0.44856
0.56111
0.44356
0.59156
0.39811
0.62656
0.45467
0.51311
0.31744
0.36033
