2.038
2.050
2.067
2.083
2.192
2.211
2.231
2.237
2.243
2.245
2.276
2.302
2.331
2.340
2.373
2.377
2.379
2.395
2.400
2.411
2.436
2.438
2.443
2.476
2.485
2.496
2.498
2.505
2.507
2.511
2.512
2.519
2.537
2.538
2.543
2.546
2.559
2.560
2.566
2.568
2.572
2.586
2.589
2.590
2.615
2.619
2.621
2.624
2.629
2.636
2.641
2.684
2.689
2.689
2.694
2.696
2.708
2.716
2.718
2.720
2.721
2.728
2.729
2.746
2.750
2.754
2.761
2.763
2.774
2.798
2.821
2.822
2.827
2.851
2.859
2.859
2.863
2.864
2.883
2.883
2.891
2.896
2.930
2.940
2.947
2.950
2.958
2.999
3.044
3.053
3.053
3.061
3.064
3.071
3.085
3.167
3.171
3.182
3.499
