2.081
2.290
2.695
2.746
2.905
2.931
2.956
2.975
3.009
3.012
3.048
3.068
3.083
3.109
3.135
3.137
3.151
3.156
3.165
3.182
3.184
3.191
3.197
3.198
3.200
3.209
3.215
3.219
3.221
3.221
3.237
3.254
3.254
3.262
3.264
3.267
3.269
3.278
3.305
3.328
3.332
3.336
3.346
3.352
3.353
3.363
3.368
3.377
3.381
3.384
3.395
3.399
3.403
3.410
3.417
3.418
3.427
3.431
3.435
3.444
3.451
3.453
3.460
3.461
3.462
3.475
3.478
3.479
3.487
3.488
3.502
3.518
3.519
3.519
3.524
3.529
3.534
3.547
3.592
3.607
3.616
3.616
3.620
3.641
3.649
3.654
3.674
3.688
3.708
3.712
3.738
3.744
3.748
3.778
3.778
3.884
3.887
3.918
4.005
