1.951
1.972
1.981
2.015
2.020
2.021
2.024
2.025
2.048
2.049
2.067
2.092
2.095
2.134
2.138
2.138
2.139
2.142
2.147
2.160
2.165
2.166
2.166
2.175
2.177
2.180
2.182
2.182
2.188
2.188
2.189
2.197
2.205
2.206
2.210
2.213
2.214
2.219
2.227
2.229
2.235
2.239
2.245
2.247
2.252
2.259
2.261
2.269
2.273
2.274
2.282
2.283
2.288
2.291
2.293
2.293
2.297
2.298
2.300
2.301
2.303
2.304
2.308
2.310
2.312
2.315
2.316
2.320
2.331
2.332
2.333
2.335
2.345
2.348
2.349
2.355
2.360
2.368
2.371
2.377
2.403
2.403
2.405
2.409
2.413
2.414
2.416
2.444
2.449
2.457
2.464
2.479
2.480
2.492
2.500
2.514
2.514
2.517
2.594
