2.026
2.104
2.130
2.137
2.149
2.162
2.165
2.177
2.178
2.189
2.194
2.202
2.208
2.226
2.262
2.273
2.275
2.281
2.286
2.289
2.292
2.293
2.294
2.296
2.297
2.299
2.310
2.313
2.320
2.320
2.331
2.335
2.335
2.338
2.339
2.339
2.342
2.350
2.351
2.356
2.357
2.362
2.368
2.369
2.374
2.374
2.376
2.381
2.400
2.401
2.405
2.406
2.409
2.413
2.415
2.419
2.428
2.429
2.429
2.430
2.443
2.460
2.464
2.468
2.472
2.475
2.476
2.479
2.484
2.487
2.487
2.493
2.494
2.503
2.503
2.506
2.519
2.526
2.529
2.529
2.534
2.541
2.550
2.558
2.573
2.590
2.624
2.629
2.645
2.661
2.666
2.684
2.688
2.703
2.721
2.846
2.868
2.880
2.953
