2.397
2.409
2.414
2.426
2.457
2.482
2.485
2.510
2.550
2.556
2.564
2.568
2.575
2.581
2.585
2.592
2.592
2.605
2.607
2.611
2.615
2.617
2.617
2.618
2.620
2.640
2.641
2.642
2.644
2.645
2.654
2.660
2.674
2.676
2.681
2.683
2.687
2.689
2.700
2.711
2.711
2.716
2.719
2.729
2.735
2.737
2.741
2.755
2.760
2.760
2.760
2.763
2.771
2.773
2.778
2.782
2.783
2.785
2.790
2.797
2.802
2.805
2.807
2.808
2.813
2.823
2.826
2.828
2.829
2.830
2.835
2.839
2.853
2.858
2.872
2.878
2.885
2.899
2.902
2.909
2.914
2.920
2.930
2.937
2.940
2.945
2.946
2.947
2.966
2.984
2.985
2.988
3.003
3.015
3.047
3.049
3.053
3.103
3.122
