1.982
2.093
2.095
2.122
2.125
2.135
2.141
2.156
2.165
2.182
2.184
2.189
2.194
2.196
2.201
2.204
2.204
2.206
2.222
2.222
2.224
2.226
2.230
2.245
2.246
2.248
2.255
2.259
2.262
2.264
2.265
2.273
2.279
2.284
2.288
2.291
2.293
2.294
2.301
2.303
2.303
2.314
2.322
2.323
2.324
2.328
2.335
2.337
2.341
2.343
2.353
2.355
2.357
2.362
2.364
2.366
2.367
2.369
2.369
2.372
2.373
2.380
2.380
2.385
2.386
2.387
2.390
2.391
2.399
2.409
2.410
2.422
2.424
2.429
2.435
2.438
2.442
2.451
2.455
2.464
2.471
2.481
2.481
2.492
2.499
2.519
2.528
2.532
2.533
2.541
2.542
2.554
2.557
2.569
2.572
2.582
2.582
2.605
2.663
