1.276
1.277
1.278
1.290
1.305
1.306
1.307
1.310
1.313
1.314
1.319
1.327
1.333
1.337
1.346
1.348
1.350
1.350
1.355
1.356
1.357
1.359
1.359
1.363
1.365
1.367
1.372
1.373
1.377
1.380
1.386
1.388
1.390
1.406
1.410
1.411
1.411
1.414
1.415
1.415
1.417
1.418
1.420
1.422
1.426
1.428
1.431
1.433
1.434
1.434
1.434
1.439
1.442
1.444
1.444
1.444
1.445
1.447
1.450
1.453
1.459
1.461
1.461
1.467
1.470
1.473
1.474
1.480
1.482
1.482
1.484
1.484
1.484
1.487
1.497
1.500
1.500
1.515
1.515
1.517
1.534
1.546
1.550
1.551
1.554
1.568
1.569
1.573
1.575
1.582
1.586
1.595
1.599
1.629
1.633
1.644
1.648
1.673
1.684
