1.894
1.897
1.907
1.923
1.929
1.940
1.944
1.944
1.949
1.965
1.973
1.974
1.982
1.984
1.987
1.988
1.998
1.998
2.004
2.006
2.014
2.018
2.020
2.021
2.023
2.027
2.029
2.035
2.038
2.047
2.047
2.047
2.059
2.061
2.067
2.076
2.077
2.078
2.083
2.086
2.088
2.091
2.096
2.096
2.099
2.101
2.102
2.108
2.109
2.111
2.113
2.116
2.122
2.128
2.130
2.144
2.144
2.148
2.153
2.156
2.160
2.163
2.174
2.176
2.178
2.180
2.181
2.181
2.188
2.190
2.194
2.202
2.221
2.234
2.238
2.240
2.240
2.244
2.254
2.259
2.265
2.265
2.266
2.266
2.267
2.272
2.296
2.303
2.317
2.339
2.340
2.364
2.377
2.378
2.381
2.387
2.405
2.440
2.446
