1.732
1.774
1.777
1.795
1.799
1.813
1.819
1.828
1.829
1.836
1.843
1.851
1.856
1.863
1.863
1.866
1.889
1.889
1.902
1.902
1.919
1.920
1.920
1.932
1.939
1.943
1.944
1.947
1.948
1.953
1.954
1.957
1.960
1.962
1.963
1.967
1.970
1.974
1.977
1.982
1.984
1.989
1.993
1.993
1.994
1.999
2.002
2.004
2.007
2.008
2.011
2.012
2.015
2.016
2.018
2.019
2.019
2.021
2.031
2.036
2.041
2.044
2.045
2.050
2.052
2.053
2.053
2.055
2.057
2.062
2.070
2.074
2.075
2.076
2.078
2.078
2.092
2.097
2.098
2.106
2.108
2.123
2.123
2.128
2.142
2.143
2.152
2.155
2.162
2.171
2.175
2.184
2.188
2.205
2.218
2.219
2.226
2.254
2.261
