2.203
2.219
2.222
2.279
2.284
2.284
2.290
2.300
2.315
2.346
2.358
2.371
2.372
2.385
2.385
2.392
2.395
2.401
2.401
2.404
2.406
2.409
2.409
2.417
2.418
2.421
2.448
2.449
2.450
2.453
2.461
2.465
2.470
2.478
2.487
2.492
2.498
2.502
2.504
2.521
2.522
2.530
2.536
2.542
2.557
2.561
2.562
2.562
2.564
2.567
2.568
2.568
2.570
2.572
2.575
2.575
2.581
2.583
2.587
2.590
2.590
2.606
2.608
2.616
2.620
2.622
2.626
2.629
2.632
2.644
2.644
2.645
2.651
2.651
2.658
2.660
2.671
2.672
2.673
2.680
2.682
2.698
2.699
2.701
2.704
2.710
2.713
2.724
2.740
2.742
2.758
2.778
2.780
2.803
2.806
2.813
2.834
2.851
2.883
