1.987
2.029
2.118
2.125
2.130
2.146
2.148
2.149
2.150
2.151
2.152
2.154
2.164
2.166
2.167
2.176
2.180
2.183
2.203
2.207
2.207
2.213
2.214
2.232
2.244
2.252
2.257
2.258
2.265
2.270
2.273
2.273
2.290
2.292
2.296
2.296
2.296
2.298
2.299
2.302
2.307
2.313
2.319
2.321
2.327
2.329
2.339
2.341
2.341
2.342
2.342
2.348
2.350
2.350
2.351
2.361
2.371
2.376
2.379
2.379
2.382
2.387
2.390
2.399
2.403
2.411
2.415
2.418
2.425
2.428
2.431
2.435
2.436
2.438
2.444
2.452
2.454
2.455
2.459
2.463
2.466
2.468
2.470
2.474
2.480
2.483
2.483
2.488
2.503
2.515
2.515
2.575
2.579
2.586
2.614
2.621
2.633
2.635
2.695
