2.352
2.526
2.785
3.029
3.054
3.135
3.136
3.144
3.147
3.148
3.171
3.187
3.261
3.322
3.331
3.336
3.373
3.378
3.383
3.388
3.394
3.397
3.405
3.431
3.449
3.451
3.458
3.459
3.461
3.467
3.470
3.476
3.506
3.512
3.515
3.522
3.559
3.571
3.587
3.600
3.609
3.612
3.615
3.628
3.631
3.634
3.638
3.639
3.645
3.645
3.650
3.651
3.662
3.662
3.663
3.666
3.668
3.674
3.675
3.679
3.696
3.697
3.718
3.722
3.724
3.727
3.738
3.756
3.764
3.767
3.773
3.783
3.798
3.801
3.821
3.828
3.847
3.848
3.873
3.874
3.892
3.900
3.906
3.913
3.930
3.934
3.944
3.991
4.025
4.033
4.077
4.081
4.090
4.099
4.099
4.115
4.122
4.187
4.276
