0.49275
0.15775
0.359
0.3935
0.54
0.32925
0.34475
0.5355
0.226
0.45275
0.44575
0.38325
0.29875
0.331
0.30175
0.4915
0.20525
0.25025
0.27325
0.288
0.34025
0.1175
0.18025
0.106
0.526
0.33875
0.2685
0.35125
0.204
0.5265
0.135
0.563
0.20575
0.374
0.336
0.27775
0.474
0.4585
0.351
0.47925
0.5405
0.33225
0.3545
0.49875
0.34525
0.39375
0.378
0.462
0.31325
0.271
0.4635
0.449
0.2885
0.401
0.3745
0.2225
0.2535
0.23925
0.384
0.454
0.59275
0.405
0.4625
0.32975
0.3915
0.161
0.297
0.41225
0.2735
0.26175
0.26725
0.32175
0.35825
0.317
0.315
0.31475
0.153
0.4665
0.547
0.18525
0.318
0.4005
0.367
0.356
0.235
0.48375
0.34125
0.50925
0.293
0.34975
0.349
0.2515
0.3985
0.47125
0.318
0.4925
0.116
0.399
0.5065
0.6185
0.35025
0.24775
0.20725
0.13875
0.3445
0.48675
0.28475
0.2995
0.36375
0.22375
0.378
0.3255
0.26825
0.3715
0.42925
0.44975
0.601
0.3015
0.33275
0.47475
0.1825
0.58725
0.305
0.32175
0.51725
0.2065
0.43025
0.246
0.49925
0.42175
0.6245
0.19225
0.08225
0.413
0.421
0.424
0.249
0.3115
0.446
0.408
0.32675
0.23175
0.3275
0.36025
0.45075
0.3325
0.40525
0.2805
0.38525
0.276
0.2955
0.4915
0.36825
0.44
0.494
0.23075
0.3745
0.2795
0.4115
0.3705
0.283
0.4065
0.63075
0.27675
0.4
0.349
0.40225
0.3915
0.4455
0.32275
0.29425
0.251
0.28825
0.1865
0.36825
0.524
0.252
0.1315
0.4795
0.46475
0.41875
0.34575
0.32575
0.34975
0.29225
0.4015
0.36025
0.363
0.3645
0.3545
0.241
0.40375
0.27125
0.315
0.2865
0.50125
0.4395
0.2875
0.41
0.4455
0.31875
0.499
0.377
0.228
0.3565
0.279
0.53575
0.38925
0.24075
0.31075
0.27775
0.2935
0.46525
0.24675
0.25825
0.41675
0.10425
0.35375
0.2895
0.379
0.2685
0.31
0.366
0.258
0.247
0.34925
0.2715
0.289
0.4715
0.43675
0.37025
0.24575
0.3265
0.38175
0.35475
0.4345
0.29725
0.56825
0.26775
0.5225
0.4115
0.4805
0.33475
0.16675
0.326
0.3135
0.41075
0.349
0.255
0.2065
0.347
0.28225
0.43225
0.55975
0.3225
0.334
0.479
0.3085
0.2065
0.2865
0.46725
0.238
0.3035
0.14575
0.511
0.34875
0.4255
0.472
0.28225
0.54025
0.38725
0.189
0.46975
0.313
0.16025
0.245
0.36175
0.30825
0.34725
0.3335
0.206
0.35725
0.33
0.4665
0.19125
0.48875
0.215
0.36175
0.24675
0.45125
0.38225
0.3685
0.42825
0.38775
0.48225
0.3
0.29375
0.324
0.37975
0.36875
0.2265
0.4965
0.4835
0.33225
0.40775
0.25575
0.399
0.43825
0.2195
0.331
0.471
0.49325
0.412
0.17325
0.434
0.3305
0.373
0.17025
0.29325
0.422
0.117
0.5995
0.22
0.37475
0.2785
0.29475
0.21625
0.27175
0.40175
0.28175
0.40275
0.4385
0.287
0.3835
0.23575
0.24875
0.3605
0.2635
0.261
0.3865
0.161
0.24025
0.24025
0.47575
0.2485
0.32225
0.338
0.3085
0.378
0.2205
0.427
0.17875
0.41175
0.24125
0.22
0.468
0.20575
0.59
0.251
0.19225
0.22125
0.302
0.42925
0.47125
0.413
0.3385
0.32025
0.48475
0.26775
0.37975
0.49075
0.4235
0.43125
0.4815
0.32875
0.60475
0.33125
0.43325
0.4595
0.31325
0.28025
0.35925
0.1225
0.38875
0.27425
0.17775
0.42875
0.30175
0.2065
0.337
0.365
0.44925
0.426
0.636
0.32875
0.3415
0.351
0.2205
0.2985
0.36825
0.33875
0.27875
0.0805
0.3295
0.381
0.507
0.42125
0.216
0.02025
0.4865
0.23675
0.23125
0.48975
0.23575
0.4645
0.282
0.3255
0.37925
0.47175
0.407
0.4105
0.43325
0.4385
0.265
0.539
0.376
0.41775
-0.0535
0.33975
0.3955
0.438
0.41
0.55425
0.25475
0.34225
0.16125
0.4005
0.422
0.3745
0.293
0.43575
0.43275
0.2375
0.37575
0.29425
0.28075
0.38
0.3715
0.4295
0.1515
0.428
0.33875
0.24825
0.27175
0.3345
0.427
0.50525
0.396
0.34725
0.4595
0.3055
0.38325
0.5705
0.1375
0.46025
0.493
0.26875
0.46675
0.43725
0.4385
0.54725
0.4075
0.27775
0.30375
0.27675
0.31425
0.144
0.3925
0.20925
0.1595
0.3975
0.41
0.51425
0.372
0.4545
0.3745
0.37775
0.39
0.30325
0.30125
0.26925
0.14025
0.3555
0.4075
0.3345
0.432
0.2935
0.37575
0.33525
0.30125
0.332
0.39375
0.34375
0.3585
0.406
0.394
0.403
0.382
0.33675
0.1225
0.37575
0.33625
0.29325
0.25975
0.36075
0.2745
0.4345
0.52425
0.1965
0.392
0.2415
0.26225
0.27975
0.632
0.4805
0.3985
0.34775
0.3885
0.32825
0.37875
0.37375
0.3765
0.403
0.13525
0.34425
0.50375
0.269
0.4435
0.4415
0.41475
0.34975
0.60425
0.3665
0.37675
0.475
0.384
0.313
0.3275
0.34625
0.3885
0.318
0.158
0.4235
0.518
0.24875
0.2765
0.2925
0.39975
0.31175
0.189
0.4145
0.378
0.3695
0.1725
0.196
0.515
0.46175
0.3215
0.363
0.474
0.42
0.545
0.3735
0.3165
0.291
0.2515
0.3975
0.4145
0.4345
0.29375
0.335
0.37225
0.33875
0.4125
0.37575
0.54875
0.43725
0.3345
0.3345
0.36025
0.56675
0.24075
0.4815
0.337
0.48275
0.448
0.3705
0.21725
0.48225
0.3885
0.40625
0.3805
0.38575
0.3525
0.33225
0.44
0.276
0.3945
0.36025
0.5365
0.38825
0.29675
0.206
0.274
0.45975
0.36275
0.26575
0.487
0.42325
0.46225
0.39825
0.1605
0.47225
0.608
0.3185
0.3885
0.52075
0.4545
0.126
0.1995
0.455
0.4945
0.34825
0.30925
0.305
0.36525
0.4815
0.39325
0.31675
0.45125
0.16875
0.33575
0.36925
0.38325
0.344
0.394
0.36625
0.28975
0.3745
0.51
0.31025
0.3255
0.32175
0.19075
0.32225
0.4485
0.258
0.23225
0.44075
0.3085
0.423
0.49325
0.237
0.3455
0.51125
0.35025
0.17325
0.417
0.35775
0.36525
0.43925
0.337
0.2
0.10775
0.22975
0.45125
0.02425
0.364
0.197
0.33675
0.3935
0.278
0.41675
0.26825
0.42775
0.24075
0.22175
0.2835
0.4955
0.391
0.337
0.239
0.4225
0.35475
0.45
0.13375
0.45025
0.3925
0.326
0.21625
0.37075
0.43425
0.22925
0.268
0.19175
0.36225
0.41
0.38425
0.379
0.425
0.23575
0.40525
0.463
0.3785
0.44375
0.21875
0.53275
0.3205
0.2965
0.29275
0.2925
0.32375
0.425
0.5045
0.49175
0.386
0.24425
0.2235
0.30825
0.26525
0.59225
0.27575
0.341
0.436
0.33925
0.4185
0.3645
0.4185
0.16675
0.29625
0.4125
0.538
0.30275
0.232
0.4135
0.358
0.55725
0.3305
0.329
0.28975
0.258
0.4645
0.30825
0.28625
0.4755
0.15025
0.1545
0.57125
0.20575
0.3575
0.40375
0.2125
0.56175
0.4165
0.533
0.241
0.28825
0.37175
0.3695
0.402
0.1565
0.249
0.3385
0.34125
0.35475
0.407
0.549
0.31925
0.305
0.2645
0.3775
0.20175
0.46275
0.245
0.3695
0.42625
0.3335
0.47875
0.45575
0.3195
0.33475
0.37475
0.33325
0.34125
0.38375
0.1965
0.5165
0.3155
0.305
0.43025
0.551
0.29
0.429
0.37675
0.1155
0.42075
0.55875
0.38725
0.348
0.5075
0.36575
0.39775
0.3605
0.60475
0.47225
0.40675
0.5355
0.424
0.49525
0.396
0.385
0.457
0.57675
0.407
0.48175
0.51825
0.4235
0.23075
0.3265
0.2355
0.481
0.40075
0.40575
0.21575
0.45375
0.30625
0.42025
0.27625
0.488
0.2815
0.59
0.23275
0.404
0.171
0.378
0.3615
0.48275
0.3745
0.44925
0.322
0.44025
0.28875
0.08875
0.29425
0.1405
0.33925
0.09425
0.345
0.2035
0.39075
0.29725
0.28975
0.4265
0.38675
0.358
0.46425
0.30325
0.45875
0.3915
0.36475
0.1725
0.42025
0.36975
0.379
0.47275
0.4235
0.555
0.086
0.25925
0.1045
0.5115
0.38125
0.301
0.31075
0.227
0.29775
0.3025
0.27925
0.3125
0.48725
0.2695
0.35475
0.283
0.418
0.276
0.575
0.38075
0.24825
0.51275
0.363
0.33275
0.38625
0.29175
0.15025
0.29275
0.3005
0.496
0.385
0.3645
0.24625
0.416
0.2805
0.409
0.434
0.40425
0.23675
0.193
0.511
0.37525
0.24775
0.49
0.2
0.2205
0.3265
0.3285
0.215
0.418
0.36575
0.4185
0.4705
0.2205
0.39675
0.28975
0.3055
0.3535
0.21125
0.16025
0.435
0.442
0.37925
0.2265
0.3955
0.306
0.2225
0.3535
0.16
0.3395
0.2475
0.26275
0.2745
0.4615
0.588
0.15025
0.42375
0.2465
0.437
0.50575
0.525
0.3895
0.29725
0.50025
0.43925
0.396
0.3695
0.12775
0.52875
0.2695
0.354
0.4185
0.34025
0.45925
0.421
0.4305
0.25875
0.59275
0.55325
0.37775
0.3035
0.373
0.0975
0.60175
0.326
0.209
0.38675
0.4005
0.39075
0.1515
0.22625
0.48475
0.61175
0.505
0.36
0.2745
0.42125
0.5445
0.26875
0.43075
0.25725
0.36775
0.4705
0.28275
0.28425
0.16375
0.2365
0.1045
0.37675
0.33175
0.42675
0.23225
0.13825
0.387
0.48725
0.3875
0.452
0.22425
0.45475
0.547
0.372
0.30075
0.3055
0.2785
0.36775
0.4655
0.47625
0.28
0.4835
0.348
0.2325
0.4675
0.1995
0.4215
0.183
0.28175
0.1655
0.5205
0.41225
0.28175
0.38225
0.063
0.31225
0.399
0.296
0.36325
0.41075
0.30175
0.415
0.2945
0.319
0.56875
0.25775
0.19325
0.49775
0.09275
0.46075
0.1425
0.4465
0.516
0.06675
0.11825
0.387
0.294
0.42125
0.4845
0.30525
0.293
0.19125
0.23175
0.3195
0.51775
0.51325
0.28775
0.3505
0.43975
0.38475
0.44725
0.2855
0.41975
0.37675
0.37
0.4395
0.275
0.373
0.26325
0.36625
0.4785
0.37675
0.27825
0.13675
0.407
0.3135
0.22075
0.33675
0.249
0.18525
0.38775
0.12725
0.33125
0.315
0.32075
0.40475
0.54475
0.53375
0.4185
0.3765
0.34925
0.16475
0.4105
0.29975
0.2965
0.23025
0.2465
0.445
0.27825
0.33625
0.38475
0.25375
0.28225
0.178
0.531
0.43675
0.19225
0.56775
0.3815
0.37675
0.34825
0.50375
0.245
0.349
0.3195
0.38375
0.309
0.2175
0.222
0.3505
0.38925
0.08125
0.4445
0.33425
0.423
0.36825
0.41725
0.23825
0.2855
0.303
0.35
0.2875
0.18225
0.134
0.5145
0.52775
0.2615
0.4135
0.24825
0.62825
0.30025
0.141
0.2815
0.4295
0.47225
0.18725
0.452
0.568
0.344
0.372
0.484
0.37725
0.32725
0.35425
0.39475
0.194
0.117
0.49025
0.282
0.3175
0.2215
0.36825
0.394
0.161
0.13625
0.3995
0.4875
0.348
0.284
0.30225
0.50775
0.38175
0.25125
0.30675
0.16925
0.51225
0.444
0.49675
0.5375
0.38325
0.24625
0.2955
0.40325
0.38725
0.371
0.33
0.35375
0.26375
0.19975
0.4835
0.406
0.48825
0.35225
0.1865
0.26575
0.493
0.367
0.4575
0.31375
0.31325
0.3815
0.248
0.3305
0.26725
0.36175
0.31875
0.358
0.43525
0.4415
0.35825
0.22975
0.2455
0.34825
0.408
0.3155
0.264
0.36975
0.484
0.43325
0.06325
0.3505
0.25875
0.2735
0.43425
0.2815
0.45325
0.49
0.25
0.39525
0.43625
0.28425
0.3395
0.35625
0.2495
0.3715
0.2945
0.3205
0.2845
0.347
0.35875
0.256
0.43225
0.4525
0.272
0.25025
0.2585
0.3065
0.362
0.37775
0.20025
0.225
0.2975
0.31675
0.26625
0.3025
0.14825
0.30125
0.38225
0.4835
0.141
0.31
0.36175
0.3
0.3555
0.28925
0.365
0.281
0.072
0.44575
0.328
0.331
0.4285
0.29575
0.38325
0.238
0.3235
0.3935
0.3405
0.34275
0.46
0.48025
0.46575
0.35025
0.33375
0.36375
0.13225
0.34775
0.27425
0.28
0.43275
0.355
0.2635
0.22725
0.426
0.3245
0.37125
0.3605
0.43525
0.22
0.2375
0.252
0.19525
0.38625
0.39525
0.36425
0.46275
0.295
0.39975
0.27375
0.39025
0.43175
0.27575
0.2725
0.18
0.26475
0.309
0.359
0.20025
0.41925
0.1955
0.4505
0.2925
0.17025
0.2585
0.33225
0.47825
0.3555
0.38275
0.26
0.22025
0.2125
0.3065
0.526
0.381
0.224
0.30675
0.394
0.2035
0.48375
0.16575
0.262
0.43475
0.38525
0.2805
0.2885
0.33975
0.37125
0.15025
0.57325
0.46525
0.479
0.454
0.4905
0.33075
0.53275
0.23575
0.30575
0.39475
0.35625
0.3605
0.2885
0.1675
0.44625
0.18275
0.28475
0.28525
0.31825
0.3775
0.382
0.3235
0.39725
0.36325
0.2645
0.324
0.4035
0.35725
0.3625
0.4195
0.23625
0.40975
0.1995
0.24775
0.464
0.45
0.46675
0.2685
0.20025
0.21925
0.1595
0.23775
0.29225
0.224
0.42175
0.409
0.4005
0.17625
0.16625
0.2455
0.211
0.21375
0.47425
0.294
0.38125
0.624
0.577
0.137
0.446
0.462
0.45075
0.29825
0.37925
0.17775
0.3415
0.284
0.223
0.30425
0.5375
0.4595
0.53725
0.31475
0.44875
0.4105
0.3645
0.32325
0.21225
0.18425
0.5475
0.197
0.42175
0.335
0.3805
0.3615
0.46275
0.29575
0.39225
0.183
0.3325
0.3125
0.276
0.4595
0.36075
0.3055
0.309
0.44725
0.37175
0.26675
0.17925
0.25325
0.2795
0.47875
0.36675
0.4525
0.3415
0.495
0.3805
0.42325
0.3425
0.43225
0.34575
0.37075
0.28875
0.25625
0.3345
0.4105
0.26225
0.41675
0.40675
0.3155
0.23225
0.47825
0.26875
0.35025
0.50925
0.23475
0.23775
0.3745
0.54525
0.26025
0.31675
0.369
0.27575
0.36575
0.465
0.45125
0.39675
0.28075
0.4175
0.56425
0.24225
0.464
0.38375
0.404
0.2835
