0.20827
0.19341
0.16433
0.37606
0.31353
0.39653
0.16939
0.29224
0.27586
0.28827
0.26565
0.29661
0.4292
0.34076
0.39
0.27459
0.24555
0.36022
0.29624
0.27137
0.26527
0.38947
0.29824
0.22073
0.38361
0.22012
0.36708
0.22188
0.3081
0.3018
0.19216
0.40129
0.26227
0.1939
0.22676
0.32831
0.19027
0.19159
0.255
0.35745
0.28422
0.42133
0.23398
0.31608
0.23376
0.34761
0.33131
0.25153
0.28173
0.23369
0.24608
0.32665
0.19065
0.38906
0.30649
0.20965
0.21853
0.072898
0.33892
0.23304
0.54418
0.29535
0.28647
0.23696
0.26755
0.24586
0.51431
0.23818
0.27884
0.30837
0.20986
0.20482
0.26796
0.33157
0.29353
0.28463
0.10133
0.23241
0.40253
0.4969
0.38798
0.22614
0.19139
0.23104
0.30663
0.23933
0.17982
0.39288
0.22704
0.26198
0.32571
0.33308
0.24582
0.15257
0.36204
0.2279
0.2542
0.33327
0.1982
0.24596
0.32459
0.18851
0.32061
0.20335
0.219
0.16463
0.22227
0.30853
0.34255
0.25302
0.24745
0.2171
0.26988
0.32612
0.25239
0.28924
0.23778
0.33863
0.26865
0.25145
0.30102
0.41153
0.21708
0.16259
0.27682
0.40994
0.27492
0.24953
0.28567
0.21949
0.3948
0.23018
0.19451
0.2602
0.14502
0.42104
0.36418
0.27771
0.29655
0.37204
0.19847
0.53667
0.38461
0.21847
0.23324
0.24359
0.22447
0.35753
0.22312
0.39643
0.25908
0.24137
0.38178
0.35231
0.30047
0.31057
0.21086
0.29165
0.3442
0.1518
0.30673
0.22471
0.30367
0.36051
0.22651
0.33998
0.21304
0.21098
0.32261
0.24578
0.28031
0.29549
0.19984
0.24269
0.26157
0.44
0.14624
0.23512
0.3349
0.42759
0.29449
0.29604
0.27578
0.35347
0.30233
0.29194
0.24567
0.27831
0.18788
0.29129
0.16318
0.31835
0.25955
0.23365
0.23641
0.22012
0.22686
0.13039
0.51245
0.41071
0.33906
0.25398
0.2499
0.42314
0.28731
0.25153
0.40433
0.18318
0.27124
0.34939
0.26882
0.31573
0.33804
0.18349
0.31212
0.19706
0.21635
0.26384
0.23035
0.33327
0.19586
0.27269
0.23973
0.19582
0.29776
0.32353
0.34541
0.26845
0.40569
0.30729
0.45324
0.34457
0.27241
0.27647
0.34857
0.24906
0.37259
0.32088
0.22427
0.36139
0.40812
0.18245
0.23096
0.19939
0.31947
0.50765
0.22694
0.34337
0.37427
0.28904
0.28239
0.30769
0.2632
0.23033
0.28757
0.20971
0.34247
0.45867
0.22722
0.27604
0.34251
0.131
0.22014
0.27031
0.32355
0.25382
0.25288
0.47451
0.29008
0.33376
0.5341
0.20278
0.22065
0.38702
0.38092
0.2028
0.21129
0.38912
0.343
0.20445
0.28302
0.35788
0.34716
0.39455
0.30539
0.17139
0.39976
0.3701
0.28671
0.41196
0.23469
0.27806
0.22141
0.27971
0.30316
0.27594
0.30498
0.3308
0.13059
0.23467
0.094551
0.29547
0.22843
0.34516
0.22969
0.13039
0.2372
0.1889
0.36976
0.33769
0.35492
0.27737
0.17869
0.16927
0.29722
0.38551
0.30547
0.29455
0.24939
0.30861
0.2689
0.25116
0.13733
0.27371
0.31882
0.39933
0.22406
0.31508
0.31661
0.16539
0.36069
0.33047
0.25516
0.28894
0.18912
0.14822
0.44914
0.24727
0.29853
0.20906
0.18053
0.15804
0.27427
0.35102
0.28082
0.28392
0.24055
0.16463
0.37959
0.32267
0.23039
0.18204
0.37655
0.20765
0.41249
0.31582
0.25637
0.63531
0.35535
0.35818
0.34271
0.37863
0.28953
0.38463
0.31298
0.40196
0.27798
0.32131
0.29865
0.27947
0.11912
0.23706
0.50863
0.3728
0.18831
0.32257
0.1971
0.28863
0.273
0.27578
0.31351
0.42639
0.25306
0.27018
0.40316
0.22655
0.18829
0.23078
0.33973
0.23996
0.37159
0.3299
0.25439
0.24433
0.25447
0.3588
0.20622
0.33659
0.45002
0.25908
0.26914
0.34773
0.27565
0.2681
0.26049
0.30976
0.23847
0.39804
0.15059
0.3582
0.14406
0.48224
0.18818
0.23853
0.22878
0.35443
0.27488
0.3282
0.28969
0.33431
0.33906
0.31531
0.29902
0.23637
0.274
0.30163
0.30518
0.19761
0.45057
0.30769
0.31169
0.28653
0.26467
0.14945
0.20078
0.21249
0.22414
0.25094
0.26616
0.38267
0.41459
0.36294
0.39047
0.25171
0.23659
0.33216
0.35116
0.19296
0.27747
0.20035
0.22069
0.38153
0.17869
0.28412
0.31135
0.3862
0.17706
0.27733
0.45765
0.29139
0.1519
0.19943
0.28516
0.20347
0.25678
0.27361
0.2028
0.32741
0.33596
0.30535
0.21235
0.40522
0.30335
0.31245
0.22002
0.24031
0.18076
0.60265
0.29165
0.21563
0.26804
0.2481
0.37453
0.23935
0.3619
0.28449
0.21412
0.25545
0.33459
0.20006
0.30733
0.22671
0.21824
0.34231
0.32751
0.27524
0.22384
0.26184
0.32569
0.10716
0.33914
0.22035
0.32706
0.22847
0.27414
0.24751
0.28763
0.28102
0.22802
0.33231
0.24424
0.21192
0.27814
0.26361
0.37886
0.33576
0.33902
0.26976
0.22949
0.27843
0.18931
0.3192
0.27702
0.29465
0.41231
0.33286
0.32014
0.28847
0.38563
0.33692
0.39812
0.26114
0.22651
0.21
0.18194
0.33396
0.49522
0.24527
0.35329
0.36676
0.24031
0.17763
0.282
0.27508
0.34361
0.21363
0.2652
0.61612
0.29255
0.19735
0.43233
0.17592
0.53535
0.21596
0.34884
0.24153
0.28908
0.38769
0.24186
0.35461
0.29555
0.21359
0.31765
0.16708
0.35643
0.26849
0.28163
0.34567
0.2579
0.46773
0.26469
0.18406
0.41453
0.21802
0.44492
0.2531
0.24957
0.3661
0.374
0.33282
0.3559
0.38873
0.34102
0.28416
0.38569
0.21827
0.40308
0.24784
0.34347
0.26994
0.24976
0.26406
0.42404
0.375
0.38486
0.23602
0.39171
0.4522
0.41816
0.2732
0.30918
0.27459
0.25712
0.25251
0.34782
0.26571
0.21971
0.21712
0.24778
0.2642
0.22331
0.17551
0.27041
0.3769
0.23006
0.37835
0.22086
0.28424
0.19116
0.31055
0.31641
0.46308
0.24024
0.29502
0.20127
0.45937
0.32555
0.29306
0.35351
0.26559
0.19671
0.2301
0.23957
0.25614
0.3952
0.10786
0.1929
0.19141
0.31735
0.23496
0.31704
0.19451
0.33122
0.44384
0.24602
0.29522
0.23261
0.26545
0.20494
0.24602
0.29514
0.28259
0.36069
0.41835
0.22022
0.21124
0.19788
0.28661
0.22755
0.39865
0.32604
0.31769
0.30057
0.40651
0.22755
0.35398
0.25898
0.13929
0.40771
0.34551
0.32137
0.23867
0.18504
0.38414
0.29329
0.30494
0.10014
0.41108
0.2479
0.33469
0.46414
0.38573
0.32382
0.38665
0.31576
0.18184
0.22665
0.34949
0.29984
0.38259
0.24086
0.43086
0.25861
0.27759
0.30618
0.22404
0.34708
0.32912
0.29004
0.206
0.12098
0.37559
0.16445
0.15188
0.42741
0.35294
0.2278
0.31618
0.16329
0.25294
0.29249
0.24343
0.28527
0.32873
0.36406
0.27006
0.34524
0.28345
0.24698
0.17337
0.34243
0.36682
0.33788
0.25363
0.448
0.34747
0.26104
0.40484
0.35569
0.36906
0.27867
0.24622
0.24092
0.21282
0.20667
0.26437
0.2362
0.2099
0.42433
0.21055
0.26339
0.25127
0.37182
0.33255
0.29827
0.34139
0.45516
0.36376
0.26814
0.24698
0.25882
0.35633
0.26067
0.2182
0.32076
0.36559
0.37712
0.38698
0.25604
0.34108
0.29812
0.25073
0.40437
0.41347
0.26076
0.27071
0.28078
0.40357
0.30769
0.16418
0.31157
0.23771
0.4172
0.36202
0.23798
0.26363
0.28361
0.31724
0.34829
0.29245
0.28722
0.30916
0.3292
0.24294
0.16676
0.38463
0.32231
0.35716
0.29939
0.32412
0.18129
0.3771
0.53196
0.39055
0.30569
0.22543
0.29406
0.26963
0.21271
0.4231
0.29545
0.45304
0.31171
0.20904
0.45704
0.35182
0.29429
0.22369
0.42969
0.27161
0.22349
0.39753
0.37873
0.40716
0.41222
0.28731
0.32294
0.37884
0.34402
0.37878
0.31784
0.46018
0.33849
0.29771
0.37557
0.21759
0.36206
0.25804
0.26639
0.39708
0.32378
0.32965
0.20333
0.31243
0.22035
0.33724
0.23882
0.28304
0.28476
0.39733
0.24463
0.17676
0.38576
0.25047
0.30549
0.2339
0.31171
0.21096
0.28961
0.28639
0.35008
0.32218
0.36002
0.21949
0.36637
0.31937
0.38157
0.37804
0.40082
0.29031
0.39147
0.38531
0.19596
0.48969
0.20745
0.3369
0.28133
0.36884
0.33622
0.3071
0.4061
0.17176
0.44365
0.16165
0.33173
0.24394
0.40606
0.19031
0.361
0.36953
0.29884
0.28729
0.28927
0.37459
0.18945
0.32961
0.25076
0.3459
0.26957
0.34192
0.1958
0.28849
0.56355
0.26651
0.41286
0.44241
0.32882
0.16847
0.38955
0.27878
0.282
0.31178
0.30292
0.56124
0.45416
0.14457
0.27388
0.3132
0.26716
0.23096
0.31206
0.50371
0.22298
0.29224
0.19778
0.34955
0.2418
0.24249
0.31427
0.37031
0.25941
0.251
0.21504
0.33571
0.2561
0.28984
0.31222
0.16782
0.36557
0.2539
0.2842
0.21167
0.21929
0.22302
0.21516
0.30463
0.49073
0.33392
0.34892
0.259
0.3711
0.41986
0.42794
0.17559
0.23935
0.13376
0.26267
0.19469
0.23504
0.38812
0.3201
0.2679
0.27447
0.28716
0.31316
0.20531
0.37349
0.21755
0.22902
0.28637
0.27863
0.19816
0.25233
0.23769
0.14494
0.2261
0.3099
0.16371
0.37371
0.28051
0.31641
0.30857
0.43869
0.32859
0.29055
0.29896
0.61345
0.28467
0.23753
0.3752
0.247
0.25329
0.36394
0.26353
0.30259
0.35402
0.27498
0.21896
0.23231
0.22727
0.38422
0.25547
0.2259
0.1851
0.25567
0.43543
0.25394
0.20135
0.2778
0.22412
0.27247
0.21643
0.16024
0.36392
0.27357
0.14457
0.26112
0.26267
0.2742
0.43241
0.29308
0.2329
0.21461
0.24586
0.28867
0.32759
0.23867
0.24922
0.24418
0.42755
0.33553
0.39255
0.16665
0.24055
0.22894
0.27135
0.2632
0.38157
0.28359
0.26547
0.26584
0.29663
0.33259
0.43351
0.24355
0.21704
0.38059
0.28414
0.2971
0.15514
0.35265
0.21049
0.31365
0.41498
0.27298
0.24124
0.33318
0.22541
0.31241
0.17802
0.15153
0.26369
0.22806
0.36494
0.33596
0.31357
0.31655
0.37047
0.21867
0.20378
0.31694
0.26024
0.2421
0.30176
0.22898
0.25851
0.32318
0.25951
0.32584
0.36312
0.20845
0.25008
0.39453
0.22959
0.23292
0.14331
0.37702
0.23029
0.15651
0.24814
0.288
0.20543
0.20878
0.20535
0.33063
0.23976
0.2138
0.17882
0.25822
0.26016
0.319
0.18184
0.24178
0.23906
0.32516
0.52616
0.1168
0.40343
0.21333
0.36771
0.19694
0.40288
0.28167
0.22812
0.25602
0.1969
0.24651
0.1741
0.26961
0.2242
0.29731
0.27257
0.31767
0.29067
0.33163
0.31933
0.23694
0.26818
0.18618
0.208
0.30427
0.25214
0.20767
0.2772
0.21263
0.37494
0.12773
0.27237
0.25778
0.33937
0.30722
0.20327
0.3218
0.24053
0.27396
0.34118
0.2472
0.23782
0.20233
0.17529
0.31276
0.13027
0.35955
0.32459
0.33792
0.19571
0.22829
0.36212
0.31408
0.23482
0.29969
0.24727
0.34906
0.29233
0.29669
0.36712
0.28153
0.36253
0.21186
0.23029
0.25318
0.27859
0.33345
0.24698
0.33039
0.21904
0.32039
0.24951
0.4938
0.2338
0.23055
0.38351
0.20378
0.17812
0.23569
0.36473
0.34639
0.20424
0.11716
0.20139
0.15829
0.23996
0.28022
0.21278
0.11873
0.4158
0.53773
0.36318
0.46767
0.29459
0.32643
0.35165
0.21637
0.27798
0.17912
0.3378
0.24539
0.30543
0.2159
0.25959
0.26824
0.30112
0.27869
0.1829
0.3598
0.24737
0.22092
0.15863
0.26155
0.25696
0.39186
0.45831
0.28927
0.26898
0.28539
0.53529
0.37276
0.52949
0.20733
0.51086
0.22102
0.23496
0.19637
0.26812
0.38373
0.20051
0.26237
0.23016
0.2891
0.22245
0.36433
0.42565
0.31573
0.17082
0.16582
0.33753
0.31786
0.16931
0.28614
0.34161
0.19604
0.24233
0.37086
0.30084
0.34886
0.20984
0.24939
0.2009
0.30314
0.26331
0.22708
0.38647
0.17488
0.27884
0.20955
0.26712
0.30894
0.32945
0.31667
0.28102
0.21135
0.36847
0.24524
0.37345
0.29316
0.19735
0.13618
0.25794
0.21408
0.19698
0.30561
0.26163
0.29253
0.28251
0.39363
0.30084
0.097878
0.27755
0.1871
0.31424
0.35945
0.31735
0.20698
0.24802
0.27041
0.25771
0.38135
0.40347
0.34408
0.2571
0.35616
0.23331
0.2581
0.42518
0.32188
0.34645
0.2038
0.24571
0.30184
0.26627
0.19412
0.38745
0.30416
0.37102
0.45235
0.23902
0.16271
0.14535
0.22184
0.23408
0.23978
0.2722
0.20576
0.21782
0.23304
0.27641
0.2821
0.25257
0.3598
0.25118
0.39006
0.33282
0.20302
0.47606
0.25241
0.42655
0.31563
0.23365
0.37753
0.23588
0.28149
0.21922
0.24029
0.25524
0.34929
0.24588
0.33931
0.24306
0.47849
0.34467
0.30253
0.20931
0.33133
0.25008
0.32788
0.24035
0.30657
0.15316
0.32849
0.24822
0.24102
0.40414
0.3722
0.34133
0.15518
0.40986
0.26063
0.22412
0.31718
0.22071
0.34241
0.24251
0.2389
0.39757
0.48627
0.27612
0.61118
0.30588
0.257
0.20118
0.24149
0.24437
0.36459
0.20476
0.27582
0.409
0.22269
0.2448
0.32982
0.19065
0.134
0.28073
0.37112
0.2878
0.27788
0.40843
0.28537
0.36494
0.23712
0.28276
0.40135
0.21151
0.247
0.3398
0.23129
0.19245
0.2442
0.23008
0.33733
0.59527
0.31122
0.16039
0.19959
0.4299
0.25343
0.32857
0.39631
0.22749
0.394
0.26392
0.30778
0.23806
0.24751
0.31029
0.35163
0.27163
0.36008
0.17704
0.33659
0.26155
0.29496
0.25792
0.25263
0.2831
0.19059
0.25061
0.26986
0.21639
0.22282
0.29612
0.20494
0.25388
0.28949
0.27214
0.33139
0.19822
0.31863
0.38224
0.32022
0.2491
0.25437
0.25608
0.38931
0.26051
0.22316
0.24043
0.37547
0.3468
0.10939
0.27384
0.4192
0.29637
0.27843
0.39031
0.40139
0.28345
0.39786
0.3529
0.25747
0.40898
0.1199
0.1569
0.27949
0.33459
0.36302
0.40222
0.21769
0.31169
0.26724
0.26673
0.30737
0.37967
0.36769
0.2109
0.33727
0.26137
0.25239
0.25229
0.18006
0.30998
0.23173
0.26459
0.13873
0.27778
0.27727
0.22016
0.33727
0.34229
0.31753
0.32027
0.23855
0.22682
0.20924
0.33143
0.21447
0.17976
0.19692
0.32188
0.25443
0.14031
0.32943
0.32735
0.33088
0.19733
0.31714
0.35869
0.27951
