0.3622
0.36944
0.44964
0.37324
0.48108
0.40556
0.4558
0.501
0.54188
0.65488
0.38008
0.49408
0.62968
0.53848
0.60188
0.49572
0.43008
0.32428
0.42424
0.3852
0.4978
0.58648
0.45176
0.34324
0.6664
0.50448
0.57616
0.5666
0.56312
0.31424
0.37232
0.50388
0.5208
0.3912
0.36412
0.36428
0.5318
0.49372
0.53328
0.49968
0.30192
0.62688
0.47428
0.59112
0.45216
0.38164
0.60216
0.58268
0.4686
0.54408
0.36612
0.55876
0.68988
0.5884
0.52128
0.51612
0.44688
0.59568
0.41252
0.42276
0.53888
0.4736
0.38024
0.52744
0.57304
0.47248
0.44096
0.38716
0.51636
0.5226
0.48588
0.44324
0.47868
0.61168
0.45384
0.56552
0.32052
0.51008
0.5948
0.6086
0.48496
0.66108
0.61884
0.4218
0.63124
0.66024
0.46972
0.54084
0.56668
0.52864
0.6224
0.4868
0.58864
0.36884
0.46092
0.35992
0.36552
0.59012
0.54712
0.57752
0.43512
0.45404
0.50388
0.36444
0.4318
0.43848
0.36004
0.47052
0.64448
0.36836
0.44912
0.35972
0.50044
0.49384
0.58868
0.51012
0.58364
0.65164
0.49996
0.31796
0.4688
0.47092
0.472
0.34892
0.44484
0.71668
0.4872
0.41972
0.35704
0.245
0.53588
0.34288
0.23328
0.40264
0.50696
0.67332
0.65892
0.28304
0.54716
0.56336
0.49856
0.57036
0.55344
0.45424
0.47032
0.42
0.52372
0.25016
0.33612
0.58944
0.47628
0.46876
0.66412
0.60236
0.3996
0.4804
0.2544
0.5246
0.40364
0.40568
0.4092
0.40868
0.3956
0.39204
0.46872
0.60536
0.4488
0.29836
0.43712
0.47368
0.40368
0.5992
0.40624
0.24628
0.47416
0.47464
0.37264
0.34708
0.44816
0.477
0.4992
0.56592
0.41252
0.4512
0.32588
0.365
0.65444
0.29768
0.29256
0.40288
0.16108
0.41928
0.3128
0.38708
0.44268
0.4616
0.28744
0.31324
0.58568
0.59528
0.62496
0.47352
0.5136
0.5886
0.43804
0.63196
0.66276
0.3722
0.39964
0.66232
0.45616
0.38948
0.59
0.33464
0.34076
0.44704
0.47952
0.36764
0.37716
0.49276
0.41228
0.67524
0.51544
0.5156
0.36768
0.43668
0.33568
0.51736
0.51488
0.65652
0.57552
0.52328
0.62272
0.43604
0.67104
0.17188
0.55272
0.46612
0.38492
0.5214
0.61508
0.51472
0.72888
0.3788
0.5554
0.80096
0.4168
0.61844
0.588
0.32252
0.39256
0.36248
0.48152
0.48444
0.39652
0.484
0.52716
0.42552
0.4724
0.6422
0.528
0.39316
0.50052
0.515
0.7348
0.31792
0.5186
0.5342
0.48968
0.43208
0.36
0.4342
0.5474
0.66004
0.61804
0.33772
0.49388
0.48896
0.51208
0.24832
0.43936
0.55148
0.51584
0.48568
0.49036
0.46708
0.538
0.47012
0.48252
0.60804
0.5382
0.44692
0.50928
0.46764
0.39044
0.6278
0.3082
0.41088
0.39588
0.59352
0.23228
0.43384
0.44064
0.52108
0.26956
0.46712
0.66252
0.48736
0.20508
0.53564
0.51624
0.4094
0.36928
0.29672
0.52204
0.59228
0.63108
0.44168
0.4048
0.83468
0.20116
0.62292
0.3342
0.45356
0.53188
0.47848
0.58592
0.38832
0.41908
0.43172
0.5084
0.61468
0.40328
0.59252
0.35428
0.32276
0.63748
0.62088
0.45468
0.3084
0.47464
0.19328
0.80452
0.39852
0.45952
0.618
0.38624
0.34992
0.53316
0.36212
0.4656
0.42396
0.58888
0.30632
0.45224
0.45804
0.08016
0.68728
0.55684
0.40376
0.54748
0.53152
0.43552
0.48224
0.38488
0.5302
0.45832
0.5176
0.56228
0.39392
0.4344
0.59684
0.63284
0.6014
0.23832
0.64716
0.47008
0.44468
0.68516
0.46688
0.44944
0.36148
0.48624
0.26108
0.46344
0.43612
0.33996
0.5566
0.59152
0.50024
0.5924
0.53992
0.32304
0.50028
0.44032
0.50136
0.55504
0.44204
0.54848
0.43632
0.52064
0.62876
0.42708
0.42604
0.49364
0.3466
0.31412
0.44764
0.57372
0.59216
0.33108
0.56404
0.4318
0.54176
0.51608
0.38
0.35224
0.50248
0.61148
0.39924
0.51696
0.5372
0.51704
0.5808
0.37304
0.3252
0.57188
0.24088
0.6222
0.69532
0.675
0.51216
0.39396
0.33576
0.53556
0.4552
0.54784
0.53056
0.51556
0.6628
0.7572
0.45816
0.38132
0.48444
0.43388
0.53792
0.3638
0.49032
0.32616
0.45884
0.47956
0.278
0.31668
0.53972
0.5248
0.48624
0.39672
0.39024
0.44292
0.57124
0.385
0.52184
0.55068
0.26308
0.52224
0.69844
0.43812
0.55404
0.47392
0.43484
0.58172
0.59348
0.54364
0.51104
0.43188
0.43452
0.45484
0.48552
0.6352
0.41588
0.44452
0.4392
0.55892
0.29076
0.40136
0.4894
0.51184
0.62292
0.51564
0.49456
0.50816
0.45928
0.69852
0.43944
0.5688
0.34448
0.40728
0.55484
0.56332
0.366
0.4262
0.53396
0.36288
0.55276
0.38976
0.27208
0.63648
0.67172
0.4358
0.81592
0.60872
0.40232
0.5292
0.40552
0.34096
0.522
0.48932
0.47992
0.53116
0.33368
0.34036
0.50812
0.51496
0.59072
0.44032
0.33044
0.5364
0.56432
0.4882
0.68008
0.458
0.25256
0.3708
0.4504
0.46852
0.42628
0.617
0.55456
0.57504
0.57968
0.34404
0.48784
0.62356
0.62744
0.63908
0.34324
0.38848
0.70472
0.37516
0.8016
0.59464
0.2982
0.67008
0.48488
0.28788
0.3252
0.53228
0.45988
0.51584
0.71372
0.42108
0.5162
0.49456
0.47168
0.5602
0.46472
0.5276
0.61148
0.57964
0.544
0.47808
0.64964
0.3514
0.35708
0.59572
0.46264
0.42464
0.3494
0.466
0.53364
0.4902
0.38728
0.47308
0.48456
0.49312
0.40128
0.48272
0.43888
0.46024
0.41092
0.41468
0.35464
0.47884
0.55468
0.45336
0.43028
0.6424
0.4074
0.28892
0.44416
0.47452
0.60788
0.46256
0.47928
0.549
0.67216
0.69248
0.54424
0.37296
0.44372
0.42196
0.3622
0.30904
0.633
0.64956
0.3638
0.36084
0.60636
0.42716
0.4448
0.4222
0.40024
0.40548
0.42568
0.41028
0.50964
0.57592
0.37152
0.4002
0.50636
0.394
0.3624
0.55056
0.62328
0.33788
0.18536
0.38248
0.40324
0.51028
0.54684
0.4632
0.43192
0.3948
0.57096
0.35924
0.52424
0.40692
0.608
0.41048
0.47032
0.44624
0.53932
0.59332
0.40956
0.47084
0.47908
0.365
0.3724
0.37868
0.53772
0.38632
0.52664
0.37992
0.47152
0.33104
0.64952
0.60364
0.67632
0.58812
0.70772
0.53472
0.4046
0.43028
0.36708
0.55964
0.51468
0.30588
0.5514
0.44876
0.5972
0.65916
0.42648
0.54488
0.50692
0.54992
0.30412
0.4074
0.67624
0.46132
0.58672
0.582
0.50704
0.44816
0.5334
0.40092
0.35388
0.52584
0.56756
0.44108
0.29752
0.54488
0.42952
0.33836
0.32776
0.46564
0.42112
0.39104
0.45584
0.71744
0.69356
0.46232
0.5216
0.33944
0.48692
0.4852
0.61544
0.65912
0.5604
0.5258
0.41756
0.46944
0.67072
0.48368
0.41012
0.58572
0.43192
0.4176
0.45076
0.58752
0.43776
0.5274
0.59276
0.48884
0.3636
0.30392
0.44336
0.43628
0.44588
0.41072
0.52972
0.5988
0.37704
0.44912
0.29044
0.64556
0.6154
0.54604
0.64536
0.66364
0.49784
0.55224
0.63032
0.24512
0.39928
0.5092
0.3706
0.56232
0.69072
0.31776
0.7446
0.40584
0.31484
0.64892
0.43912
0.53156
0.53984
0.54648
0.51608
0.4474
0.39284
0.4264
0.3558
0.43
0.43944
0.48724
0.4174
0.5512
0.45968
0.72904
0.5512
0.37232
0.5852
0.37468
0.30696
0.48364
0.53524
0.49588
0.44064
0.38528
0.41248
0.46304
0.63412
0.65812
0.5452
0.42424
0.26208
0.41244
0.45616
0.23528
0.49244
0.6238
0.5564
0.6014
0.3956
0.54336
0.6342
0.50336
0.48952
0.39772
0.39272
0.41324
0.4824
0.47356
0.42864
0.43956
0.53636
0.51364
0.54732
0.46812
0.518
0.44956
0.6072
0.3924
0.51072
0.55712
0.3982
0.55464
0.36492
0.45672
0.36188
0.43264
0.63272
0.46996
0.42384
0.47584
0.64216
0.33508
0.41148
0.59692
0.49424
0.45432
0.4986
0.56788
0.3292
0.43984
0.34312
0.45964
0.2632
0.52116
0.51888
0.39432
0.51828
0.63856
0.40588
0.5126
0.32356
0.4596
0.43084
0.45216
0.47528
0.49932
0.46612
0.52476
0.75076
0.60144
0.44008
0.53556
0.40808
0.58172
0.4476
0.60556
0.59928
0.51288
0.29364
0.46788
0.2588
0.4256
0.44388
0.46808
0.54376
0.35964
0.4682
0.54892
0.57712
0.55624
0.3668
0.55876
0.54576
0.47532
0.5544
0.4484
0.29716
0.83668
0.47412
0.62012
0.53412
0.36236
0.43232
0.62756
0.3994
0.46632
0.39936
0.50388
0.53344
0.60004
0.36188
0.56516
0.5136
0.43924
0.31792
0.4706
0.49704
0.33336
0.34976
0.41188
0.37168
0.60768
0.52008
0.59328
0.52616
0.44228
0.45164
0.60076
0.49576
0.57284
0.31332
0.49584
0.44632
0.46444
0.649
0.4322
0.20688
0.39844
0.27908
0.333
0.42012
0.60336
0.48752
0.56608
0.49236
0.67504
0.42656
0.5622
0.17524
0.55996
0.43936
0.4648
0.31104
0.44032
0.51536
0.50304
0.6104
0.46712
0.53896
0.23648
0.44376
0.54464
0.59188
0.46388
0.56808
0.31752
0.49792
0.49656
0.51488
0.28516
0.49164
0.38288
0.38044
0.61132
0.55764
0.57512
0.4634
0.83324
0.64476
0.43996
0.5484
0.66536
0.6136
0.44908
0.71336
0.42136
0.41464
0.5434
0.51976
0.49216
0.49608
0.47516
0.43448
0.5596
0.64944
0.48308
0.33512
0.36944
0.27932
0.63856
0.47856
0.52108
0.50792
0.3022
0.67884
0.69228
0.36032
0.45652
0.6434
0.47468
0.4358
0.49428
0.31384
0.45184
0.34512
0.3462
0.51092
0.65052
0.43992
0.53404
0.45056
0.4878
0.43876
0.40752
0.35492
0.41892
0.49276
0.48088
0.569
0.37948
0.52096
0.40524
0.74704
0.33792
0.35176
0.52376
0.5742
0.42232
0.64188
0.34672
0.65316
0.57116
0.49516
0.63188
0.4444
0.74324
0.464
0.67044
0.52124
0.43016
0.39268
0.52572
0.42528
0.45488
0.49096
0.41084
0.592
0.24168
0.54444
0.66492
0.3678
0.56092
0.35184
0.47792
0.34656
0.58128
0.54072
0.58732
0.41484
0.39364
0.37932
0.49928
0.40132
0.34216
0.55896
0.46032
0.36428
0.27
0.39864
0.76424
0.21984
0.53304
0.57316
0.35432
0.72348
0.43088
0.50292
0.42704
0.50668
0.38848
0.70468
0.47844
0.2828
0.5102
0.49624
0.59348
0.523
0.31224
0.63832
0.45412
0.42004
0.45404
0.55464
0.40948
0.69168
0.4224
0.60856
0.67988
0.54508
0.42084
0.47416
0.38196
0.33456
0.47976
0.7072
0.50868
0.5832
0.42488
0.59168
0.84632
0.42428
0.4544
0.38056
0.4646
0.46424
0.7082
0.48104
0.525
0.37204
0.67916
0.62156
0.42976
0.49352
0.477
0.76668
0.72684
0.53692
0.45348
0.3668
0.42712
0.50508
0.38224
0.49856
0.30212
0.36324
0.54352
0.173
0.6424
0.45972
0.59724
0.51088
0.4402
0.39144
0.46848
0.6704
0.35296
0.65852
0.57744
0.67316
0.50956
0.60936
0.47168
0.39068
0.46936
0.4208
0.52308
0.53564
0.4778
0.42168
0.46104
0.50868
0.40828
0.53168
0.50312
0.59004
0.4192
0.5872
0.302
0.32012
0.34772
0.51108
0.67084
0.36812
0.26796
0.43284
0.42404
0.77624
0.5966
0.49688
0.40304
0.48748
0.83972
0.54972
0.5028
0.46264
0.4748
0.32764
0.36008
0.587
0.4682
0.33168
0.31244
0.54592
0.4882
0.41904
0.30808
0.51716
0.53104
0.35732
0.67544
0.2948
0.6774
0.53988
0.59912
0.39068
0.541
0.62784
0.46856
0.46536
0.44656
0.3916
0.51664
0.398
0.4522
0.61448
0.37636
0.45584
0.53536
0.34948
0.663
0.53676
0.40012
0.54568
0.61952
0.37092
0.4766
0.49268
0.52132
0.43116
0.2266
0.4096
0.33408
0.28584
0.6242
0.64944
0.22884
0.52904
0.43304
0.53036
0.60192
0.45068
0.41284
0.45768
0.47504
0.53168
0.3744
0.5824
0.46804
0.60868
0.29556
0.3972
0.43696
0.47684
0.40756
0.68952
0.36808
0.41048
0.26304
0.4556
0.30172
0.31304
0.38604
0.47988
0.40472
0.45984
0.5562
0.39308
0.51176
0.38076
0.61004
0.6448
0.3104
0.3218
0.60692
0.5676
0.5998
0.43876
0.31292
0.48212
0.45528
0.43552
0.38212
0.67876
0.43632
0.31196
0.46716
0.63604
0.35968
0.497
0.35816
0.55444
0.5186
0.67444
0.35312
0.54048
0.30844
0.66784
0.58148
0.56856
0.3294
0.68556
0.502
0.44268
0.3574
0.38672
0.40972
0.27524
0.40676
0.29212
0.36056
0.47936
0.6686
0.4374
0.50548
0.29344
0.67092
0.43212
0.33808
0.55964
0.4608
0.45856
0.40764
0.41676
0.49616
0.40804
0.53704
0.53256
0.40352
0.53956
0.53572
0.41332
0.37536
0.34772
0.5774
0.51152
0.61868
0.39512
0.4022
0.52516
0.49112
0.49956
0.41236
0.23516
0.51008
0.453
0.47076
0.4318
0.41472
0.35968
0.22076
0.54252
0.21088
0.47944
0.48936
0.62316
0.57944
0.48512
0.45676
0.3676
0.33108
0.52204
0.643
0.51036
0.5114
0.48952
0.35548
0.46976
0.52984
0.48276
0.43884
0.57016
0.42236
0.388
0.41444
0.49556
0.30416
0.398
0.41964
0.61988
0.39348
0.55804
0.54264
0.75344
0.35228
0.51348
0.4168
0.51196
0.621
0.5752
0.56064
0.27928
0.35308
0.43992
0.54812
0.453
0.54552
0.31096
0.3858
0.6022
0.26488
0.73636
0.3704
0.4482
0.5828
0.705
0.39948
0.36216
0.57156
0.51648
0.34888
0.78464
0.24736
0.51564
0.45272
0.44588
0.54568
0.49648
0.45292
0.51992
0.2018
0.29316
0.58096
0.48252
0.46248
0.52972
0.2132
0.39376
0.54304
0.4306
0.42612
0.40676
0.44016
0.67852
0.3898
0.38472
0.46744
0.52316
0.35716
0.61264
0.30532
0.58076
0.54064
0.54636
0.42284
0.40216
0.47424
0.53412
0.42092
0.55096
0.474
0.43852
0.50508
0.40264
0.52244
0.48392
0.44656
0.38676
0.52056
0.24604
0.4718
0.7476
0.40628
0.42028
0.52604
0.44156
0.37656
0.72548
0.62124
0.53836
0.47084
0.41808
0.4134
0.55024
0.67976
0.41436
0.35704
0.50256
0.38672
0.57052
0.42008
0.46568
0.67484
0.63032
0.5728
0.44556
0.377
0.50144
0.36852
0.40056
0.47236
0.5686
0.39948
0.59372
0.34896
0.49216
0.45148
0.42876
0.53692
0.44396
0.3704
0.61012
0.40988
