0.15089
0.297
0.098778
0.324
0.36489
0.24089
0.335
0.27367
0.44289
0.376
0.14556
0.40933
0.434
0.40411
0.37322
0.35611
0.283
0.21822
0.163
0.32222
0.19144
0.48144
0.39789
0.072111
0.47122
0.43411
0.22989
0.22144
0.20244
0.24578
0.24744
0.34733
0.37967
0.39078
0.27467
0.46544
0.32267
0.44189
0.24978
0.17856
0.33633
0.41833
0.34078
0.44567
0.33789
0.41967
0.50922
0.35033
0.34989
0.42478
0.19656
0.62556
0.33989
0.46889
0.46378
0.31022
0.24833
0.44178
0.38789
0.48611
0.35933
0.32667
0.15267
0.35411
0.35933
0.33933
0.241
0.14367
0.44444
0.135
0.29733
0.16289
0.64056
0.261
0.40289
0.25156
0.23544
0.33444
0.37822
0.30411
0.41444
0.10611
0.45889
0.27867
0.47367
0.28778
0.62478
0.19756
0.54822
0.45989
0.51867
0.366
0.30867
0.46733
0.17478
0.51544
0.46556
0.43856
0.17633
0.50144
0.24144
0.38922
0.095889
0.11078
0.27467
0.39989
0.31644
0.38922
0.24367
0.12444
0.33644
0.24567
0.39533
0.37867
0.12733
0.27356
0.19922
0.43644
0.21811
0.35778
0.28556
0.181
0.37967
0.22856
0.38267
0.41056
0.091556
0.27222
0.532
0.083444
0.29089
0.43711
0.26422
0.271
0.24267
0.54167
0.53889
0.38111
0.30733
0.40789
0.26611
0.41689
0.23711
0.26456
0.20344
0.20467
0.24456
0.15089
0.29467
0.30989
0.28711
0.48522
0.10933
0.461
0.378
0.27611
0.20767
0.37722
0.31456
0.26289
0.273
0.31156
0.35611
0.297
0.29611
0.32711
0.38178
0.18311
0.371
0.56311
0.48044
0.30778
0.41011
0.35956
0.25544
0.32644
0.35944
0.33156
0.47011
0.33322
0.28289
0.38111
0.34933
0.51533
0.25144
0.19822
0.62278
0.23356
0.26211
0.223
0.26444
0.45911
0.24978
0.18956
0.27489
0.18756
0.36644
0.154
0.36878
0.28267
0.21111
0.26444
0.30322
0.38467
0.25978
0.40511
0.28578
0.25733
0.396
0.16589
0.49778
0.23211
0.425
0.40278
0.29422
0.39744
0.345
0.16856
0.30056
0.42733
0.30978
0.56711
0.57733
0.34744
0.43978
0.35856
0.284
0.13489
0.15244
0.27933
0.719
0.46656
0.39989
0.26356
0.44011
0.192
0.41356
0.32744
0.13767
0.311
0.54111
0.52433
0.10533
0.26289
0.38944
0.17233
0.44622
0.32067
0.51567
0.27622
0.33522
0.53044
0.297
0.16289
0.33367
0.28344
0.28778
0.17044
0.40733
0.348
0.26967
0.32256
0.40856
0.24956
0.30289
0.24956
0.39122
0.52022
0.379
0.38311
0.18022
0.23444
0.369
0.28944
0.44056
0.33833
0.27944
0.34522
0.34889
0.18844
0.221
0.34922
0.27311
0.37033
0.41822
0.29211
0.10933
0.344
0.29356
0.28356
0.48633
0.436
0.31122
0.34022
0.49956
0.33822
0.252
0.399
0.33
0.16544
0.346
0.41067
0.398
0.38444
0.343
0.21822
0.538
0.50311
0.17256
0.38944
0.22522
0.344
0.24578
0.21678
0.51333
0.64133
0.25722
0.23289
0.30578
0.54422
0.19422
0.30467
0.34911
0.33289
0.34522
0.261
0.47478
0.41311
0.24578
0.40156
0.23889
0.47156
0.361
0.53333
0.41089
0.17433
0.47911
0.39489
0.31911
0.56444
0.35567
0.41167
0.379
0.20111
0.33844
0.50922
0.29256
0.45256
0.34144
0.21856
0.31211
0.27989
0.26133
0.33756
0.37544
0.67622
0.26244
0.30211
0.20867
0.394
0.68644
0.45389
0.35833
0.36567
0.079778
0.26967
0.33711
0.26678
0.41433
0.25144
0.253
0.26511
0.39222
0.42278
0.12833
0.34456
0.17956
0.36611
0.41789
0.314
0.42289
0.61856
0.26056
0.060111
0.19067
0.33956
0.31156
0.28456
0.34733
0.43189
0.35144
0.50822
0.48
0.23256
0.58556
0.29989
0.62733
0.27756
0.24711
0.26389
0.48511
0.385
0.24311
0.10033
0.26822
0.25222
0.45744
0.48844
0.358
0.39256
0.13222
0.34644
0.53556
0.30711
0.28178
0.48978
0.28656
0.331
0.27822
0.44267
0.534
0.48256
0.232
0.24278
0.49889
0.11311
0.31278
0.20522
0.39244
0.33733
0.385
0.36289
0.65278
0.44856
0.50911
0.51756
0.34589
0.29744
0.34078
0.31689
0.26278
0.526
0.463
0.31844
0.59811
0.32156
0.20789
0.37489
0.408
0.24033
0.32589
0.164
0.27344
0.35689
0.24578
0.22322
0.49211
0.235
0.33256
0.38511
0.283
0.43711
0.414
0.068
0.23433
0.54111
0.26311
0.53322
0.23178
0.19478
0.33578
0.49833
0.53933
0.389
0.104
0.31189
0.14756
0.29211
0.56811
0.31456
0.20222
0.23511
0.41978
0.45767
0.28167
0.386
0.51633
0.37856
0.19856
0.27944
0.14033
0.48511
0.494
0.23667
0.51667
0.27789
0.27733
0.28944
0.45922
0.16333
0.31267
0.16289
0.28589
0.403
0.33433
0.16278
0.36622
0.33078
0.332
0.47989
0.47356
0.28122
0.296
0.29667
0.235
0.206
0.086556
0.418
0.257
0.32033
0.19289
0.17978
0.42956
0.611
0.54356
0.22456
0.36622
0.34456
0.40211
0.27633
0.466
0.26656
0.33467
0.364
0.27756
0.35644
0.267
0.37878
0.53667
0.23878
0.18211
0.33067
0.48044
0.36978
0.40322
0.16856
0.31711
0.33489
0.23478
0.18256
0.166
0.30467
0.54422
0.168
0.38911
0.24544
0.31267
0.43411
0.255
0.47589
0.30833
0.40156
0.263
0.26322
0.56444
0.38456
0.22422
0.195
0.39989
0.48522
0.34267
0.39056
0.43933
0.30322
0.30244
0.37344
0.31267
0.32178
0.33722
0.36567
0.17611
0.55389
0.51344
0.44722
0.27822
0.19333
0.223
0.28944
0.27756
0.36344
0.30278
0.34789
0.39967
0.33656
0.33667
0.28711
0.41067
0.50522
0.28644
0.27956
0.32311
0.27111
0.36689
0.24678
0.278
0.45778
0.23244
0.249
0.42778
0.36844
0.28656
0.31711
0.27156
0.17767
0.43733
0.50489
0.17778
0.22011
0.50211
0.23556
0.20978
0.308
0.40178
0.39378
0.062111
0.39
0.29678
0.40633
0.30489
0.19389
0.24478
0.47011
0.62578
0.583
0.28878
0.30233
0.27711
0.12344
0.282
0.11467
0.071889
0.26967
0.23944
0.31667
0.23433
0.42611
0.39378
0.64667
0.41822
0.31478
0.15644
0.46856
0.45878
0.22067
0.20078
0.32067
0.376
0.36689
0.38089
0.61367
0.26856
0.31878
0.20922
0.38122
0.305
0.37989
0.27878
0.25889
0.55589
0.49422
0.34356
0.26533
0.45656
0.24411
0.29922
0.28778
0.524
0.33144
0.28756
0.29722
0.57278
0.50133
0.24678
0.31556
0.134
0.18744
0.20089
0.10689
0.48733
0.41811
0.30278
0.17878
0.24044
0.26022
0.37556
0.22289
0.355
0.18089
0.18322
0.036444
0.24822
0.51344
0.28944
0.25733
0.34122
0.34422
0.13456
0.29589
0.30522
0.34233
0.33978
0.42689
0.40544
0.45478
0.67378
0.27144
0.32022
0.29278
0.24044
0.29278
0.227
0.36356
0.34456
0.274
0.20322
0.43944
0.57267
0.24067
0.251
0.39344
0.45178
0.29333
0.39
0.30622
0.20822
0.24222
0.19478
0.43811
0.43844
0.21389
0.56389
0.39133
0.21567
0.408
0.18556
0.29
0.48878
0.352
0.47278
0.33767
0.38244
0.40944
0.41611
0.39856
0.41067
0.44511
0.318
0.25811
0.37789
0.62322
0.50367
0.22422
0.27111
0.42856
0.306
0.394
0.40456
0.28333
0.19589
0.26544
0.36933
0.17822
0.38544
0.449
0.28689
0.42744
0.24556
0.36833
0.33022
0.31944
0.22811
0.57122
0.44867
0.26322
0.61389
0.523
0.24489
0.16789
0.26367
0.26722
0.35044
0.31322
0.054
0.25256
0.62611
0.26922
0.48789
0.12133
0.15267
0.33944
0.31533
0.40489
0.21678
0.31389
0.60222
0.26644
0.20889
0.55544
0.36333
0.43556
0.13556
0.24222
0.37089
0.348
0.42456
0.25611
0.58411
0.397
0.58567
0.22
-0.026222
0.45667
0.51289
0.46044
0.25044
0.34967
0.35389
0.24933
0.46644
0.24089
0.19078
0.24978
0.35922
0.37011
0.22744
0.32189
0.33833
0.22211
0.31089
0.67822
0.36089
0.34533
0.17744
0.23544
0.39589
0.28356
0.42533
0.18744
0.43589
0.18689
0.32844
0.34289
0.29678
0.47878
0.48867
0.40067
0.55178
0.33911
0.54167
0.25333
0.39678
0.27022
0.43933
0.50556
0.30744
0.37722
0.37233
0.46078
0.22933
0.092889
0.18789
0.46756
0.40678
0.36933
0.12533
0.33256
0.27956
0.33889
0.37789
0.31244
0.18478
0.36644
0.50656
0.37556
0.47211
0.53911
0.50111
0.32256
0.31156
0.25167
0.20022
0.28667
0.32478
0.21444
0.40456
0.54389
0.50844
0.36344
0.646
0.31867
0.312
0.21611
0.37733
0.65322
0.42044
0.18267
0.27356
0.17867
0.29633
0.33678
0.44211
0.52711
0.32656
0.37789
0.46878
0.23456
0.53711
0.266
0.27356
0.47689
0.14311
0.28867
0.23122
0.39933
0.44522
0.28322
0.31567
0.27344
0.64944
0.35878
0.18278
0.049667
0.22467
0.37178
0.35344
0.39044
0.36011
0.30356
0.24856
0.29656
0.40756
0.409
0.34778
0.36678
0.46378
0.32244
0.35533
0.21389
0.34856
0.38367
0.43389
0.33867
0.48533
0.17478
0.33989
0.33267
0.51689
0.27378
0.47644
0.24889
0.345
0.31078
0.21422
0.29133
0.20467
0.43856
0.34056
0.38056
0.37722
0.32511
0.25233
0.44511
0.44944
0.32044
0.35089
0.52089
0.367
0.25422
0.28878
0.52056
0.49011
0.32311
0.46478
0.36744
0.287
0.34844
0.13333
0.19911
0.413
0.45222
0.47044
0.38211
0.27044
0.19233
0.55678
0.332
0.53411
0.39367
0.13589
0.61333
0.45433
0.38467
0.12144
0.31589
0.44122
0.308
0.25467
0.28911
0.70278
0.18578
0.40622
0.46678
0.49011
0.33133
0.20056
0.35211
0.286
0.25089
0.402
0.51256
0.40022
0.44756
0.33122
0.26611
0.35144
0.40433
0.62444
0.45144
0.38444
0.18167
0.49067
0.38422
0.060667
0.24922
0.19844
0.514
0.79222
0.349
0.378
0.21711
0.34111
0.15167
0.40833
0.17311
0.44844
0.56856
0.46978
0.66222
0.33967
0.36156
0.31956
0.34489
0.14556
0.39222
0.37256
0.50589
0.226
0.55411
0.27067
0.19544
0.37889
0.44944
0.11856
0.39489
0.42133
0.17367
0.23544
0.20233
0.39544
0.29522
0.24522
0.32967
0.319
0.51822
0.29878
0.436
0.30067
0.32133
0.30489
0.36322
0.33411
0.47822
0.43656
0.45889
0.27578
0.36022
0.39811
0.23711
0.16167
0.41333
0.43244
0.45011
0.471
0.32689
0.48122
0.61933
0.204
0.30033
0.53333
0.30944
0.21156
0.27411
0.49644
0.29022
0.45456
0.37833
0.13567
0.42411
0.25711
0.16356
0.42522
0.33311
0.33633
0.12922
0.40122
0.18122
0.26522
0.46456
0.34078
0.30211
0.24544
0.28811
0.33811
0.33589
0.42633
0.36133
0.383
0.23889
0.35333
0.49
0.52622
0.31111
0.55344
0.21156
0.407
0.21244
0.30267
0.38511
0.13589
0.062
0.54044
0.107
0.45989
0.25556
0.39633
0.32878
0.54756
0.56333
0.43378
0.28467
0.21967
0.51
0.333
0.26044
0.37111
0.12889
0.46033
0.26367
0.31944
0.25889
0.36156
0.32089
0.44622
0.29089
0.40311
0.053333
0.36411
0.58
0.45756
0.141
0.447
0.31022
0.20156
0.27244
0.20878
0.539
0.29167
0.17422
0.12389
0.35133
0.29644
0.25311
0.093
0.44244
0.47533
0.43633
0.37511
0.38089
0.51867
0.38456
0.38433
0.21422
0.38344
0.25467
0.24533
0.20889
0.22022
0.25133
0.3
0.33833
0.24433
0.16144
0.29256
0.40756
0.25622
0.15589
0.57356
0.19967
0.38689
0.21578
0.33144
0.33911
0.21844
0.35011
0.34589
0.26722
0.64956
0.42844
0.48156
0.407
0.23733
0.28856
0.20811
0.23067
0.52911
0.45456
0.54067
0.21044
0.33067
0.33722
0.46644
0.24678
0.20633
0.19278
0.202
0.70122
0.44189
0.30611
0.39033
0.40333
0.22689
0.232
0.55478
0.32744
0.23122
0.18622
0.44822
0.428
0.30789
0.33633
0.34956
0.35289
0.49422
0.32011
0.40811
0.37811
0.41378
0.203
0.27022
0.47633
0.38611
0.456
0.23844
0.43011
0.51333
0.47044
0.08
0.37867
0.34367
0.17133
0.17133
0.21756
0.24022
0.196
0.35189
0.54256
0.12122
0.31267
0.339
0.33733
0.569
0.34567
0.27378
0.43044
0.37644
0.37589
0.475
0.28711
0.24156
0.44022
0.19189
0.261
0.12022
0.26122
0.21322
0.26389
0.20267
0.34922
0.10411
0.38344
0.19378
0.20867
0.14056
0.41533
0.30689
0.16611
0.70556
0.27522
0.42478
0.37644
0.12811
0.26911
0.11333
0.19944
0.46211
0.36111
0.435
0.24278
0.47022
0.27933
0.39111
0.35944
0.22844
0.44233
0.33878
0.46967
0.24978
0.44933
0.31756
0.29711
0.35511
0.28022
0.39356
0.51744
0.28789
0.27489
0.18333
0.207
0.48889
0.45578
0.35222
0.31078
0.35122
0.57067
0.45878
0.34511
0.43622
0.32589
0.36244
0.24622
0.45389
0.46767
0.25933
0.14178
0.30889
0.411
0.25289
0.36178
0.26067
0.209
0.31644
0.36767
0.24089
0.50444
0.432
0.36189
0.38789
0.37133
0.306
0.26344
0.27078
0.46144
0.20244
0.536
0.49289
0.52633
0.34756
0.24989
0.418
0.33278
0.27244
0.29678
0.19689
0.18244
0.28833
0.501
0.22533
0.39122
0.32689
0.118
0.56356
0.19922
0.34956
0.30144
0.52567
0.29633
0.37033
0.31633
0.24678
0.432
0.47989
0.21633
0.33489
0.391
0.13633
0.38022
0.40456
0.22589
0.36733
0.16322
0.42267
0.30067
0.46389
0.38189
0.441
0.27544
0.55033
0.477
0.29833
0.41244
0.35078
0.34178
0.21422
0.39633
0.31589
0.28578
0.52544
0.42789
0.21933
0.47322
0.16344
0.12433
0.35611
0.32678
0.27267
0.27467
0.554
0.45589
0.080333
0.38433
0.51122
0.34867
0.36789
0.35811
0.29089
0.37756
0.45044
0.55933
0.28767
0.356
0.20911
0.38389
0.37
0.55156
0.42544
0.22644
0.52044
0.40144
0.494
0.22367
0.39589
0.26111
0.29667
0.31578
0.289
0.37478
0.27244
0.32533
0.43333
0.42156
0.26778
0.49244
0.49933
0.30067
0.42033
0.10267
0.31978
0.35967
0.25389
0.26456
0.546
0.30378
0.20022
0.41856
0.32656
0.28922
0.57178
0.29544
0.40856
0.42589
0.34622
0.19389
0.17789
0.51767
0.22156
0.41389
0.23489
0.41256
0.28056
0.33267
0.40611
0.38656
0.45022
0.40333
0.44544
0.54122
0.43822
