0.23722
0.21722
0.26889
0.23733
0.48244
0.39178
0.35567
0.58633
0.39
0.43856
0.359
0.58111
0.43011
0.358
0.74044
0.45711
0.488
0.36022
0.58567
0.20133
0.40367
0.41378
0.31689
0.15833
0.54067
0.17378
0.59
0.29467
0.30044
0.44778
0.355
0.45611
0.45867
0.37367
0.38244
0.66
0.28522
0.48767
0.35056
0.36378
0.69211
0.44989
0.40111
0.43256
0.55511
0.33467
0.32489
0.34844
0.56089
0.54467
0.42533
0.41333
0.30789
0.69767
0.41822
0.32067
0.62489
0.51689
0.41878
0.42089
0.68789
0.543
0.49411
0.22011
0.38078
0.36367
0.69867
0.49289
0.37278
0.38444
0.33344
0.356
0.38089
0.19689
0.564
0.61811
0.31333
0.412
0.464
0.52611
0.31733
0.26056
0.37533
0.25967
0.50056
0.51878
0.51433
0.30756
0.43822
0.52122
0.52733
0.39378
0.46922
0.47878
0.32189
0.39
0.50367
0.47367
0.34033
0.43089
0.49222
0.46222
0.61967
0.33133
0.55989
0.23211
0.30133
0.35556
0.53144
0.27744
0.39011
0.45922
0.45989
0.69178
0.60356
0.28067
0.41978
0.31656
0.50156
0.33978
0.38844
0.42733
0.15644
0.38411
0.30189
0.60911
0.28078
0.38856
0.445
0.34544
0.57233
0.42233
0.269
0.32556
0.41578
0.21067
0.47367
0.40044
0.47067
0.38111
0.37022
0.36378
0.48267
0.63078
0.50444
0.20778
0.27144
0.27211
0.28667
0.308
0.43689
0.43833
0.56444
0.574
0.50322
0.40211
0.17344
0.73278
0.50367
0.348
0.26444
0.53644
0.25733
0.59622
0.30156
0.557
0.53178
0.35489
0.60522
0.50489
0.28144
0.44989
0.47389
0.17122
0.46089
0.69556
0.38222
0.45533
0.41167
0.46878
0.36822
0.45089
0.36011
0.41544
0.60556
0.36578
0.37056
0.27278
0.21233
0.37022
0.10289
0.59111
0.50933
0.634
0.38167
0.46844
0.35767
0.54589
0.475
0.50956
0.60578
0.44322
0.47144
0.77744
0.47089
0.41867
0.39256
0.44733
0.23256
0.45167
0.58122
0.42889
0.27344
0.458
0.427
0.631
0.51467
0.25344
0.41022
0.517
0.42378
0.50878
0.46656
0.52733
0.40689
0.57744
0.30978
0.54367
0.47656
0.75722
0.34133
0.41033
0.66844
0.46067
0.54633
-0.036778
0.418
0.55989
0.29922
0.392
0.60356
0.63444
0.52
0.28744
0.41256
0.54822
0.30078
0.25811
0.55044
0.42678
0.47856
0.32922
0.58422
0.54867
0.47311
0.46756
0.437
0.23933
0.43644
0.23822
0.66922
0.51289
0.435
0.50956
0.45689
0.53489
0.43222
0.66733
0.55111
0.46022
0.394
0.39856
0.54767
0.51078
0.49456
0.52256
0.24222
0.337
0.32011
0.15778
0.41356
0.51289
0.26956
0.26344
0.57156
0.23933
0.51756
0.56533
0.30033
0.60289
0.46122
0.51178
0.49333
0.37544
0.25911
0.48567
0.30567
0.56378
0.26644
0.50189
0.40478
0.43867
0.45289
0.20189
0.61744
0.40511
0.40733
0.632
0.16233
0.47978
0.66378
0.40733
0.48811
0.22467
0.50078
0.27833
0.57033
0.30611
0.53333
0.34122
0.16167
0.60822
0.34878
0.55689
0.53222
0.52589
0.48711
0.349
0.403
0.19589
0.41422
0.64267
0.288
0.42
0.41156
0.26711
0.50189
0.45167
0.48811
0.14411
0.224
0.213
0.40433
0.55133
0.30344
0.38511
0.18011
0.47344
0.62533
0.572
0.71822
0.36978
0.46511
0.39033
0.57011
0.47378
0.48967
0.70822
0.406
0.23156
0.53867
0.18889
0.46078
0.35889
0.553
0.60456
0.334
0.55022
0.52067
0.59178
0.19144
0.67111
0.381
0.49411
0.36533
0.39578
0.267
0.27667
0.58811
0.32389
0.56489
0.41444
0.46811
0.45544
0.31733
0.49944
0.44744
0.59211
0.37189
0.50667
0.47611
0.453
0.43044
0.75756
0.36478
0.296
0.46933
0.69667
0.229
0.40389
0.469
0.43711
0.56467
0.31156
0.36511
0.33278
0.313
0.62378
0.48111
0.53744
0.57189
0.62822
0.68589
0.50522
0.37733
0.27556
0.46778
0.38422
0.56733
0.43844
0.45722
0.42867
0.56678
0.40289
0.34911
0.55156
0.71089
0.33689
0.48644
0.47967
0.55922
0.57367
0.66567
0.37589
0.41744
0.73467
0.36656
0.54522
0.60356
0.59178
0.63756
0.39244
0.70344
0.62922
0.50444
0.47356
0.71433
0.63344
0.177
0.47422
0.43544
0.485
0.42433
0.506
0.46522
0.32656
0.50067
0.33089
0.47189
0.507
0.31322
0.47822
0.37967
0.22222
0.36567
0.54822
0.40389
0.54411
0.57222
0.36467
0.50289
0.568
0.51633
0.57022
0.37978
0.53733
0.51811
0.39956
0.49033
0.476
0.39633
0.42556
0.75144
0.55733
0.26944
0.40933
0.43189
0.57422
0.39789
0.43033
0.41033
0.50056
0.56256
0.44933
0.40556
0.28578
0.41667
0.45722
0.39744
0.33533
0.58944
0.42556
0.35367
0.58122
0.19589
0.33978
0.68133
0.41733
0.433
0.616
0.41133
0.39167
0.21867
0.52578
0.52133
0.52378
0.34778
0.41544
0.36678
0.18678
0.27267
0.51967
0.47778
0.56056
0.54689
0.52589
0.49678
0.42856
0.45
0.45822
0.44278
0.32322
0.207
0.22122
0.26656
0.45333
0.37189
0.66278
0.46056
0.50256
0.64356
0.26011
0.55356
0.47444
0.63411
0.57222
0.59522
0.63267
0.53556
0.57078
0.43944
0.44456
0.53589
0.41
0.45422
0.28
0.59322
0.542
0.46422
0.37678
0.34822
0.55444
0.49456
0.47567
0.45589
0.47633
0.56944
0.735
0.52789
0.466
0.45333
0.51611
0.55378
0.24622
0.661
0.27689
0.49656
0.40167
0.67022
0.62911
0.49044
0.28356
0.55978
0.30278
0.50456
0.33956
0.628
0.48989
0.40922
0.39511
0.40589
0.44222
0.33267
0.72222
0.27511
0.55922
0.36267
0.44611
0.473
0.38756
0.59256
0.62311
0.33789
0.52078
0.58833
0.46456
0.46044
0.27167
0.42144
0.49589
0.629
0.34522
0.45078
0.35089
0.50289
0.38911
0.26067
0.495
0.49467
0.40022
0.38644
0.18256
0.43189
0.45433
0.33311
0.49311
0.16133
0.513
0.26989
0.48678
0.25544
0.25456
0.592
0.59433
0.38333
0.15211
0.35267
0.30478
0.52178
0.34389
0.21278
0.287
0.742
0.27289
0.564
0.487
0.40911
0.32378
0.52289
0.56433
0.47267
0.53611
0.52389
0.44922
0.57922
0.35378
0.49222
0.504
0.67333
0.64067
0.25022
0.50967
0.47733
0.38689
0.26622
0.50078
0.51678
0.447
0.58511
0.46844
0.63778
0.47678
0.56267
0.39989
0.48411
0.83344
0.14444
0.39267
0.53911
0.47211
0.89956
0.416
0.434
0.42244
0.684
0.31033
0.30911
0.44944
0.51322
0.25178
0.596
0.44867
0.26989
0.34267
0.35778
0.352
0.531
0.44944
0.27844
0.51644
0.35067
0.31678
0.33456
0.19756
0.62722
0.37411
0.29478
0.43456
0.57711
0.43389
0.48233
0.65389
0.51944
0.502
0.47867
0.35767
0.31156
0.55378
0.29544
0.47033
0.33133
0.62822
0.16989
0.35522
0.68011
0.38133
0.71778
0.27389
0.44778
0.48811
0.43167
0.45811
0.624
0.294
0.388
0.26267
0.15433
0.34233
0.59611
0.54467
0.27222
0.44533
0.27711
0.27556
0.34267
0.49756
0.407
0.40422
0.33056
0.19867
0.44
0.454
0.38467
0.50867
0.62344
0.22633
0.49222
0.243
0.33811
0.58278
0.53311
0.24767
0.471
0.449
0.48478
0.34578
0.27389
0.43033
0.093556
0.51244
0.60244
0.31767
0.46067
0.54856
0.43356
0.60389
0.067889
0.55344
0.25978
0.35422
0.37156
0.48122
0.60089
0.47833
0.29444
0.64644
0.46144
0.64144
0.083556
0.31289
0.33367
0.55967
0.50544
0.20978
0.48456
0.38544
0.35544
0.39767
0.33833
0.33178
0.39233
0.38911
0.34222
0.221
0.41733
0.42844
0.423
0.26044
0.33778
0.52467
0.27456
0.34789
0.51844
0.14633
0.52078
0.46722
0.83156
0.66378
0.576
0.55989
0.44622
0.42978
0.54844
0.55067
0.54778
0.531
0.43644
0.49211
0.51678
0.69033
0.31167
0.17011
0.62489
0.43867
0.53078
0.35033
0.69122
0.51044
0.52256
0.47967
0.30578
0.52367
0.515
0.36344
0.40022
0.46411
0.45011
0.16656
0.56156
0.29167
0.62789
0.67933
0.36211
0.42922
0.34156
0.29511
0.261
0.50956
0.48344
0.56378
0.59089
0.29656
0.39256
0.551
0.39433
0.47267
0.30689
0.41989
0.495
0.39322
0.36689
0.689
0.51289
0.40856
0.56811
0.048889
0.32822
0.35556
0.29244
0.73767
0.57067
0.27022
0.23367
0.34467
0.46078
0.12611
0.51267
0.39811
0.51033
0.49067
0.26478
0.49156
0.67744
0.60956
0.55022
0.38167
0.61178
0.29422
0.50322
0.64889
0.55022
0.58022
0.47
0.51167
0.36678
0.38878
0.30356
0.37589
0.26056
0.37133
0.41778
0.65622
0.382
0.30478
0.58178
0.32256
0.50889
0.68756
0.33244
0.29289
0.14589
0.43633
0.38656
0.284
0.36222
0.36967
0.33033
0.39389
0.46578
0.34878
0.39667
0.127
0.38133
0.36622
0.319
0.27378
0.27511
0.41233
0.30433
0.38578
0.36422
0.32978
0.33122
0.32067
0.59811
0.46
0.52589
0.19211
0.602
0.44444
0.71789
0.55511
0.48633
0.48944
0.57767
0.62189
0.60011
0.4
0.44444
0.21133
0.51689
0.64611
0.22478
0.45833
0.27644
0.56322
0.675
0.44822
0.23122
0.42289
0.39767
0.38311
0.50533
0.42122
0.25089
0.44667
0.32478
0.56656
0.33144
0.499
0.33444
0.31811
0.38856
0.60122
0.21489
0.568
0.18844
0.36389
0.39256
0.21722
0.52144
0.098778
0.37511
0.41844
0.68611
0.22889
0.44233
0.50633
0.39989
0.68511
0.65489
0.35656
0.27989
0.46933
0.53956
0.22533
0.44856
0.19767
0.52611
0.338
0.48644
0.50911
0.61967
0.64944
0.34722
0.58478
0.306
0.38311
0.69244
0.39622
0.45189
0.24967
0.45533
0.632
0.28922
0.63789
0.38744
0.61778
0.36889
0.591
0.63533
0.80033
0.44789
0.56089
0.44789
0.30822
0.39044
0.66122
0.265
0.53311
0.36922
0.23889
0.75689
0.40833
0.54133
0.52556
0.55078
0.35244
0.37911
0.49178
0.34844
0.33333
0.26178
0.56644
0.50844
0.388
0.432
0.43678
0.39544
0.33933
0.52589
0.26011
0.543
0.43544
0.567
0.42444
0.45344
0.55344
0.56222
0.46267
0.26778
0.452
0.141
0.49967
0.56456
0.40978
0.28756
0.34278
0.42878
0.26956
0.17433
0.45978
0.40067
0.48756
0.37756
0.31278
0.16767
0.306
0.46222
0.18478
0.54089
0.34789
0.37844
0.52222
0.48811
0.53078
0.54067
0.30067
0.29178
0.38211
0.57122
0.51022
0.38433
0.54311
0.74644
0.56744
0.40733
0.34311
0.50278
0.63144
0.49811
0.74856
0.60822
0.22633
0.77422
0.59722
0.22544
0.37378
0.31178
0.29367
0.22433
0.36822
0.74856
0.235
0.53367
0.28089
0.57144
0.37722
0.43944
0.56367
0.46244
0.21356
0.46067
0.26456
0.56078
0.35778
0.30211
0.48911
0.43444
0.282
0.564
0.19344
0.226
0.47978
0.62211
0.51611
0.41422
0.46922
0.58678
0.54011
0.39044
0.17778
0.36256
0.56678
0.83522
0.41078
0.53333
0.287
0.46733
0.315
0.67456
0.51722
0.36956
0.41611
0.47
0.41311
0.74956
0.30489
0.51733
0.45278
0.11444
0.51556
0.23156
0.11567
0.29167
0.34089
0.70489
0.42489
0.16656
0.47989
0.63167
0.40378
0.47122
0.36567
0.20589
0.55422
0.57889
0.40722
0.68178
0.61767
0.69144
0.18111
0.366
0.30844
0.44878
0.16144
0.34833
0.32122
0.33067
0.37756
0.34456
0.45978
0.34011
0.23011
0.71778
0.23244
0.616
0.41844
0.21067
0.472
0.63522
0.44333
0.40344
0.50744
0.59178
0.35644
0.58833
0.60544
0.52367
0.30089
0.39033
0.35189
0.23322
0.26533
0.60644
0.34244
0.51989
0.58544
0.68767
0.45467
0.45678
0.66767
0.35856
0.20978
0.32711
0.51533
0.42444
0.42589
0.299
0.57089
0.15956
0.51378
0.285
0.25067
0.33589
0.41544
0.23856
0.38133
0.33911
0.59867
0.37167
0.51689
0.454
0.51311
0.25078
0.29578
0.63444
0.29244
0.64756
0.25178
0.35011
0.43622
0.33444
0.33022
0.431
0.408
0.24811
0.49133
0.52611
0.53933
0.64378
0.58822
0.604
0.24211
0.27033
0.21889
0.32833
0.68933
0.24933
0.37567
0.50578
0.40844
0.45622
0.66156
0.60611
0.45411
0.68378
0.40689
0.51378
0.28922
0.50222
0.34433
0.227
0.55367
0.64811
0.33844
0.22411
0.502
0.25644
0.48078
0.23856
0.57856
0.46
0.55722
0.36589
0.52011
0.44278
0.27367
0.29967
0.481
0.258
0.45944
0.33356
0.20878
0.31589
0.36467
0.36667
0.29144
0.41744
0.322
0.48089
0.50111
0.24733
0.40578
0.32811
0.56544
0.26067
0.57022
0.38144
0.31289
0.48033
0.44533
0.23089
0.363
0.47956
0.52411
0.39444
0.47822
0.59811
0.45456
0.67644
0.46556
0.64144
0.16156
0.53122
0.34322
0.078333
0.10078
0.604
0.29056
0.51
0.61133
0.479
0.24233
0.58389
0.48433
0.26244
0.66567
0.19733
0.28978
0.42956
0.27367
0.50622
0.496
0.47878
0.46156
0.47
0.61056
0.73533
0.26222
0.41889
0.36467
0.44322
0.634
0.40378
0.70511
0.43533
0.26867
0.61478
0.36922
0.52089
0.42789
0.65833
0.47456
0.46256
0.51922
0.40267
0.45933
0.27811
0.312
0.59444
0.32867
0.41378
0.48944
0.46744
0.23089
0.25511
0.27278
0.59333
0.34078
0.55956
0.24511
0.447
0.48322
0.31611
0.33544
0.49478
0.414
0.29822
0.58556
0.434
0.33044
0.46011
0.38556
0.26033
0.42756
0.494
0.20567
0.387
0.62622
0.41378
0.50178
0.23656
0.53056
0.27633
0.44289
0.41656
0.54644
0.48078
0.52544
0.19856
0.541
0.50311
0.41256
0.49267
0.22478
0.47444
0.40222
0.41078
0.46878
0.59756
0.17411
0.479
0.34044
0.38489
0.49
0.579
0.48867
0.44789
0.37211
0.20133
0.34311
0.14767
0.40167
0.412
0.40333
0.56044
0.34022
0.64867
0.34656
0.47622
0.422
0.45967
0.53711
0.412
0.47611
0.48333
0.414
0.44789
0.43244
0.26322
0.46533
0.52767
0.33467
0.59289
0.35422
0.45433
0.27067
0.53511
0.28822
0.45189
0.46444
0.36144
0.53456
0.25033
0.48744
0.51633
0.49167
0.62644
0.47311
0.12011
0.34822
0.31267
0.38544
0.28489
0.58967
0.43311
0.55411
0.50589
0.37533
0.47711
0.41911
0.57156
0.448
0.41322
0.49
0.38078
