0.175
0.1285
0.00025
0.22975
0.184
0.1695
0.0425
0.15075
0.0305
-0.06625
0.19225
0.2005
0.104
0.079
0.00075
0.25275
0.193
0.1635
0.3485
0.09575
0.0835
0.351
0.15875
0.14175
0.19325
0.1985
0.25525
0.10125
0.021
0.3275
0.092
0.2455
0.27875
0.11375
0.24825
0.2655
0.0975
0.09925
0.24225
0.05825
0.20375
-0.01425
0.32575
0.11575
0.26275
0.16675
0.32125
0.08125
0.137
0.32425
0.2175
0.333
0.25725
0.30025
0.17875
0.4605
0.32525
0.23375
0.3705
0.1115
0.5285
0.3475
0.36725
0.14125
0.03125
0.20225
0.29675
0.2955
0.182
0.18375
0.054
0.16125
0.06075
-0.096
0.3245
0.354
0.05525
0.167
0.363
0.284
0.346
0.22975
0.24675
0.15075
0.1835
0.2535
0.22475
0.24625
0.4595
0.1295
0.4005
0.15175
0.2695
0.2635
0.183
0.0205
0.26425
0.3315
0.21575
0.26
0.30725
0.1905
0.2105
0.183
0.08775
0.1575
0.269
0.345
0.38125
0.23975
0.0675
0.278
0.0995
0.1765
0.08925
0.10675
0.309
0.2265
0.26875
0.2715
0.21975
0.27975
0.239
0.27225
0.25825
0.23775
0.23125
0.25625
0.23875
0.17675
0.04875
0.21425
0.1565
0.18625
0.3115
0.2085
0.25475
0.0925
0.32775
0.0515
0.1185
0.1905
0.453
0.2665
0.231
0.2865
0.241
0.06875
0.112
0.155
0.28875
0.14475
0.08825
0.21225
0.157
0.13
0.16325
0.156
0.289
0.245
0.1965
0.2965
0.1165
0.5715
0.16575
0.2
0.337
0.121
0.36225
0.16575
0.0595
0.2745
0.23075
0.2125
0.23475
0.10175
0.0215
0.34075
0.1925
0.147
0.17725
0.19975
0.14025
0.293
0.22875
0.1245
0.203
0.1115
0.0835
0.18225
0
0.421
0.28975
0.12525
0.30325
0.26675
0.1455
0.07675
0.395
0.216
0.2185
0.27625
0.31675
0.32225
0.22075
0.26575
0.29025
0.242
0.025
0.298
-0.05025
0.25175
0.1675
0.02675
0.047
0.4815
0.1505
0.182
0.1165
0.3185
0.3345
0.07625
0.10425
0.27
0.276
-0.042
0.16025
0.038
0.249
0.3045
0.1415
0.284
0.01325
0.37925
0.33075
0.05
0.22775
0.321
0.4615
0.19625
0.35625
0.11725
0.128
0.019
0.18975
0.173
0.0445
-0.059
0.33175
0.1935
0.08525
0.2655
0.33025
0.082
0.27475
0.1375
0.088
0.0425
0.40875
0.215
0.382
0.329
0.1565
0.151
0.1735
0.25775
0.25225
0.34175
0.127
0.11975
-0.01775
0.0935
0.46125
0.309
0.11175
0.27825
-0.15825
0.27825
0.21
0.30975
0.3455
0.1045
0.2165
0.1695
0.0595
0.152
0.167
0.14825
0.292
0.109
0.17775
0.19675
0.19
-0.062
0.12425
0.151
0.2345
0.15725
0.0785
0.308
0.33025
0.32625
0.272
0.143
0.26675
0.04225
0.2195
0.1805
0.126
0.24525
0.0215
0.2075
0.09575
0.1985
0.19
-0.048
0.218
0.13825
0.3165
0.45325
0.26275
0.2775
0.20075
0.289
0.1025
0.06375
0.284
0.34925
0.204
0.16525
0.1755
0.0555
0.24125
0.3085
0.1245
0.427
0.22475
0.18575
0.21325
0.31225
0.14825
0.25425
0.386
0.1175
0.23925
0.244
0.18625
0.19525
-0.01725
0.392
0.2035
0.1475
0.224
0.016
0.344
0.28075
0.16925
0.26
0.25075
0.2195
0.2665
0.08325
0.25225
0.091
0.00675
0.243
0.099
0.31225
0.21175
0.2905
0.13525
0.18475
0.31525
0.18225
0.25175
0.31575
0.20275
0.02825
0.417
0.2605
0.1195
0.28575
0.1495
0.02725
0.2225
0.26975
0.34375
0.1895
0.343
-0.06925
0.22925
0.2295
0.131
0.40075
0.10575
0.11725
0.2155
0.3425
0.2395
0.2805
0.21775
0.2245
0.161
0.2215
0.27275
0.34925
0.12375
0.39975
0.2795
0.21725
0.17
0.23975
0.12075
0.10175
0.30225
0.0525
0.336
0.22975
0.2485
0.2965
0.2565
0.43575
0.1425
0.0565
0.35425
0.308
0.21625
0.30325
0.37625
0.149
0.0385
0.2385
0.2325
-0.02125
0.22975
0.20725
0.02775
0.395
0.24625
0.32625
0.251
0.10175
0.132
0.277
0.194
0.3175
0.27475
0.21225
0.18225
0.308
0.277
0.12375
0.10725
0.14475
0.20275
0.04975
0.22575
0.186
0.34025
0.0585
0.107
0.16525
0.23075
0.276
0.3665
0.14575
0.28475
0.161
0.35175
0.352
0.11975
0.38825
0.07125
0.285
0.2395
0.26625
0.12175
0.2795
0.23575
0.044
0.177
0.1265
0.35225
0.06025
0.08675
0.35025
0.201
0.3415
0.173
0.1755
0.188
-0.0135
0.29275
0.09
0.08375
0.041
0.23325
0.09475
0.3425
0.10575
0.02625
0.22175
0.22225
0.1645
0.22825
0.1775
0.253
0.0745
0.2745
0.30525
0.171
0.31175
0.21875
0.2065
0.2775
0.2175
0.018
0.32075
0.29275
0.2075
0.11925
0.23275
0.22175
0.252
0.2995
0.3065
0.0805
0.26775
0.13225
0.23175
0.115
0.1105
0.07475
0.192
0.05975
0.21475
0.449
0.186
0.25825
0.29025
0.272
0.123
0.27625
0.3155
0.32625
0.307
0.322
0.34675
0.17675
0.1465
0.168
0.09
0.064
0.25225
0.27775
0.1825
0.1555
0.1585
0.3145
0.08725
0.27025
0.38275
0.2705
0.2765
0.3365
0.247
0.2475
0.34025
0.114
0.2115
0.26425
0.21675
0.70075
0.23125
0.169
0.2585
0.11475
0.1685
0.09875
0.2615
0.15925
0.28775
0.4065
0.339
0.22725
0.2595
0.39925
0.1865
0.23675
0.23075
0.3675
0.172
0.22125
0.261
0.2405
0.1655
0.36625
0.027
0.2295
0.4475
0.13675
0.24425
0.22575
0.1885
0.18875
0.26575
-0.04
0.2325
0.3485
0.31675
0.24425
0.0825
0.4855
-0.013
0.3225
0.156
0.05475
0.15625
0.02
0.072
0.01275
0.34975
0.16125
0.2695
0.16725
0.2075
0.05375
0.11725
0.18125
0.07875
0.3475
0.301
0.329
0.20225
0.17975
0.17925
0.186
0.43575
0.3405
0.1935
0.21175
0.15225
0.07375
0.1645
0.3135
0.1555
0.15575
0.2305
0.30825
0.29175
0.28925
0.23425
0.07575
0.22575
0.0045
0.0725
0.08625
0.08125
0.306
0.08075
0.232
0.1685
-0.0195
0.21475
0.07075
0.1875
0.17625
0.2385
0.4095
0.14625
0.31475
0.24625
0.03025
0.305
0.1785
0.091
0.29925
0.124
0.26425
0.32125
0.3895
0.127
0.1085
0.22375
0.22
0.18
0.3225
0.2655
0.0445
0.231
0.227
0.02825
0.1425
0.02775
0.28825
0.20025
0.089
0.2215
0.2315
0.19375
0.02625
0.145
0.11525
0.28775
0.235
0.18625
0.0345
0.3655
0.139
0.1505
0.22125
0.3085
0.2565
0.28625
0.35825
0.2515
0.14275
0.2395
0.189
0.29675
0.3165
0.12475
-0.025
-0.01725
0.234
0.19775
0.3005
0.316
0.157
0.17225
0.31375
0.292
0.33225
0.2065
0.22275
0.12025
0.08825
0.22325
0.12525
0.16675
0.1285
0.11775
0.11775
0.1725
0.11375
0.2405
0.087
0.265
0.1025
0.07825
0.21575
0.21725
0.1375
0.33025
0.263
0.18825
0.318
0.3005
0.03475
0.3155
0.14225
0.14875
0.0395
0.1815
0.09075
-0.091
0.21475
0.11225
0.29125
0.172
0.20325
0.27975
0.0945
0.183
0.19475
0.353
0.01075
0.13275
0.11
-0.03225
0.19525
0.249
0.20975
0.26925
0.1325
0.3205
-0.055
0.336
0.282
0.06275
0.11025
0.22225
0.22425
0.15675
0.19275
0.107
0.3205
0.174
0.103
0.1845
0.26225
0.4095
0.2295
0.062
0.04925
0.29875
0.2165
0.196
0.248
0.22425
0.022
0.28775
0.12925
0.17375
0.2135
0.4415
0.14525
0.045
0.2165
0.2515
0.20975
0.13025
0.34175
0.333
0.2415
0.12575
0.48625
0.0545
0.16825
0.24225
0.0085
0.1005
0.2495
0.2085
0.174
0.1525
0.22575
0.11125
0.26225
0.33475
0.2305
0.29575
0.34625
0.097
0.26875
0.26175
0.158
0.3915
0.074
0.14575
0.31225
0.22
-0.01325
0.18975
0.243
0.263
0.15675
0.3625
0.14575
0.26425
0.1825
0.35975
0.06875
0.0405
0.134
0.13525
0.24025
0.23375
0.1685
0.156
0.26475
0.1575
0.2075
0.28225
-0.00975
0.3155
0.34525
0.12775
0.2465
0.17575
-0.013
0.21
0.101
0.30075
0.39075
0.21525
0.365
0.1625
0.1725
0.12425
0.1595
0.0255
0.33575
0.28275
0.17125
-0.02825
0.1245
0.22325
0.39975
0.3505
0.24525
0.18575
0.216
0.044
0.40525
0.17275
0.329
0.07775
0.2555
0.268
0.27025
-0.0245
0.222
0.048
0.33925
0.145
0.40525
0.19825
0.3135
0.17275
0.17
0.254
0.186
0.20275
0.18175
0.216
0.12075
-0.012
0.2375
-0.03675
0.267
0.14925
0.1075
0.37975
0.24525
0.17025
0.27075
0.34
0.0765
0.0525
0.1675
0.09225
0.2245
0.05525
0.05175
0.21325
0.25225
0.254
-0.00225
0.20625
0.1595
0.137
0.15125
0.2125
0.42275
0.237
0.27
0.35275
0.52075
0.1615
0.2625
0.13575
0.04375
0.1805
0.2065
0.238
0.086
0.081
0.083
0.1665
0.10575
0.21925
0.2855
0.1305
0.207
0.0235
0.22
0.0625
0.21775
0.31
0.1005
0.2005
0.193
0.2465
0.2875
0.2545
0.07525
0.21925
0.24975
0.203
0.195
0.1665
0.34875
0.26225
0.25025
0.3355
0.12075
0.327
-0.067
0.305
0.24525
0.148
0.205
0.11025
0.279
0.03475
0.14575
0.05375
0.2435
0.27
0.1645
0.387
0.27525
0.29525
0.03875
0.4095
0.2075
0.1735
0.1705
0.078
0.3695
0.2955
0.137
0.28175
0.2185
0.138
0.13975
0.215
0.049
0.17625
0.278
0.239
0.111
0.17
0.185
0.10825
0.3425
0.14625
-0.00075
0.1175
0.2265
0.221
0.204
0.26025
0.2275
0.059
0.1865
0.39675
0.24025
0.175
0.3275
0.09775
0.05075
0.13075
0.106
0.20625
0.354
0.07475
0.172
0.0035
0.312
-0.085
0.2715
0.3055
0.31
0.34625
0.0725
0.17925
0.185
0.478
0.141
0.17725
0.22675
0.19275
0.1545
0.0185
0.214
0.0375
0.2835
0.1195
0.2835
0.39375
0.2
0.09675
0.25625
0.18425
0.09225
0.17375
0.261
0.17425
0.4885
-0.1035
0.096
0.0855
0.1235
0.28475
0.336
0.2905
0.162
0.31175
0.37125
0.2955
0.13775
0.30475
0.2195
0.28625
0.16025
0.085
0.0905
0.18525
0.15675
0.3635
0.17525
0.0125
0.21575
0.3865
0.11025
0.04725
0.16475
0.243
0.02525
0.2175
0.353
0.20675
0.244
0.3125
0.18125
0.175
0.17575
0.38225
0.184
0.33025
0.344
0.25375
0.20925
0.308
0.14725
0.0275
0.3085
0.04425
0.15
0.0925
0.18775
0.2125
0.33575
0.27075
0.19625
0.18625
0.332
0.18
0.29
0.305
0.2145
0.32075
0.25625
0.44075
0.0805
0.2005
0.02725
0.26075
0.0955
0.189
0.0835
0.12125
0.16575
0.24825
0.31675
0.25
0.28725
0.113
0.226
0.2185
0.1555
0.11925
0.261
0.0545
0.2525
0.0115
-0.04725
0.159
0.1575
0.18225
0.22225
0.04475
0.188
0.373
0.04525
0.00525
0.44125
0.42025
0.36825
0.2035
0.1945
0.192
0.116
0.186
0.345
0.2
0.3125
0.2075
0.0935
0.36975
0.09425
0.21575
0.25875
0.21275
0.168
0.09475
0.0925
0.14425
0.25525
0.3175
0.1805
0.28825
0.344
0.0655
0.155
0.3105
0.269
0.0235
0.20825
0.142
0.28325
0.16
0.29375
0.15125
0.355
0.20475
-0.12175
0.25275
0.13425
0.19125
0.42125
-0.047
0.166
0.0475
-0.05075
0.118
0.3175
0.4295
0.25375
0.182
0.33525
0.3685
0.397
0.259
0.16375
0.225
0.21725
0.2425
0.0995
0.327
0.2665
0.2235
0.125
0.288
0.17325
0.16175
0.2395
0.24625
0.06
0.22025
0.17975
0.407
0.31175
0.207
0.387
0.316
0.1595
0.14275
0.3395
0.18575
0.33925
0.1245
0.19025
0.167
0.30125
0.381
0.081
0.4195
0.25625
0.438
0.27
0.3115
0.10025
0.1035
0.34075
0.22475
0.039
0.1445
0.03825
0.246
0.15475
0.30125
0.41375
0.06175
0.14575
0.2525
0.156
0.2405
0.2695
0.0205
0.17825
0.1825
0.28575
0.05775
0.356
0.0485
0.138
0.20975
0.1335
0.22775
0.1655
0.08
0.07425
0.12425
0.1385
0.101
0.40325
0.163
0.181
0.3175
0.06275
0.2475
0.38075
0.14275
0.34675
0.20275
0.288
0.1585
0.452
0.29425
0.072
0.12025
0.29475
0.41275
0.23475
0.28425
0.122
0.2765
0.238
0.469
0.28375
0.115
0.26
0.2805
0.00725
0.14275
0.399
0.2155
0.03575
0.34925
0.3095
0.22375
0.105
0.147
0.1845
0.101
0.16125
0.0375
0.241
0.15925
0.347
0.1605
0.2435
0.153
0.33475
0.215
-0.059
0.1395
0.167
0.2725
0.015
0.37825
0.263
0.4085
0.13275
-0.0185
0.45725
0.17575
0.2225
0.2925
0.19
0.1435
0.27625
0.115
0.20625
0.40825
0.1995
0.01625
0.172
0.05425
0.1635
0.29225
0.1775
0.1235
0.242
0.04925
0.00075
0.1345
0.16625
0.03825
0.04725
0.34175
0.093
0.05625
0.60025
0.104
0.36225
0.221
0.27125
0.2345
0.1535
0.3465
0.18575
0.2205
0.06725
0.4575
0.1315
0.04675
0.37125
0.38625
0.1365
0.342
0.0585
0.1545
0.14
0.2945
0.2135
0.33375
0.24425
0.0955
0.40275
0.21975
0.262
0.2215
0.34025
0.31125
0.147
0.15275
0.35675
0.34125
0.29925
-0.02275
0.15175
0.1715
0.3415
0.38
0.26625
0.42225
0.188
0.0245
0.3175
0.31525
0.1455
0.25775
0.249
0.0455
0.171
0.28675
0.15225
0.23425
0.2235
0.15325
0.06275
0.25925
0.21075
0.246
0.3795
0.04375
0.27975
0.17575
0.26875
0.18625
0.179
0.1835
0.22875
0.03025
0.3425
0.096
0.366
0.18975
0.11175
0.21925
0.02875
0.056
0.2745
0.47025
0.16825
0.21825
0.22475
0.259
0.17575
0.3375
0.0575
0.13925
0.2625
0.2855
0.16425
0.299
0.25
0.2455
0.20575
0.342
0.1555
0.354
0.12675
