0.25558
0.36408
0.30667
0.37522
0.4155
0.26978
0.2925
0.26039
0.27922
0.51781
0.29086
0.40744
0.36947
0.36317
0.61556
0.39139
0.43875
0.41258
0.28156
0.26836
0.54522
0.57711
0.43061
0.36883
0.50625
0.39769
0.39331
0.34322
0.28683
0.48211
0.35233
0.40717
0.43939
0.12475
0.42408
0.39161
0.34317
0.38689
0.28558
0.39489
0.60236
0.37572
0.52708
0.29825
0.49075
0.41875
0.43622
0.40156
0.44775
0.35783
0.487
0.53386
0.33814
0.47028
0.32297
0.37889
0.24619
0.44047
0.31542
0.43233
0.29625
0.31836
0.39597
0.3225
0.45319
0.21103
0.23339
0.32081
0.34733
0.27972
0.34886
0.23453
0.51106
0.31844
0.31181
0.37686
0.33133
0.46181
0.41333
0.56964
0.56592
0.36386
0.43761
0.3415
0.46664
0.47642
0.66731
0.20206
0.52794
0.32642
0.31958
0.46644
0.35614
0.66372
0.37219
0.35581
0.40117
0.27108
0.46228
0.60286
0.35053
0.50428
0.23381
0.23486
0.32542
0.30986
0.32622
0.38758
0.22864
0.20586
0.23094
0.15839
0.42064
0.40383
0.35953
0.33419
0.45792
0.42022
0.46058
0.33886
0.47561
0.46533
0.27369
0.28883
0.38856
0.32144
0.27183
0.35092
0.39283
0.35797
0.362
0.34139
0.21733
0.21719
0.41353
0.43675
0.53089
0.37056
0.419
0.30822
0.47539
0.54944
0.37572
0.485
0.39717
0.24314
0.28078
0.29353
0.20236
0.46531
0.39531
0.32756
0.37808
0.60483
0.48658
0.25486
0.25667
0.65414
0.38758
0.16408
0.27744
0.31322
0.44964
0.61792
0.37069
0.45894
0.47747
0.45414
0.25625
0.30758
0.36564
0.2155
0.43811
0.16603
0.54511
0.43403
0.26847
0.23822
0.29403
0.51214
0.39703
0.32761
0.39594
0.49689
0.34033
0.41436
0.44706
0.31339
0.23322
0.36533
0.1455
0.59689
0.34817
0.50725
0.33883
0.30683
0.33222
0.60808
0.33664
0.134
0.41686
0.60839
0.39511
0.27469
0.30172
0.52903
0.33772
0.46661
0.43317
0.21203
0.46939
0.44611
0.26831
0.36967
0.31733
0.69981
0.43419
0.29444
0.3755
0.41086
0.44292
0.44911
0.37072
0.35639
0.31572
0.39603
0.47314
0.24747
0.39869
0.43586
0.41622
0.34844
0.62158
0.65461
0.85292
0.1515
0.37853
0.53325
0.26003
0.62872
0.44383
0.59353
0.57997
0.38197
0.50072
0.50369
0.34014
0.25553
0.55839
0.26589
0.29942
0.31897
0.66989
0.46433
0.56817
0.33731
0.48022
0.38333
0.39731
0.34147
0.56083
0.29917
0.36867
0.38625
0.43211
0.28617
0.28786
0.58139
0.34106
0.17431
0.28514
0.25131
0.31122
0.40356
0.55453
0.48694
0.345
0.42253
0.483
0.24164
0.45331
0.50681
0.48747
0.52908
0.40628
0.36297
0.43758
0.48153
0.36733
0.20497
0.51419
0.48144
0.50633
0.37944
0.52578
0.46875
0.37422
0.45728
0.37694
0.57589
0.25406
0.30311
0.45489
0.39031
0.48158
0.37147
0.35653
0.56839
0.418
0.39308
0.26128
0.50117
0.19289
0.35564
0.33903
0.51897
0.73489
0.3585
0.25067
0.50833
0.30767
0.36856
0.49986
0.34894
0.44244
0.50553
0.56047
0.22394
0.28589
0.34219
0.43794
0.56294
0.53081
0.55767
0.49117
0.29478
0.56603
0.51275
0.42889
0.34019
0.24453
0.258
0.48672
0.27536
0.44778
0.55147
0.27864
0.51111
0.364
0.45928
0.54267
0.34906
0.36836
0.22928
0.44817
0.27611
0.36219
0.41642
0.33306
0.33281
0.50442
0.381
0.53519
0.38342
0.25208
0.48367
0.50211
0.57253
0.36892
0.21906
0.34733
0.45594
0.45278
0.62886
0.26817
0.51158
0.55017
0.20883
0.44319
0.35992
0.3845
0.55394
0.42553
0.29167
0.35022
0.42858
0.26978
0.52133
0.37428
0.46522
0.40078
0.51033
0.36883
0.55853
0.66347
0.33681
0.52283
0.57381
0.36064
0.39722
0.60753
0.37217
0.5405
0.41711
0.38289
0.37997
0.29603
0.52572
0.51364
0.44028
0.52072
0.39519
0.50006
0.39919
0.51628
0.30392
0.47975
0.26678
0.27914
0.38661
0.39322
0.21519
0.26281
0.38022
0.46775
0.41864
0.53675
0.43369
0.44311
0.35889
0.46433
0.46097
0.60558
0.55689
0.45125
0.52547
0.45808
0.50917
0.55742
0.41347
0.44594
0.23892
0.37608
0.44786
0.57022
0.4225
0.61211
0.51453
0.36497
0.46611
0.42194
0.26481
0.44567
0.50436
0.50797
0.36681
0.42217
0.30142
0.37864
0.43544
0.17489
0.39206
0.35611
0.13756
0.49236
0.58686
0.34342
0.59042
0.32103
0.33722
0.27956
0.46708
0.59428
0.38206
0.40242
0.33075
0.54317
0.51256
0.54139
0.42844
0.34681
0.35286
0.46186
0.30967
0.35539
0.54828
0.56864
0.42156
0.37522
0.55958
0.4025
0.47269
0.38011
0.40661
0.30214
0.22467
0.22292
0.47986
0.48419
0.257
0.42444
0.35181
0.21336
0.51947
0.27658
0.27075
0.34325
0.44142
0.36997
0.49847
0.38244
0.43269
0.33892
0.4205
0.49683
0.43419
0.25222
0.56439
0.32019
0.2445
0.22267
0.34328
0.54808
0.51828
0.52519
0.25617
0.48731
0.52317
0.35069
0.51206
0.29922
0.55944
0.3495
0.26281
0.23975
0.30647
0.30756
0.51625
0.53047
0.5505
0.53847
0.49081
0.59497
0.56894
0.49419
0.528
0.28828
0.23533
0.38136
0.61419
0.43031
0.27639
0.42189
0.43272
0.16775
0.39747
0.58086
0.47944
0.41983
0.61986
0.27717
0.48769
0.34636
0.49914
0.45453
0.60683
0.40517
0.60514
0.52569
0.44839
0.43997
0.47889
0.23797
0.32225
0.50481
0.46064
0.18561
0.47131
0.70383
0.3535
0.37169
0.27158
0.39022
0.36289
0.51794
0.48233
0.318
0.22372
0.39267
0.39728
0.43486
0.39575
0.41031
0.54403
0.23456
0.30894
0.58911
0.51628
0.46142
0.32883
0.43325
0.45683
0.35983
0.49175
0.39417
0.44486
0.47806
0.44356
0.42922
0.50472
0.37553
0.26261
0.50072
0.48147
0.46956
0.35078
0.25011
0.45883
0.43094
0.4795
0.3325
0.34578
0.49106
0.38492
0.27581
0.36708
0.38217
0.44594
0.21628
0.32797
0.27653
0.26286
0.60792
0.47639
0.30122
0.23178
0.56747
0.39919
0.39844
0.37511
0.25386
0.36394
0.55111
0.54039
0.66525
0.3155
0.60325
0.61175
0.28097
0.6085
0.25833
0.61694
0.44519
0.3655
0.3235
0.35969
0.37869
0.402
0.51214
0.37272
0.40003
0.42939
0.33
0.52833
0.41939
0.44719
0.34742
0.52603
0.36572
0.52125
0.32553
0.46594
0.51906
0.206
0.51628
0.57033
0.23131
0.56386
0.30433
0.48453
0.40231
0.45133
0.4775
0.32336
0.48097
0.27378
0.29058
0.34425
0.19917
0.37033
0.34575
0.29317
0.47256
0.31608
0.44911
0.28053
0.35814
0.46103
0.43269
0.32786
0.36533
0.26083
0.20078
0.22556
0.388
0.21133
0.33664
0.59303
0.20872
0.48675
0.41097
0.47319
0.60028
0.42797
0.41467
0.37014
0.40539
0.23589
0.43692
0.38719
0.28211
0.44164
0.28247
0.36864
0.60631
0.56747
0.23258
0.247
0.47219
0.39417
0.51867
0.51831
0.66172
0.33303
0.5575
0.24364
0.15672
0.33214
0.46347
0.24844
0.44942
0.22108
0.22322
0.38781
0.63358
0.44111
0.47408
0.27908
0.47525
0.33225
0.35492
0.40144
0.46119
0.80961
0.35108
0.33536
0.25978
0.49722
0.49408
0.62619
0.60825
0.33156
0.44442
0.49925
0.55603
0.49931
0.22031
0.56531
0.27697
0.46775
0.51444
0.27289
0.38342
0.68969
0.35739
0.55817
0.32136
0.52608
0.25044
0.35819
0.49381
0.36017
0.35506
0.4475
0.42786
0.49258
0.30997
0.32053
0.32519
0.19997
0.39364
0.53911
0.23642
0.44075
0.37883
0.37956
0.47111
0.29272
0.22078
0.39664
0.61767
0.4275
0.41314
0.3535
0.84161
0.53294
0.24136
0.65289
0.32733
0.58442
0.37861
0.35925
0.48689
0.4635
0.36783
0.34483
0.69369
0.51842
0.4255
0.32183
0.30583
0.40825
0.35297
0.55244
0.52158
0.39286
0.3655
0.50653
0.38828
0.42797
0.18089
0.48264
0.51822
0.53122
0.22458
0.49781
0.68017
0.47692
0.56772
0.49003
0.41025
0.46144
0.38044
0.3395
0.34394
0.40031
0.42683
0.39981
0.34389
0.25667
0.49625
0.551
0.28017
0.4525
0.63517
0.24258
0.46086
0.31803
0.37267
0.37469
0.32783
0.40283
0.17894
0.57847
0.42756
0.48147
0.41642
0.35158
0.54
0.42803
0.49261
0.42217
0.41519
0.46414
0.45036
0.17317
0.33983
0.18006
0.14972
0.68636
0.37561
0.44003
0.47906
0.54389
0.43631
0.70069
0.4165
0.20336
0.39567
0.52525
0.24267
0.18861
0.34086
0.44294
0.36758
0.50764
0.47875
0.27775
0.50747
0.43922
0.39083
0.36628
0.60461
0.36794
0.51333
0.39739
0.30572
0.34628
0.34331
0.25931
0.35069
0.42786
0.505
0.33717
0.27158
0.31717
0.59083
0.59958
0.39936
0.22419
0.32644
0.32386
0.28458
0.48189
0.34289
0.23683
0.52908
0.42497
0.60619
0.39594
0.28453
0.19453
0.51781
0.2425
0.11886
0.29617
0.48914
0.47094
0.36117
0.56881
0.61425
0.35836
0.47706
0.14064
0.49292
0.46317
0.39114
0.36817
0.42211
0.42578
0.53053
0.49939
0.31875
0.51339
0.35364
0.51069
0.56189
0.56175
0.37183
0.36897
0.38886
0.61356
0.26453
0.39197
0.17908
0.35122
0.44736
0.37175
0.62547
0.42106
0.51017
0.34222
0.41844
0.361
0.41483
0.52317
0.13603
0.51208
0.60839
0.37303
0.32228
0.373
0.41889
0.5835
0.45428
0.34331
0.42447
0.13319
0.57381
0.3865
0.52783
0.331
0.40739
0.29839
0.37292
0.35739
0.45194
0.53567
0.17
0.42247
0.37231
0.25578
0.41708
0.47825
0.56022
0.334
0.40381
0.14233
0.55786
0.38742
0.39858
0.64078
0.70814
0.57333
0.47367
0.33692
0.24244
0.22461
0.49033
0.32639
0.55139
0.55578
0.51494
0.53636
0.39117
0.62128
0.67656
0.61
0.41836
0.43981
0.54414
0.59894
0.33292
0.46367
0.23025
0.57519
0.69664
0.47519
0.25222
0.45611
0.30281
0.47642
0.57206
0.43225
0.43203
0.46128
0.49986
0.24756
0.49408
0.43964
0.48139
0.18239
0.20803
0.48003
0.43894
0.63283
0.31275
0.35211
0.39808
0.26033
0.47425
0.29019
0.35169
0.4395
0.37425
0.33581
0.48614
0.24469
0.43547
0.42181
0.30967
0.619
0.25742
0.58508
0.55497
0.43539
0.29569
0.46208
0.34422
0.24875
0.25369
0.50447
0.424
0.4795
0.32175
0.40194
0.36347
0.18019
0.2935
0.31131
0.43153
0.59917
0.45803
0.45736
0.41419
0.57606
0.51867
0.46636
0.42564
0.28917
0.31328
0.38153
0.36564
0.66453
0.58853
0.58078
0.4465
0.35056
0.55939
0.36172
0.56825
0.43106
0.33339
0.25181
0.52478
0.26969
0.31139
0.45269
0.36192
0.52575
0.28442
0.51444
0.33414
0.35225
0.49219
0.66856
0.41061
0.41983
0.53514
0.56583
0.44053
0.23817
0.32617
0.39253
0.47289
0.56714
0.31194
0.52067
0.30531
0.20433
0.54281
0.24142
0.25214
0.17736
0.32747
0.40839
0.46253
0.29683
0.52881
0.42267
0.45303
0.34467
0.30564
0.475
0.54406
0.18114
0.47664
0.33761
0.31189
0.30161
0.46858
0.46058
0.55139
0.31503
0.36189
0.34122
0.58794
0.42125
0.4475
0.32075
0.39911
0.48711
0.4375
0.32858
0.32986
0.29622
0.59539
0.3335
0.30806
0.19114
0.51778
0.41106
0.21119
0.31697
0.31633
0.46119
0.40017
0.54944
0.48414
0.59131
0.43833
0.1805
0.21064
0.47267
0.33389
0.3175
0.34375
0.226
0.34797
0.37017
0.29408
0.36442
0.45606
0.24442
0.59033
0.36778
0.47711
0.34011
0.40514
0.25694
0.46111
0.43656
0.45408
0.49539
0.5245
0.22569
0.61261
0.488
0.45592
0.28356
0.38467
0.22606
0.47706
0.32714
0.43522
0.40889
0.45228
0.40311
0.70678
0.40028
0.47364
0.38664
0.21894
0.23128
0.38283
0.33883
0.65686
0.32183
0.47092
0.31175
0.11356
0.29828
0.38783
0.44897
0.39578
0.52347
0.54119
0.33008
0.29603
0.22922
0.22575
0.50006
0.52136
0.50947
0.39092
0.35397
0.48378
0.32436
0.43353
0.37225
0.61753
0.35492
0.24828
0.56222
0.39383
0.3495
0.22361
0.45208
0.41539
0.54033
0.45194
0.44992
0.44744
0.33461
0.32433
0.25978
0.18461
0.26028
0.36556
0.34728
0.39228
0.52867
0.36497
0.52294
0.34561
0.39606
0.46847
0.56875
0.34967
0.38939
0.30617
0.44783
0.15531
0.32819
0.44364
0.33947
0.338
0.34181
0.36928
0.61869
0.24389
0.39725
0.42681
0.41597
0.38064
0.49042
0.40031
0.384
0.21311
0.30633
0.25389
0.35978
0.23031
0.38656
0.21225
0.27769
0.36631
0.38578
0.41792
0.31019
0.47147
0.56022
0.090222
0.23561
0.4225
0.54336
0.43472
0.38381
0.34456
0.20672
0.33911
0.41611
0.33386
0.43322
0.35944
0.29531
0.26044
0.39208
0.46881
0.31983
0.588
0.35703
0.42517
0.44394
0.53733
0.53639
0.16242
0.18867
0.36203
0.28347
0.63036
0.55439
0.27303
0.34919
0.31569
0.47011
0.32256
0.44842
0.29636
0.52533
0.31486
0.31692
0.50689
0.45331
0.43394
0.39225
0.41103
0.48275
0.61481
0.34142
0.36831
0.51333
0.50578
0.69819
0.6025
0.41914
0.65225
0.24883
0.52286
0.25156
0.43939
0.50086
0.47078
0.37344
0.38592
0.44
0.35994
0.54867
0.34317
0.42878
0.62208
0.3605
0.45467
0.47739
0.38878
0.30003
0.19536
0.43147
0.44786
0.44994
0.40736
0.30375
0.40747
0.36531
0.27758
0.23161
0.34
0.27731
0.40258
0.28958
0.39106
0.40556
0.5185
0.37419
0.44503
0.39469
0.21783
0.45778
0.37883
0.36772
0.65433
0.56414
0.28806
0.60328
0.29611
0.39747
0.40311
0.46525
0.4255
0.42019
0.40083
0.48922
0.328
0.30839
0.34469
0.41647
0.55392
0.46489
0.33503
0.49875
0.24408
0.4215
0.27844
0.30236
0.38914
0.41956
0.63603
0.34414
0.31567
0.4555
0.2175
0.37436
0.49667
0.52603
0.41447
0.33542
0.37694
0.53514
0.49903
0.29214
0.52347
0.38336
0.26803
0.40497
0.39861
0.44947
0.34481
0.36242
0.32561
0.41428
0.35497
0.425
0.45817
0.23283
0.44825
0.29503
0.40428
0.26242
0.48281
0.31744
0.51586
0.40506
0.38522
0.39817
0.29506
0.28956
0.65042
0.38597
0.56981
0.53222
0.29508
0.3935
0.27464
0.51256
0.22428
0.42142
0.37808
0.42333
0.33267
0.40019
0.48964
0.27706
0.39581
0.45083
0.47989
0.61889
0.41064
