0.32056
0.30475
0.22338
0.364
0.34944
0.22531
0.38612
0.28537
0.27869
0.21331
0.22194
0.35419
0.40931
0.41313
0.28963
0.38081
0.44719
0.371
0.322
0.44019
0.42281
0.432
0.26519
0.2065
0.53869
0.27919
0.56594
0.38556
0.22525
0.351
0.34287
0.41919
0.57325
0.27281
0.69738
0.67137
0.34837
0.47387
0.32319
0.25956
0.38606
0.42225
0.46075
0.46931
0.36994
0.44119
0.49044
0.4995
0.43269
0.46756
0.35525
0.38594
0.18731
0.56175
0.34575
0.36088
0.4655
0.40731
0.36438
0.44231
0.51219
0.37425
0.37644
0.39606
0.52756
0.19406
0.34206
0.44456
0.31438
0.23281
0.40237
0.44075
0.37769
0.395
0.27838
0.479
0.198
0.51269
0.3465
0.45188
0.31831
0.32281
0.45913
0.27969
0.44969
0.597
0.7965
0.24675
0.38506
0.20856
0.49744
0.3105
0.45631
0.3545
0.34687
0.34406
0.49638
0.41306
0.26456
0.46887
0.29944
0.42306
0.2575
0.092188
0.37231
0.42419
0.345
0.37031
0.31431
0.40975
0.43106
0.23881
0.4205
0.47463
0.40106
0.31219
0.20819
0.52481
0.31625
0.3605
0.28931
0.51725
0.32925
0.40563
0.27675
0.27269
0.40837
0.57194
0.486
0.39787
0.42062
0.33637
0.092375
0.32456
0.39825
0.3445
0.36369
0.42944
0.60819
0.27625
0.39637
0.48894
0.542
0.27344
0.37288
0.28431
0.28775
0.45675
0.42981
0.29938
0.32188
0.2645
0.31112
0.40425
0.42994
0.27887
0.37769
0.40381
0.35181
0.3435
0.27819
0.4055
0.57325
0.5255
0.47325
0.27731
0.41825
0.19519
0.40344
0.27456
0.44744
0.5925
0.547
0.22962
0.29963
0.37762
0.48231
0.46794
0.28956
0.44637
0.49213
0.53744
0.34925
0.35487
0.42506
0.4135
0.46513
0.341
0.34006
0.26987
0.26419
0.21913
0.10656
0.58875
0.42375
0.399
0.35619
0.43287
0.26387
0.485
0.37312
0.33919
0.34219
0.50588
0.31112
0.53663
0.25981
0.32431
0.48675
0.24175
0.61444
0.498
0.42512
0.49475
0.51644
0.48919
0.26062
0.202
0.43931
0.41475
0.34906
0.53619
0.43019
0.429
0.4275
0.45831
0.39506
0.34075
0.46244
0.71475
0.2875
0.49369
0.5465
0.62731
0.60131
0.259
0.26525
0.49119
0.40619
0.35081
0.60062
0.63712
0.47244
0.52506
0.74644
0.48662
0.42219
0.19681
0.43906
0.31675
0.24025
0.28887
0.51769
0.46206
0.34681
0.4085
0.4755
0.29838
0.20519
0.17369
0.42963
0.15769
0.43369
0.27131
0.35575
0.38887
0.3165
0.421
0.51756
0.51963
0.39687
0.312
0.37325
0.33869
0.59787
0.40881
0.15213
0.22081
0.29238
0.33188
0.34019
0.54187
0.48212
0.11713
0.49763
0.39681
0.40712
0.51156
0.26431
0.48719
0.32525
0.53019
0.41569
0.46506
0.17719
0.30094
0.26531
0.39931
0.28413
0.3685
0.27237
0.3365
0.42081
0.40212
0.52538
0.33713
0.37238
0.48231
0.29587
0.20719
0.61706
0.38856
0.269
0.27044
0.41394
0.52612
0.52138
0.4025
0.5715
0.29281
0.1105
0.32231
0.084875
0.41238
0.3075
0.37731
0.43388
0.49581
0.35475
0.36281
0.48588
0.39806
0.52256
0.50806
0.6105
0.31969
0.32831
0.50931
0.52487
0.27956
0.16331
0.13887
0.41981
0.45763
0.395
0.58131
0.36181
0.29431
0.41587
0.36838
0.46031
0.16181
0.413
0.31956
0.52544
0.42594
0.44481
0.46288
0.35863
0.21031
0.45262
0.65519
0.34475
0.64338
0.22125
0.48331
0.173
0.47762
0.54031
0.17438
0.31512
0.19487
0.52087
0.49288
0.1315
0.47719
0.27506
0.14919
0.42512
0.25981
0.37
0.39863
0.311
0.42594
0.299
0.44763
0.15925
0.28681
0.46244
0.49169
0.3235
0.53331
0.37856
0.45469
0.24244
0.45444
0.34125
0.49881
0.35744
0.35556
0.63312
0.54475
0.458
0.34925
0.49856
0.51781
0.24394
0.29719
0.37256
0.48706
0.57569
0.5615
0.2495
0.34612
0.279
0.38362
0.43044
0.39625
0.56519
0.29988
0.41312
0.30894
0.58975
0.51188
0.32175
0.26531
0.49738
0.26475
0.39731
0.50981
0.52056
0.42219
0.45075
0.39494
0.46219
0.41338
0.41431
0.54112
0.34144
0.40844
0.57406
0.55094
0.25937
0.2945
0.57788
0.48925
0.74138
0.4575
0.32162
0.37169
0.36606
0.3455
0.27925
0.54381
0.32025
0.53056
0.31356
0.30775
0.713
0.55944
0.217
0.5085
0.47288
0.10281
0.18925
0.42694
0.44462
0.63294
0.38612
0.35931
0.34825
0.42994
0.449
0.43725
0.43194
0.28963
0.62613
0.32181
0.36362
0.53781
0.39719
0.40912
0.43375
0.356
0.36556
0.48888
0.43988
0.38238
0.43319
0.359
0.35594
0.29312
0.49169
0.477
0.18544
0.33288
0.31075
0.446
0.15213
0.29563
0.66444
0.44412
0.46119
0.47381
0.25612
0.22962
0.36338
0.37856
0.1585
0.26944
0.47025
0.4145
0.35787
0.46037
0.38362
0.44544
0.38844
0.35781
0.40144
0.17313
0.39012
0.4185
0.35994
0.25894
0.45125
0.59387
0.36163
0.53156
0.66806
0.47631
0.17413
0.49081
0.28887
0.33694
0.28644
0.41344
0.16637
0.45419
0.5445
0.57456
0.43619
0.34281
0.63487
0.48531
0.59381
0.50575
0.36638
0.31544
0.393
0.086375
0.35762
0.35631
0.35213
0.51219
0.42394
0.31869
0.35031
0.43394
0.42431
0.44762
0.25938
0.44888
0.47625
0.37694
0.367
0.487
0.21244
0.65912
0.36625
0.50238
0.63344
0.36931
0.27806
0.46031
0.36494
0.34731
0.23312
0.34856
0.457
0.32531
0.4025
0.37856
0.48213
0.2295
0.49556
0.34425
0.34831
0.23944
0.50838
0.551
0.49287
0.36156
0.39137
0.49487
0.46094
0.25619
0.35694
0.40081
0.39625
0.64312
0.38462
0.53537
0.22475
0.48719
0.54794
0.73144
0.42469
0.42875
0.35662
0.36525
0.53506
0.28431
0.43763
0.38625
0.4285
0.72725
0.15081
0.62062
0.26362
0.50738
0.61244
0.20519
0.45225
0.422
0.34594
0.26731
0.32225
0.31081
0.26663
0.43837
0.39563
0.31469
0.28456
0.29587
0.48025
0.16531
0.33094
0.31831
0.41475
0.38981
0.119
0.49331
0.4765
0.54481
0.55494
0.28312
0.46281
0.32019
0.45081
0.6495
0.45619
0.60213
0.49262
0.41744
0.43544
0.29769
0.47794
0.35806
0.32762
0.51306
0.17975
0.50525
0.25175
0.47206
0.29369
0.17756
0.45987
0.19131
0.28825
0.42206
0.38787
0.49206
0.5005
0.38713
0.29875
0.33519
0.25631
0.63331
0.36475
0.72669
0.47106
0.27044
0.44375
0.41738
0.70913
0.48031
0.40769
0.34469
0.61506
0.30156
0.25787
0.28931
0.32788
0.55469
0.37688
0.31231
0.58113
0.26663
0.31825
0.31719
0.57719
0.35437
0.27231
0.20137
0.46969
0.35762
0.35569
0.33681
0.4395
0.21406
0.29475
0.476
0.3455
0.60569
0.39931
0.47487
0.46963
0.17681
0.448
0.34038
0.41494
0.23369
0.34425
0.24444
0.35694
0.49869
0.33894
0.11888
0.42344
0.26112
0.37225
0.46081
0.4635
0.314
0.43087
0.3725
0.067187
0.31088
0.37081
0.20325
0.34056
0.29837
0.24025
0.324
0.28381
0.33844
0.32112
0.43588
0.375
0.39475
0.60556
0.31319
0.45838
0.57581
0.23275
0.25281
0.36094
0.39844
0.49656
0.33587
0.5725
0.31744
0.37325
0.45937
0.50206
0.49713
0.23225
0.53169
0.37794
0.36431
0.45931
0.29113
0.36038
0.65006
0.28956
0.43069
0.25356
0.45713
0.60163
0.47994
0.44925
0.25063
0.61606
0.33169
0.40075
0.41413
0.4315
0.33581
0.49162
0.29331
0.17688
0.34056
0.36769
0.34856
0.40169
0.31981
0.33925
0.31388
0.3615
0.42669
0.75256
0.41663
0.42712
0.30706
0.42237
0.27987
0.32969
0.42712
0.38587
0.51419
0.31225
0.37431
0.5385
0.292
0.33838
0.78812
0.45556
0.80219
0.61119
0.42213
0.39325
0.52669
0.44469
0.47469
0.47881
0.4555
0.45737
0.46019
0.19519
0.5445
0.36031
0.51188
0.5855
0.45319
0.60069
0.37525
0.49762
0.42538
0.54206
0.43019
0.38431
0.42356
0.52412
0.46481
0.54619
0.45281
0.48262
0.66812
0.37875
0.16844
0.48531
0.52106
0.33719
0.25881
0.34
0.23919
0.23438
0.32275
0.51294
0.45031
0.45956
0.29906
0.25719
0.67856
0.46244
0.54806
0.32744
0.47675
0.58806
0.49181
0.50013
0.21513
0.46556
0.40675
0.43006
0.10819
0.36894
0.30463
0.28869
0.29575
0.37006
0.62994
0.43956
0.53387
0.43812
0.73569
0.46794
0.403
0.39181
0.37962
0.39656
0.30419
0.3685
0.31831
0.23069
0.65206
0.31031
0.39
0.53012
0.36594
0.62069
0.45131
0.57419
0.40219
0.3745
0.38725
0.44444
0.24031
0.35625
0.34525
0.4115
0.43994
0.25088
0.37738
0.27181
0.41012
0.48694
0.21844
0.57512
0.21306
0.17569
0.43881
0.26819
0.55962
0.46694
0.37606
0.43612
0.34644
0.54119
0.40394
0.34169
0.33356
0.47575
0.37419
0.089312
0.34363
0.40613
0.33688
0.3615
0.33613
0.37369
0.64544
0.55375
0.12494
0.49925
0.40381
0.41369
0.39581
0.42919
0.50788
0.46544
0.43881
0.39144
0.34094
0.39194
0.45775
0.44494
0.45694
0.37256
0.37069
0.51538
0.23462
0.14913
0.5685
0.22362
0.371
0.50975
0.29369
0.27331
0.38544
0.40156
0.32
0.39975
0.28563
0.26381
0.69575
0.39775
0.40706
0.57025
0.47206
0.41775
0.41106
0.37725
0.77975
0.42212
0.41819
0.52938
0.16037
0.58894
0.39056
0.5105
0.427
0.33725
0.44344
0.5845
0.33419
0.245
0.71006
0.39631
0.38869
0.52294
0.43006
0.25481
0.48306
0.10744
0.28006
0.54819
0.39694
0.33669
0.49894
0.31475
0.73337
0.47325
0.43431
0.35888
0.26913
0.334
0.25838
0.51181
0.40456
0.24556
0.38844
0.43069
0.5765
0.36581
0.45631
0.50719
0.54244
0.43944
0.48788
0.47481
0.63631
0.29938
0.36919
0.31356
0.46237
0.51038
0.501
0.17956
0.135
0.41425
0.37513
0.43731
0.51131
0.399
0.63256
0.42419
0.2805
0.34256
0.5275
0.30044
0.41781
0.42756
0.48119
0.54112
0.36456
0.49462
0.28613
0.33937
0.32975
0.46569
0.27125
0.32913
0.68975
0.36206
0.32175
0.27675
0.42444
0.70619
0.38781
0.46269
0.49675
0.49481
0.35806
0.35344
0.399
0.33844
0.4035
0.25156
0.32719
0.32419
0.52119
0.24744
0.39087
0.32331
0.42831
0.22431
0.24156
0.24894
0.34331
0.58187
0.39231
0.31806
0.46556
0.28756
0.55412
0.382
0.35856
0.26569
0.36319
0.29594
0.30331
0.32112
0.59594
0.35962
0.41831
0.33206
0.36469
0.44181
0.62838
0.26094
0.44612
0.45231
0.41806
0.55831
0.32625
0.34794
0.53731
0.67687
0.10531
0.49825
0.45594
0.56212
0.416
0.56863
0.5325
0.41125
0.44725
0.22694
0.46038
0.41806
0.33919
0.35481
0.30513
0.54131
0.45938
0.52613
0.55563
0.39225
0.32406
0.46044
0.27281
0.49738
0.28863
0.37356
0.56338
0.43681
0.59406
0.38387
0.37187
0.35463
0.32469
0.58462
0.45656
0.31256
0.17819
0.67581
0.22644
0.5105
0.48456
0.44869
0.54313
0.47506
0.36113
0.37894
0.39906
0.34419
0.35544
0.32137
0.53081
0.55006
0.47169
0.38313
0.19856
0.39081
0.28844
0.33388
0.63925
0.28656
0.29831
0.37475
0.28913
0.21731
0.44231
0.426
0.47444
0.2135
0.32844
0.48137
0.48062
0.3305
0.18512
0.41813
0.20337
0.37838
0.20019
0.38975
0.22231
0.30912
0.38688
0.16825
0.30381
0.407
0.40394
0.434
0.36312
0.47369
0.45869
0.38894
0.30106
0.644
0.55925
0.1775
0.3005
0.55631
0.35175
0.42888
0.33881
0.33825
0.67944
0.39325
0.25081
0.31706
0.455
0.44106
0.35237
0.38975
0.559
0.52287
0.30531
0.62775
0.46706
0.41256
0.40788
0.32175
0.41763
0.59313
0.46762
0.45713
0.60388
0.37625
0.38344
0.50294
0.32369
0.37969
0.29756
0.31137
0.43431
0.36594
0.57375
0.34769
0.33444
0.21106
0.39863
0.30663
0.27681
0.49162
0.33631
0.44856
0.3815
0.39525
0.40787
0.52025
0.31331
0.54163
0.41144
0.39744
0.33319
0.34625
0.49525
0.4625
0.35694
0.43169
0.28719
0.51744
0.42044
0.03825
0.521
0.345
0.43425
0.4495
0.43412
0.41506
0.38631
0.64988
0.23644
0.49075
0.58944
0.40875
0.34375
0.41206
0.33363
0.35694
0.324
0.42475
0.26663
0.28775
0.59781
0.32325
0.528
0.34031
0.463
0.42963
0.47338
0.46237
0.47669
0.50675
0.211
0.50375
0.49525
0.32775
0.37288
0.14069
0.16887
0.33369
0.37569
0.41112
0.66756
0.1515
0.26831
0.52394
0.3885
0.17181
0.48581
0.37988
0.36894
0.43656
0.16687
0.366
0.38256
0.326
0.38412
0.38306
0.30644
0.45238
0.43856
0.35037
0.3435
0.24662
0.38969
0.46925
0.43344
0.37956
0.58731
0.38875
0.54675
0.31912
0.35225
0.45925
0.19487
0.28144
0.50894
0.30981
0.50106
0.22406
0.4735
0.43637
0.48206
0.23531
0.43106
0.2475
0.34425
0.32644
0.61031
0.39937
0.45131
0.41025
0.42569
0.41687
0.40819
0.53887
0.509
0.22931
0.64431
0.306
0.389
0.43363
0.404
0.4125
0.21644
0.22456
0.48969
0.47294
0.25538
0.53225
0.50594
0.33525
0.64525
0.46431
0.47337
0.56575
0.29938
0.41494
0.36231
0.34594
0.31331
0.33237
0.5185
0.32075
0.63687
0.28825
0.40944
0.24394
0.16731
0.17706
0.28612
0.19213
0.28769
0.55688
0.17319
0.55919
0.27769
0.3535
0.57975
0.51331
0.28406
0.46994
0.28037
0.28994
0.30775
0.49756
0.36738
0.36162
0.49981
0.32425
0.38206
0.36644
0.18806
0.4225
0.44412
0.30281
0.54319
0.44769
0.34769
0.23144
0.28381
0.41312
0.44469
0.29631
0.32863
0.40687
0.46087
0.33713
0.22487
0.31038
0.41494
0.45506
0.41394
0.21375
0.54281
0.40925
0.29812
0.27225
0.37369
0.44437
0.2985
0.27194
0.39413
0.33481
0.19863
0.349
0.32656
0.24556
0.37769
0.39425
0.75138
0.47163
0.46681
0.38762
0.24281
0.63044
0.56106
0.54394
0.13587
0.36425
0.10825
0.32281
0.11963
0.30644
0.21894
0.23994
0.27487
0.39538
0.52444
0.40769
0.18031
0.438
0.39644
0.5065
0.63269
0.56544
0.42163
0.3825
0.37706
0.33131
0.44869
0.30094
0.33425
0.60288
0.36338
0.39056
0.24931
0.17869
0.53056
0.19544
0.30788
0.28544
