0.31533
0.20933
0.32622
0.33522
0.27022
0.29956
0.25089
0.39944
0.33311
0.55878
0.10522
0.30922
0.17456
0.45544
0.50967
0.45722
0.39178
0.67389
0.34522
0.63233
0.56933
0.47689
0.33122
0.28622
0.52233
0.472
0.39233
0.33644
0.24089
0.47389
0.57378
0.47144
0.50256
0.37844
0.64033
0.56933
0.80267
0.44189
0.37589
0.514
0.70767
0.52933
0.568
0.33089
0.36811
0.463
0.29122
0.61256
0.63611
0.54889
0.36244
0.24411
0.37933
0.49478
0.508
0.67611
0.33478
0.63211
0.48611
0.542
0.36089
0.34067
0.59556
0.44489
0.39122
0.51878
0.33578
0.31278
0.49878
0.60444
0.67667
0.34167
0.40011
0.45578
0.56922
0.48211
0.47111
0.47011
0.60211
0.49244
0.46044
0.552
0.66244
0.30722
0.57711
0.50444
0.70433
0.38644
0.32944
0.37944
0.51767
0.63333
0.74822
0.42944
0.56322
0.13978
0.41922
0.54933
0.61422
0.63811
0.48911
0.63178
0.30722
0.34244
0.65189
0.53467
0.41489
0.46189
0.35044
0.40089
0.44467
0.22833
0.38167
0.692
0.50489
0.37322
0.34267
0.356
0.45189
0.26411
0.66022
0.63644
0.47867
0.32611
0.44522
0.37722
0.37367
0.52122
0.55211
0.347
0.60267
0.42278
0.32556
0.30467
0.38789
0.42667
0.67533
0.559
0.53867
0.45078
0.442
0.47178
0.55656
0.71689
0.577
0.418
0.30411
0.45356
0.47267
0.61867
0.47967
0.49033
0.60322
0.68633
0.41056
0.32322
0.24544
0.71956
0.21611
0.305
0.45456
0.42833
0.25678
0.39722
0.52456
0.44756
0.56489
0.39867
0.49556
0.52989
0.47811
0.61789
0.54356
0.356
0.56478
0.63411
0.60189
0.411
0.33722
0.44633
0.444
0.74089
0.37856
0.44333
0.674
0.41056
0.44978
0.33611
0.55011
0.41156
0.31989
0.28233
0.45233
0.50544
0.48489
0.42878
0.481
0.30811
0.47433
0.33611
0.35733
0.45767
0.518
0.47189
0.31911
0.64267
0.451
0.54067
0.52178
0.65
0.52411
0.45878
0.452
0.21256
0.508
0.53189
0.40578
0.36733
0.36089
0.24778
0.48289
0.825
0.51933
0.57844
0.55422
0.562
0.52967
0.53722
0.36611
0.90656
0.56022
0.631
0.704
0.77
0.41433
0.41133
0.37544
0.38622
0.44267
0.090556
0.35467
0.53056
0.60778
0.63522
0.58267
0.49689
0.30378
0.55944
0.37822
0.40833
0.24189
0.30867
0.47133
0.518
0.26378
0.53311
0.33211
0.43733
0.77011
0.37867
0.59978
0.56189
0.48
0.32056
0.25067
0.43244
0.48678
0.48633
0.42267
0.34433
0.27811
0.46856
0.46622
0.30278
0.57378
0.28
0.15689
0.30867
0.63056
0.41022
0.47222
0.65833
0.59811
0.38222
0.49433
0.47556
0.50411
0.37033
0.50744
0.28978
0.46633
0.60889
0.56133
0.58611
0.51111
0.48578
0.43078
0.65922
0.38656
0.56244
0.31833
0.76222
0.45878
0.56911
0.5
0.60722
0.58367
0.56144
0.43367
0.46044
0.51011
0.55378
0.75022
0.49767
0.396
0.64322
0.59489
0.392
0.26622
0.24556
0.44411
0.63189
0.32689
0.641
0.467
0.52456
0.53367
0.61111
0.40144
0.57467
0.46167
0.583
0.63033
0.79356
0.40033
0.39411
0.40289
0.44189
0.61644
0.30722
0.41989
0.27844
0.21978
0.58711
0.48756
0.38978
0.38622
0.38589
0.32889
0.388
0.57844
0.29433
0.34256
0.43689
0.381
0.15778
0.58689
0.33222
0.37867
0.617
0.67778
0.59611
0.41233
0.48522
0.38033
0.72567
0.22078
0.41467
0.61478
0.33567
0.40967
0.628
0.63522
0.68811
0.29611
0.36033
0.63233
0.27911
0.57422
0.67711
0.55167
0.451
0.46222
0.23567
0.461
0.70711
0.44356
0.67044
0.30778
0.35211
0.47756
0.32478
0.49667
0.44689
0.29289
0.54344
0.51933
0.36022
0.242
0.407
0.48578
0.44344
0.667
0.59233
0.63778
0.39911
0.395
0.684
0.85244
0.28689
0.57889
0.46856
0.52967
0.30067
0.54678
0.63856
0.39856
0.43967
0.56689
0.30344
0.51622
0.31578
0.29567
0.53322
0.25378
0.63844
0.71656
0.46922
0.39867
0.508
0.37989
0.43944
0.61611
0.47078
0.40467
0.74278
0.48133
0.50389
0.36178
0.28322
0.41689
0.73144
0.49056
0.48567
0.41233
0.80956
0.73411
0.423
0.52189
0.51411
0.56211
0.635
0.62133
0.606
0.74144
0.456
0.53111
0.79544
0.41844
0.53378
0.34078
0.26733
0.44878
0.29644
0.33144
0.68067
0.43944
0.55689
0.51289
0.40322
0.54567
0.41878
0.50711
0.28867
0.60633
0.36044
0.489
0.12144
0.23067
0.52444
0.47733
0.54011
0.33633
0.53189
0.16311
0.66311
0.36422
0.49844
0.436
0.59744
0.544
0.34067
0.44656
0.46889
0.27911
0.42033
0.477
0.70356
0.13944
0.33522
0.395
0.62078
0.522
0.54744
0.50489
0.51378
0.32678
0.54889
0.39344
0.487
0.60256
0.67444
0.35844
0.66889
0.57178
0.60922
0.38689
0.52678
0.51978
0.29844
0.41478
0.743
0.54811
0.24244
0.37167
0.36644
0.58211
0.42111
0.34422
0.70289
0.19633
0.28678
0.34867
0.33222
0.75122
0.28756
0.15733
0.78167
0.34456
0.44356
0.73767
0.46133
0.55756
0.42778
0.49711
0.45433
0.51978
0.38067
0.59544
0.30544
0.48122
0.51644
0.50422
0.68756
0.38544
0.56856
0.68556
0.52233
0.55611
0.52922
0.39767
0.41533
0.68856
0.56611
0.49644
0.70944
0.36178
0.53433
0.5
0.50644
0.42033
0.42078
0.429
0.38978
0.53811
0.22867
0.18156
0.47733
0.39389
0.563
0.496
0.43122
0.29344
0.264
0.57967
0.33178
0.43533
0.39533
0.49267
0.28422
0.62522
0.35889
0.35567
0.46756
0.61389
0.37767
0.71467
0.13233
0.66078
0.52178
0.31589
0.54456
0.60944
0.29611
0.45244
0.12544
0.49956
0.38756
0.28533
0.35611
0.55867
0.42122
0.44722
0.21956
0.71256
0.55456
0.36256
0.77922
0.45267
0.44156
0.52456
0.51044
0.48456
0.58911
0.42033
0.52878
0.45833
0.61544
0.33311
0.53733
0.29889
0.51811
0.45756
0.67311
0.48289
0.28256
0.48367
0.45089
0.48
0.40489
0.23667
0.48389
0.61967
0.496
0.51511
0.64167
0.61511
0.50156
0.29256
0.54889
0.46456
0.61544
0.22222
0.38022
0.41156
0.29611
0.50878
0.59411
0.45722
0.56478
0.20522
0.48033
0.36833
0.47433
0.32078
0.51478
0.56622
0.56389
0.63267
0.56022
0.51133
0.49856
0.67978
0.44289
0.44667
0.64289
0.48656
0.73667
0.66622
0.47411
0.64533
0.334
0.70189
0.38333
0.86022
0.56922
0.50144
0.38567
0.442
0.41033
0.51356
0.159
0.43578
0.65089
0.54233
0.36533
0.24122
0.37244
0.689
0.44267
0.603
0.38278
0.27889
0.19656
0.69022
0.38167
0.33467
0.49267
0.43856
0.50489
0.51578
0.47656
0.41522
0.67656
0.55744
0.33611
0.47356
0.34822
0.66789
0.80267
0.18867
0.60222
0.27756
0.35944
0.57933
0.55222
0.40467
0.37789
0.63933
0.33744
0.40256
0.45944
0.283
0.30056
0.44333
0.526
0.50967
0.29489
0.40367
0.35267
0.29467
0.29356
0.34578
0.61144
0.24733
0.582
0.15756
0.53722
0.35789
0.52022
0.47078
0.54267
0.72333
0.57489
0.37689
0.37833
0.48678
0.52311
0.548
0.58833
0.26989
0.38633
0.127
0.69478
0.69511
0.68356
0.27489
0.51211
0.49244
0.44678
0.50667
0.38122
0.49944
0.67756
0.45667
0.47056
0.46522
0.35522
0.714
0.82667
0.31011
0.34844
0.61111
0.54833
0.42567
0.37522
0.65233
0.61622
0.445
0.361
0.42756
0.32356
0.43056
0.48533
0.428
0.53411
0.375
0.32878
0.38922
0.54344
0.82078
0.27744
0.413
0.29989
0.267
0.22356
0.46833
0.49956
0.611
0.39989
0.39156
0.56344
0.42756
0.40222
0.31233
0.49633
0.28278
0.39889
0.272
0.37011
0.64922
0.48278
0.61278
0.70644
0.39733
0.42078
0.72333
0.61467
0.24756
0.54633
0.58722
0.62556
0.87756
0.47
0.49689
0.52167
0.46711
0.68544
0.50144
0.573
0.52822
0.59656
0.51911
0.45822
0.35322
0.467
0.42089
0.496
0.194
0.30144
0.489
0.52756
0.43911
0.38778
0.313
0.23578
0.48233
0.40222
0.54589
0.66267
0.51156
0.69756
0.37011
0.38967
0.59078
0.42911
0.76467
0.43611
0.53756
0.55144
0.43667
0.36567
0.305
0.31522
0.61044
0.32456
0.35111
0.472
0.43289
0.48622
0.46256
0.36067
0.89833
0.49989
0.55811
0.51411
0.65011
0.393
0.35889
0.48244
0.35611
0.47822
0.342
0.41822
0.37611
0.63122
0.34011
0.48711
0.47078
0.45333
0.57778
0.72833
0.70556
0.602
0.595
0.404
0.45833
0.50967
0.396
0.37711
0.51378
0.37611
0.394
0.53878
0.60522
0.56456
0.696
0.42444
0.60522
0.35511
0.18856
0.769
0.24267
0.64267
0.57722
0.46711
0.47667
0.37778
0.44333
0.359
0.14367
0.48689
0.32667
0.59211
0.425
0.64722
0.59811
0.44
0.71922
0.60678
0.68311
0.75544
0.51244
0.37178
0.70944
0.38244
0.49222
0.44178
0.47689
0.58589
0.69056
0.34389
0.77744
0.45589
0.364
0.23333
0.48222
0.438
0.47878
0.33433
0.73311
0.51922
0.46089
0.67322
0.28833
0.454
0.54956
0.681
0.67056
0.568
0.41511
0.442
0.42111
0.11956
0.33222
0.50344
0.56111
0.58922
0.54233
0.42689
0.68056
0.36256
0.696
0.68922
0.45667
0.36389
0.55167
0.34167
0.45589
0.58478
0.59978
0.51056
0.50467
0.033222
0.62822
0.536
0.71289
0.59311
0.27989
0.75978
0.71622
0.51833
0.50967
0.70078
0.29756
0.40711
0.54133
0.69678
0.80644
0.61922
0.26533
0.64833
0.43756
0.56344
0.27656
0.42389
0.629
0.28033
0.821
0.78011
0.28889
0.90144
0.39811
0.43911
0.40411
0.479
0.43333
0.70489
0.32178
0.67333
0.498
0.66989
0.60189
0.46467
0.43311
0.55733
0.427
0.49944
0.17111
0.30867
0.67067
0.30033
0.58511
0.70356
0.468
0.47522
0.55578
0.44822
0.47011
0.538
0.48
0.30389
0.33822
0.592
0.51189
0.44589
0.54867
0.59122
0.50611
0.48522
0.65944
0.37344
0.59878
0.76967
0.45644
0.46044
0.493
0.34544
0.27889
0.65533
0.64278
0.51767
0.63844
0.21789
0.48211
0.38444
0.39167
0.81878
0.258
0.39189
0.58278
0.41978
0.48289
0.75422
0.47144
0.51289
0.528
0.31533
0.32656
0.651
0.36356
0.43689
0.51178
0.84822
0.65056
0.38144
0.84122
0.71078
0.39644
0.41444
0.31911
0.15922
0.39711
0.68433
0.59189
0.60689
0.25344
0.65644
0.38678
0.55022
0.52656
0.34911
0.481
0.56622
0.61844
0.41489
0.42667
0.43778
0.55556
0.35433
0.64989
0.61722
0.53733
0.62711
0.48922
0.58789
0.77922
0.337
0.48578
0.45322
0.41211
0.66656
0.45344
0.63
0.50922
0.49311
0.35589
0.64222
0.53956
0.54511
0.48744
0.42767
0.60178
0.37522
0.34678
0.51289
0.39322
0.72489
0.51378
0.55356
0.546
0.20933
0.70189
0.497
0.21467
0.35267
0.61156
0.58489
0.45956
0.49578
0.91656
0.52267
0.39178
0.50167
0.59178
0.46833
0.74389
0.56778
0.42244
0.36089
0.60656
0.65522
0.48333
0.55933
0.56267
0.48733
0.76989
0.602
0.35089
0.563
0.67011
0.647
0.11878
0.38867
0.38433
0.40422
0.21989
0.62211
0.43578
0.56933
0.46522
0.43178
0.26844
0.49833
0.55444
0.19011
0.434
0.40711
0.50878
0.569
0.34656
0.28578
0.56222
0.201
0.60333
0.38811
0.53411
0.677
0.38356
0.43822
0.57233
0.43844
0.48289
0.631
0.61978
0.67822
0.58511
0.32889
0.487
0.55289
0.52556
0.47911
0.47922
0.652
0.36267
0.52056
0.44778
0.41089
0.53556
0.42978
0.59578
0.498
0.314
0.38211
0.41556
0.45978
0.48556
0.37622
0.665
0.30489
0.26311
0.63778
0.63711
0.37189
0.34889
0.42622
0.65856
0.50278
0.52289
0.58467
0.52578
0.55367
0.44867
0.42311
0.57422
0.44311
0.788
0.58189
0.42167
0.47911
0.58122
0.38311
0.58044
0.24589
0.11811
0.34322
0.31289
0.44889
0.40978
0.72133
0.65744
0.45
0.19778
0.49178
0.55956
0.48889
0.33333
0.35878
0.40856
0.42733
0.30311
0.47333
0.399
0.63711
0.81811
0.22189
0.33767
0.544
0.62278
0.45878
0.44144
0.32256
0.45622
0.56978
0.73456
0.34322
0.48589
0.43178
0.65856
0.77333
0.41467
0.30022
0.55678
0.57278
0.26122
0.58189
0.57233
0.29844
0.31567
0.62322
0.34356
0.54533
0.32333
0.63822
0.53967
0.42956
0.62233
0.67344
0.55433
0.54689
0.57611
0.44789
0.33922
0.39433
0.63767
0.31044
0.76133
0.37222
0.46178
0.43456
0.36056
0.36689
0.61467
0.50822
0.57822
0.51156
0.39122
0.51422
0.46656
0.43922
0.51811
0.35878
0.34267
0.672
0.57056
0.599
0.62922
0.48478
0.58133
0.356
0.462
0.62756
0.27633
0.79778
0.53733
0.39722
0.61489
0.39078
0.42789
0.79144
0.62078
0.67189
0.18567
0.53956
0.59511
0.54989
0.55389
0.65111
0.44322
0.29078
0.52567
0.42822
0.55656
0.42544
0.60433
0.724
0.50267
0.27411
0.24656
0.70633
0.66867
0.51411
0.39956
0.65833
0.58233
0.49156
0.61589
0.55967
0.40944
0.55744
0.48756
0.464
0.38333
0.53889
0.63089
0.40478
0.25533
0.45078
0.33689
0.41
0.38922
0.65967
0.65267
0.24222
0.047111
0.64733
0.40244
0.44656
0.61367
0.23344
0.30744
0.25778
0.55489
0.55511
0.87733
0.49444
0.49589
0.50256
0.25367
0.25444
0.59578
0.30289
0.58533
0.57844
0.47967
0.42267
0.53478
0.49578
0.50911
0.79844
0.30589
0.74322
0.42033
0.33156
0.554
0.40533
0.72233
0.70244
0.471
0.28389
0.35167
0.83356
0.60467
0.37767
0.59944
0.48278
0.67778
0.41689
0.72956
0.58533
0.59511
0.628
0.41578
0.32278
0.59111
0.50267
0.34611
0.43944
0.41789
0.26011
0.39233
0.37078
0.37944
0.35244
0.55267
0.66844
0.38056
0.53111
0.33278
0.62344
0.76767
0.53067
0.60044
0.31789
0.50244
0.25544
0.24367
0.43978
0.53878
0.42978
0.55644
0.64544
0.382
0.54933
0.63522
0.24933
0.39978
0.38656
0.65256
0.30089
0.46311
0.30178
0.44944
0.47833
0.60822
0.648
0.45967
0.504
0.51456
0.43978
0.418
0.15656
0.25522
0.55711
0.30411
0.455
0.32611
