0.28375
0.42025
0.21825
0.16025
0.33925
0.23725
0.4795
0.26875
0.19825
0.21025
0.34225
0.14325
0.5355
0.273
0.24975
0.306
0.33925
0.3585
0.18975
0.12475
0.314
0.345
0.3165
-0.02325
0.216
0.1995
0.265
0.185
0.30675
0.423
0.1085
0.26175
0.327
0.16625
0.074
0.18825
-0.09225
0.26775
0.2775
0.26575
0.1545
0.3935
0.198
-0.03325
0.1755
0.28325
0.05325
0.0695
0.06275
0.169
0.208
0.13775
0.3895
0.04125
0.3265
0.1395
-0.0425
0.27775
0.2715
0.13725
0.08525
0.154
0.2675
0.1815
0.3735
0.02425
0.2895
0.1135
0.151
0.17325
0.04125
0.0015
0.22725
0.1315
0.195
0.2055
0.07325
0.20325
0.089
0.21125
0.0685
0.10975
0.03975
-0.287
0.2575
0.39775
0.263
0.10425
0.137
0.31575
0.312
0.29775
0.3705
0.16275
0.178
0.4405
0.187
0.244
0.1955
0.20575
0.379
0.3675
0.10975
0.20025
0.002
0.09775
0.112
0.37875
0.12975
-0.169
0.33325
0.31975
0.10425
0.25425
0.09425
0.25175
0.073
0.07475
0.083
0.383
0.19225
0.24275
0.16625
0.119
0.0785
0.10825
0.27025
0.22425
0.23775
0.15875
0.164
0.3985
0.36725
0.1265
0.0905
0.24725
0.291
0.0505
0.2315
0.26725
0.092
0.424
0.3455
0.13075
0.1405
0.4505
0.32825
0.028
0.18475
0.28475
0.31325
0.14025
-0.009
0.2655
0.1115
0.295
0.187
0.3425
0.2585
0.2275
0.2765
0.342
0.21675
0.142
0.222
0.02425
0.21125
0.185
0.05825
0.26375
0.216
0.2185
0.20725
0.25075
0.36725
0.18825
0.08925
0.4295
0.393
0.39025
0.4525
0.23575
0.078
0.18
0.33575
0.2065
0.36
-0.124
0.2295
0.18325
0.072
0.19075
0.11275
0.49125
0.04525
0.36725
0.239
0.1935
0.181
0.05825
0.25525
0.4015
-0.0195
0.06225
0.252
0.1415
0.18375
0.33625
0.18625
0.1495
0.043
0.1075
0.1605
0.01425
0.2255
0.07625
0.09475
0.16225
0.229
0.21125
0.28325
0.12775
0.3135
0.19225
0.17025
0.16
0.09325
0.2505
0.169
0.20175
0.17175
0.08075
0.04825
0.0955
0.26825
0.28625
0.15625
0.20225
0.12225
0.2095
0.25825
0.263
0.18075
0.49025
0.02325
0.0055
0.2065
0.09875
0.27375
0.143
0.4245
0.10525
0.34
0.202
0.34025
0.28575
0.2585
0.068
0.23025
0.20325
0.06675
0.1755
0.29675
0.39125
0.4185
0.16825
0.08175
0.2205
0.2695
0.089
0.1715
0.3075
0.154
0.27825
0.18275
0.246
0.1665
0.236
0.23325
0.11875
0.4035
-0.00625
0.01625
0.12125
0.226
0.097
0.245
0.23175
0.42075
0.15125
0.06375
0.1135
0.16825
0.20625
0.216
0.2935
0.366
0.1265
0.149
0.166
0.3615
0.169
0.231
0.2315
0.02425
-0.132
0.19825
0.25825
0.32325
0.0715
0.17
0.06175
0.1455
0.20075
0.0645
-0.04925
0.27025
0.08075
0.2085
0.2165
0.10525
0.01575
0.3095
0.397
0.2055
0.12025
0.205
0.308
0.145
0.41075
0.3025
0.07775
0.24075
0.1715
0.08125
0.301
-0.05475
-0.0135
0.29725
0.03775
0.1635
-0.128
0.04575
0.2505
0.1795
0.27475
0.0785
0.25675
0.07425
0.2065
0.26125
0.11725
0.38275
0.2545
0.21775
0.4215
0.3225
0.05775
0.1095
0.29125
0.166
0.302
0.18825
0.307
0.167
0.10175
0.3515
0.2465
0.322
0.20775
0.21375
0.0905
0.09775
0.20375
0.4255
0.138
-0.04475
0.1785
0.1415
0.2695
0.13875
0.2335
0.124
0.1905
0.14925
0.26875
0.179
0.1445
0.09275
0.246
0.2135
0.18225
0.0735
0.20625
0.262
0.07
0.12725
0.2675
0.651
0.1515
0.31375
0.0955
0.45425
0.3275
0.264
0.2675
0.038
-0.10975
0.2625
0.228
0.25225
0.04475
0.16375
0.2435
0.22725
0.25525
0.0685
0.23675
0.0555
0.2405
0.2055
0.14375
0.21225
0.20475
0.0685
0.30975
0.106
0.095
0.137
0.2225
0.06775
0.28275
0.43175
0.42025
0.20575
0.3515
0.08
0.1925
0.1635
0.2125
0.141
0.352
0.22125
0.17375
0.18675
0.4395
0.16875
0.28375
0.25775
0.245
0.1325
0.40775
0.217
0.10225
0.21075
0.30475
0.2285
0.35875
0.129
0.3505
0.2905
0.12175
0.5015
0.144
0.0675
0.2355
-0.11375
0.1375
0.06025
0.17575
0.3405
0.134
0.3675
0.07725
0.06425
0.31125
0.06575
0.319
0.22375
0.098
0.33125
0.36125
0.12225
0.45075
0.33975
0.171
0.05625
0.207
0.12825
0.291
0.09175
0.1085
0.1545
0.16575
0.218
0.14375
0.1455
0.209
0.16425
0.35
0.09575
0.3005
0.03525
0.23
0.296
0.296
0.2175
0.228
0.2
0.1525
0.157
0.14625
0.137
0.10325
0.1
0.358
0.2465
0.10275
-0.05025
0.1845
0.1095
0.209
0.1365
0.08975
0.22275
0.148
0.054
0.191
0.34
0.14525
0.18225
0.2235
0.20625
-0.0015
0.2165
0.267
0.3385
0.0395
0.27275
0.0535
0.2875
0.309
0.23275
0.20225
0.20625
0.07025
0.172
0.1775
-0.04875
0.249
0.0445
0.08725
0.40775
0.204
0.152
-0.1115
0.053
0.1015
0.03625
0.30425
0.09125
0.201
0.13975
0.283
0.21025
0.131
-0.02825
0.0325
0.3675
-0.077
0.108
0.202
0.04175
-0.061
0.13625
0.16825
0.2975
0.06325
0.12475
0.09375
0.13575
0.2745
0.2145
0.4835
0.17075
0.2095
0.222
0.1755
0.05075
0.309
0.38575
0.11225
0.2645
0.198
0.27325
0.24525
0.181
0.074
0.113
0.0535
0.0625
0.2085
0.38275
0.302
0.195
0.1485
0.1435
0.1425
0.156
0.1355
-0.01325
0.07825
0.3195
0.3255
0.18525
0.08475
0.27125
0.0595
0.276
0.259
0.3885
0.22775
0.02875
0.20925
0.45675
0.41225
-0.0325
0.226
0.321
0.28725
0.17775
0.43775
0.32125
0.16
0.2105
0.2735
0.26925
0.0505
0.19625
0.1875
-0.1645
0.30925
-0.00275
0.07825
0.32375
0.256
0.345
0.15725
0.138
0.29625
0.3475
0.39875
0.1435
0.09725
0.28875
0.2935
0.15
0.1465
0.32925
0.0145
0.143
0.23775
0.06175
0.07575
-0.0005
0.236
0.1325
0.253
0.129
0.30825
0.29575
0.1485
0.38825
0.11925
0.217
0.26125
0.2995
0.2225
0.246
0.308
0.24675
0.2435
0.05825
0.18675
0.14275
0.3655
0.2635
0.35575
0.3465
0.14375
0.192
0.1575
0.227
0.21975
0.0165
0.2815
0.34
0.17525
0.3335
0.48975
0.0895
0.16075
-0.04
0.33425
0.4115
0.1715
0.2565
0.2635
0.081
0.23425
0.321
0.11275
0.235
0.16525
0.08725
0.45025
0.17325
0.24525
0.0195
0.24775
0.05475
0.32
0.162
0.29775
0.20525
0.1975
0.273
0.255
0.15
0.21675
0.36825
0.24925
0.0815
0.2675
0.24325
0.1095
0.0465
0.2035
0.088
0.184
0.54775
0.20075
0.2085
0.23825
0.2295
0.36675
0.0775
0.17225
0.34075
-0.038
0.1295
0.209
0.19925
0.189
-0.0465
0.10375
0.02275
0.223
0.046
0.0235
0.187
0.32025
0.128
0.15275
0.1965
0.41725
0.29025
0.353
0.242
0.1105
0.068
0.2655
0.1845
0.24975
-0.04075
0.3785
0.4295
0.14675
0.22025
0.16
0.13225
0.13275
0.19025
0.23325
0.25575
0.206
0.13975
0.23975
0.1365
0.4355
0.10925
0.191
0.32
0.19325
0.05875
0.14125
0.2255
0.2585
0.16075
0.25675
0.0545
0.19175
0.141
0.308
0.1565
0.42825
0.07825
0.30725
-0.0005
0.05875
0.1485
0.01825
0.2175
0.2125
0.1305
0.224
0.24625
0.0725
0.177
0.01175
0.161
0.1185
0.05025
0.28975
0.25275
0.2985
0.07325
0.17325
0.4315
0.102
0.365
0.18475
0.39025
0.12225
0.124
0.28275
0.2645
0.14225
0.2875
0.19775
0.2695
0.2265
0.242
0.086
0.1275
0.42
0.221
0.5985
0.26775
0.1745
0.19425
0.29525
0.08875
0.14675
0.26925
0.296
0.14775
0.28675
0.178
0.1675
0.125
0.071
0.33625
0.16625
0.30575
0.13125
0.1095
0.31275
0.15225
0.00725
0.065
0.2975
0.12625
0.28475
0.2755
0.14025
0.30225
0.04275
0.27525
0.191
0.32325
0.158
0.12725
0.299
0.09875
0.23675
0.32325
0.45275
0.0595
0.2375
0.33075
0.11275
0.1275
0.197
0.217
0.162
-0.01375
0.33525
0.34525
0.3535
0.14975
0.2845
0.10625
0.16225
0.334
0.3165
0.3575
0.05025
0.17875
0.26875
0.30125
0.239
0.1245
0.2805
0.28925
0.3235
0.34925
0.27625
0.2035
0.08
0.1065
0.23675
0.16325
0.186
0.28875
0.23125
0.1605
0.2385
0.205
0.455
0.109
0.31725
0.16875
0.07525
0.28725
0.06875
0.2395
0.36725
0.22675
0.31075
0.033
0.29025
0.06625
0.4535
0.09
0.06075
-0.06425
0.20475
0.1755
0.40575
0.1585
0.22275
0.2145
-0.09525
0.2695
0.239
0.26475
0.44175
0.20525
0.174
0.1665
0.3375
0.39075
0.26875
0.1885
0.30125
0.1165
0.15925
0.2685
0.0965
0.23625
0.28675
0.334
0.1825
0.29425
0.1785
0.25925
0.1965
0.21625
0.263
-0.03425
0.23675
0.0635
0.27025
0.05975
0.14325
0.21475
0.22
0.0755
0.113
0.2025
0.15875
0.189
0.303
-0.0335
0.32075
0.22075
0.17725
0.19625
0.0325
0.12525
0.38575
0.289
0.45975
0.2765
0.2905
0.31925
0.1725
0.30825
0.19875
0.0165
0.191
0.38775
0.047
0.365
0.3395
0.19
0.22775
0.26075
0.13025
0.172
0.14125
0.22825
0.13725
-0.0425
0.164
0.1905
0.2595
0.1835
0.34525
0.23075
0.04975
0.1295
0.37325
0.3385
0.1345
0.08525
0.11825
0.30825
0.20475
-0.0445
0.21825
0.27425
0.007
0.07125
0.13175
0.4535
0.3275
0.20675
0.18225
0.06725
0.161
0.09825
0.2905
0.26125
0.174
0.17475
0.267
0.121
0.32525
0.255
0.11975
0.24775
0.37625
0.115
0.4
-0.06175
0.2355
0.08125
0.184
0.15225
0.34475
0.331
0.1355
0.16475
0.14275
0.2565
0.18425
0.32
0.475
0.1015
0.038
0.16625
0.1605
0.2515
0.355
0.0835
0.18075
0.1
0.28025
0.20025
0.15525
0.0435
0.3255
0.27225
0.036
0.1175
0.0155
-0.05075
0.28575
-0.00325
0.148
0.21975
0.20675
0.084
0.06875
0.2505
0.107
0.27275
0.20925
0.345
0.42225
0.09025
0.001
0.262
0.26175
0.2925
0.22075
0.40175
0.30975
0.22975
0.16475
0.10625
0.24575
0.16075
0.1085
0.05975
0.21325
0.02325
0.18325
0.1145
0.16125
0.335
0.34475
0.14375
0.12925
0.22025
0.246
0.13025
0.21325
0.12125
0.21275
0.20425
0.16275
0.26675
0.19675
0.09
0.20925
0.22125
0.30925
0.40025
0.24225
0.19875
0.16725
0.2255
0.54325
0.27175
0.5535
0.264
0.0225
0.21925
0.10575
0.3025
0.183
0.20775
0.34425
0.25125
0.15125
0.0795
0.1515
0.279
-0.0515
0.21725
0.2845
0.0325
0.3735
0.232
0.133
0.478
0.1855
0.15725
0.217
0.19425
0.26275
0.29175
0.39375
0.1935
0.275
0.19675
0.43625
0.073
0.1325
0.4215
0.16
0.2585
-0.016
0.11125
0.189
0.08
-0.128
0.3155
0.382
0.11425
0.184
0.2505
0.1815
0.0595
0.31
0.16375
0.148
0.1115
0.01125
0.04875
0.1105
-0.003
0.001
0.3205
0.233
0.068
0.17175
0.11725
0.30375
0.066
0.1265
0.2765
0.125
0.22425
0.11475
0.29
0.21325
0.11225
0.243
0.0895
0.1915
0.18825
0.1765
0.24525
0.357
0.0555
0.12375
0.61975
0.0295
0.32025
0.0935
0.2145
0.2165
0.2255
0.2795
0.1665
0.1145
0.1585
0.38625
0.17525
0.25525
0.21325
0.29125
0.16625
0.3155
0.04025
0.4595
0.17025
0.08075
0.20675
0.08075
0.06125
0.347
0.14175
0.30775
0.1285
0.15025
0.2585
0.1595
0.4645
0.097
0.237
0.102
0.29425
0.10575
0.14475
0.26725
0.3305
0.191
0.23925
0.227
0.16275
0.09575
-0.00725
0.111
0.187
0.20475
0.3735
0.44675
0.27925
0.282
0.1805
0.2945
-0.05825
0.16725
0.13025
0.066
0.17775
0.13975
0.04325
0.4495
0.37275
0.09475
0.36925
0.261
0.1995
0.14
0.0205
0.01
0.15725
0.3055
0.09125
0.25525
0.152
0.257
0.28175
0.2605
0.2
0.17725
0.32225
0.45525
0.02075
0.1645
0.14875
0.215
0.339
0.14675
0.13525
0.12825
0.15025
0.2045
0.1615
0.0635
0.04825
0.085
0.346
0.252
0.08075
-0.009
0.26175
0.1915
0.25025
0.18025
0.10375
0.2665
0.19775
0.3915
0.4335
0.18325
0.04725
0.46725
0.1595
0.296
0.17075
0.21525
0.4275
-0.01125
0.27875
0.2735
0.2095
0.315
0.2295
0.38525
0.37375
0.12625
0.27575
0.4435
0.091
0.2665
0.02425
0.34575
0.44875
0.356
0.219
0.2355
0.23475
0.4415
0.29775
0.32725
0.19775
0.34825
0.1075
0.16725
0.2515
0.1225
0.3985
0.36775
0.138
0.1985
0.2185
0.249
0.1645
0.0415
0.18775
0.2145
0.399
0.32475
0.14825
0.472
0.0895
0.2505
0.41525
0.2305
0.0235
0.544
0.317
0.17625
0.199
0.07375
0.2815
0.02675
0.14175
0.09225
0.062
0.07825
0.16125
0.11875
0.2305
0.111
0.24925
0.376
0.116
0.2175
0.49325
0.10675
0.01825
-0.02275
0.17525
0.07575
0.07975
0.19525
0.13775
0.30875
0.38175
-0.05075
0.07975
0.12825
0.26875
-0.04475
0.19325
0.1335
0.36725
0.34525
0.154
0.43225
0.06125
0.43275
0.19725
0.17525
0.171
0.32625
0.05375
0.06025
0.0035
0.42275
0.22225
0.10175
0.35125
0.125
0.32525
0.10575
0.29075
0.185
0.34825
0.35
0.2335
0.1315
0.0945
0.26275
0.2655
0.18325
0.25975
0.0555
0.349
0.17
0.38225
0.07475
0.25775
0.135
0.31775
0.129
0.43825
0.3175
0.39425
0.274
0.175
0.27175
0.2415
0.202
0.39575
0.419
0.17875
0.2325
0.317
0.216
0.10825
0.3725
0.23325
0.2485
0.107
0.248
0.28775
0.31375
0.4695
