0.37052
0.34656
0.51732
0.48276
0.42752
0.53032
0.34252
0.30524
0.47172
0.45424
0.22136
0.4358
0.36088
0.4468
0.43296
0.27252
0.33792
0.44032
0.20256
0.35996
0.4728
0.48528
0.30148
0.28616
0.4468
0.44772
0.36664
0.3266
0.279
0.30216
0.28496
0.3184
0.5418
0.30548
0.45024
0.20016
0.37448
0.39056
0.281
0.31016
0.41992
0.45308
0.40576
0.37332
0.26024
0.43316
0.56748
0.46844
0.40648
0.28792
0.23972
0.33512
0.3068
0.32836
0.3916
0.41132
0.374
0.33112
0.43028
0.50504
0.17716
0.53868
0.2776
0.38988
0.34856
0.42808
0.42572
0.34216
0.2828
0.42084
0.42444
0.32764
0.5924
0.50876
0.32436
0.35612
0.2512
0.4286
0.373
0.39508
0.35632
0.30112
0.29316
0.3792
0.24012
0.55464
0.3764
0.38684
0.1712
0.48776
0.43476
0.5698
0.39456
0.42864
0.37172
0.40928
0.54304
0.38484
0.32804
0.29112
0.42992
0.25972
0.39344
0.2866
0.3598
0.4624
0.35592
0.54376
0.32336
0.29236
0.30096
0.39068
0.5322
0.1484
0.34684
0.33716
0.35968
0.38768
0.36716
0.19416
0.5098
0.43156
0.4462
0.32452
0.28296
0.31472
0.4478
0.35064
0.416
0.38544
0.44572
0.40896
0.31076
0.28116
0.4474
0.53356
0.37076
0.36388
0.30908
0.40464
0.4686
0.39848
0.42244
0.3408
0.34504
0.32216
0.473
0.28432
0.3638
0.53
0.3742
0.3136
0.23752
0.27288
0.412
0.26404
0.24456
0.53716
0.3348
0.26796
0.37048
0.3808
0.39772
0.37744
0.50884
0.20836
0.3892
0.3272
0.2798
0.38376
0.33852
0.3384
0.32576
0.12184
0.34864
0.43504
0.37172
0.3238
0.3518
0.39976
0.31824
0.34656
0.36644
0.54456
0.26748
0.37428
0.46364
0.33004
0.36344
0.41444
0.38184
0.491
0.30448
0.32428
0.47948
0.28928
0.28864
0.28172
0.28936
0.41184
0.26552
0.28796
0.41256
0.41688
0.70044
0.44632
0.38256
0.32596
0.40792
0.4052
0.38336
0.40912
0.36616
0.35648
0.39316
0.44244
0.2028
0.22568
0.4004
0.44556
0.60692
0.64216
0.49332
0.44616
0.42472
0.51968
0.44232
0.4014
0.495
0.4016
0.36448
0.2726
0.1758
0.31528
0.34416
0.34424
0.35424
0.41768
0.26884
0.41768
0.24956
0.33976
0.47508
0.3784
0.62868
0.33312
0.46
0.4096
0.2938
0.34352
0.38084
0.39672
0.44572
0.31312
0.38652
0.40832
0.40876
0.3324
0.39448
0.36456
0.26024
0.28552
0.61188
0.31156
0.39436
0.49868
0.3422
0.3572
0.42428
0.50528
0.2738
0.21568
0.42944
0.28616
0.37424
0.2534
0.48768
0.5266
0.29756
0.24744
0.44036
0.36956
0.3504
0.2388
0.44476
0.47812
0.23892
0.37104
0.509
0.3802
0.31348
0.30124
0.36188
0.48304
0.45772
0.3254
0.2604
0.38856
0.49352
0.32428
0.25304
0.49876
0.3668
0.38284
0.34648
0.3044
0.40292
0.39652
0.30184
0.425
0.31252
0.4334
0.34112
0.3612
0.4168
0.3468
0.2792
0.46984
0.3272
0.364
0.41584
0.37384
0.30812
0.37852
0.48852
0.31696
0.4806
0.32912
0.3082
0.4886
0.283
0.53372
0.39812
0.46484
0.2964
0.31352
0.24956
0.34968
0.41216
0.35728
0.2846
0.16084
0.35152
0.32776
0.52448
0.40352
0.30076
0.378
0.33512
0.33032
0.3112
0.39456
0.38992
0.47896
0.23976
0.36144
0.2466
0.3036
0.27452
0.3606
0.39096
0.372
0.35512
0.54144
0.48
0.37184
0.36832
0.4402
0.45776
0.22944
0.33552
0.40016
0.3856
0.47164
0.26972
0.55292
0.2434
0.3136
0.44588
0.472
0.35848
0.47544
0.2632
0.26316
0.37916
0.306
0.3648
0.39768
0.3068
0.39724
0.41268
0.38524
0.4106
0.42244
0.45296
0.31304
0.39676
0.47472
0.40504
0.23364
0.4684
0.3368
0.31708
0.4774
0.25316
0.41392
0.13724
0.46004
0.3386
0.41316
0.42468
0.25696
0.34276
0.4784
0.40008
0.34784
0.51236
0.49928
0.37672
0.14748
0.43868
0.26868
0.46016
0.41384
0.29412
0.41676
0.413
0.2956
0.53032
0.28508
0.34612
0.4022
0.541
0.38176
0.31832
0.3858
0.5274
0.31032
0.41064
0.52804
0.36244
0.5404
0.34332
0.54596
0.50676
0.42104
0.46104
0.23616
0.28108
0.33404
0.2986
0.42528
0.3928
0.3278
0.31352
0.53684
0.23632
0.3012
0.39012
0.47036
0.44784
0.38872
0.2598
0.17784
0.60828
0.45348
0.47328
0.2224
0.3742
0.2846
0.55136
0.34048
0.49404
0.44144
0.31712
0.3848
0.4062
0.3902
0.3792
0.46964
0.405
0.29736
0.39116
0.393
0.39736
0.2316
0.2944
0.37808
0.3104
0.27852
0.4076
0.43672
0.44864
0.3984
0.2202
0.48188
0.3502
0.4178
0.29928
0.21128
0.3952
0.3976
0.36296
0.35516
0.40584
0.30164
0.33972
0.30528
0.42432
0.39808
0.33984
0.33164
0.21596
0.43144
0.4844
0.48128
0.4914
0.49732
0.41284
0.42684
0.28568
0.43568
0.25928
0.31808
0.29816
0.2516
0.4684
0.50024
0.44608
0.4956
0.38688
0.19288
0.39472
0.3182
0.31464
0.58352
0.2846
0.25096
0.61432
0.37356
0.43312
0.47752
0.59652
0.30888
0.41028
0.42472
0.32856
0.345
0.30184
0.30412
0.42652
0.3202
0.51568
0.33076
0.16452
0.34588
0.4798
0.43648
0.31192
0.5412
0.3752
0.47628
0.40524
0.28556
0.46956
0.44624
0.33436
0.26228
0.42356
0.34716
0.47476
0.31292
0.18956
0.34284
0.4488
0.298
0.43436
0.45756
0.42232
0.6318
0.3228
0.49056
0.292
0.5212
0.32672
0.49004
0.27348
0.33516
0.37304
0.26792
0.26552
0.35108
0.4252
0.278
0.5224
0.28284
0.55864
0.53148
0.30788
0.43788
0.49796
0.4638
0.5022
0.40812
0.52984
0.45288
0.40772
0.55484
0.26128
0.29452
0.33304
0.2938
0.54088
0.44924
0.35024
0.40136
0.37868
0.31396
0.28664
0.5844
0.30336
0.22992
0.34352
0.48744
0.3998
0.4194
0.239
0.63784
0.25868
0.45028
0.27672
0.38692
0.55276
0.5404
0.20792
0.17992
0.4664
0.2232
0.43008
0.36512
0.3556
0.38688
0.3576
0.275
0.32272
0.42588
0.51172
0.30844
0.1598
0.43552
0.334
0.30924
0.2392
0.50232
0.191
0.40692
0.51148
0.29512
0.33516
0.4718
0.26324
0.3596
0.38072
0.4694
0.36128
0.46336
0.39844
0.37812
0.51344
0.41996
0.42164
0.43128
0.33996
0.32136
0.47796
0.36892
0.43696
0.50576
0.229
0.47984
0.36716
0.48768
0.44584
0.50044
0.32832
0.31344
0.38312
0.24256
0.23456
0.27796
0.54756
0.33104
0.42904
0.35912
0.46076
0.34712
0.41008
0.49076
0.4618
0.42108
0.32564
0.39616
0.19604
0.28644
0.32204
0.33236
0.33348
0.47644
0.28608
0.37864
0.3702
0.39616
0.27068
0.41652
0.43256
0.1778
0.43492
0.28876
0.22232
0.3934
0.34836
0.28052
0.3754
0.28232
0.54068
0.22516
0.50972
0.33828
0.25868
0.42796
0.25748
0.32404
0.22652
0.36088
0.21096
0.26716
0.30716
0.42932
0.35312
0.31704
0.25072
0.47448
0.33548
0.40072
0.42352
0.36124
0.3178
0.46184
0.36684
0.43688
0.22864
0.30444
0.42712
0.33576
0.28844
0.42288
0.33068
0.5558
0.33232
0.62092
0.52504
0.33584
0.3866
0.51988
0.41116
0.41008
0.45844
0.43308
0.25044
0.32568
0.41808
0.33192
0.2638
0.4444
0.44268
0.40556
0.37708
0.42164
0.28204
0.3782
0.31472
0.37176
0.2764
0.49924
0.373
0.34388
0.52652
0.3654
0.22648
0.58388
0.44388
0.30288
0.41768
0.4638
0.25484
0.33428
0.32708
0.43528
0.62784
0.46596
0.4198
0.37252
0.40616
0.4032
0.41552
0.3918
0.3648
0.57164
0.42912
0.36848
0.39124
0.47536
0.29248
0.483
0.48884
0.39812
0.465
0.22932
0.27988
0.27092
0.456
0.37404
0.54284
0.50912
0.4344
0.47964
0.30892
0.35672
0.31672
0.334
0.6586
0.54208
0.42008
0.41668
0.4472
0.4084
0.39188
0.39016
0.35248
0.42976
0.34384
0.38608
0.4502
0.34696
0.30936
0.45772
0.3834
0.7302
0.43872
0.39752
0.32208
0.38404
0.60656
0.3864
0.364
0.43392
0.45828
0.39256
0.245
0.36828
0.42072
0.40288
0.3446
0.44304
0.40256
0.4672
0.30628
0.58052
0.26072
0.33268
0.43072
0.3298
0.5042
0.31704
0.46052
0.2908
0.35252
0.35548
0.43592
0.32876
0.44196
0.37812
0.28
0.36432
0.23372
0.65656
0.33336
0.35332
0.33756
0.50548
0.29128
0.40032
0.4954
0.32492
0.546
0.35268
0.34616
0.23656
0.55428
0.28876
0.41104
0.46636
0.35536
0.41224
0.50368
0.28768
0.51196
0.39388
0.41336
0.28252
0.35592
0.44416
0.28904
0.47404
0.28408
0.32312
0.36068
0.33372
0.32556
0.24944
0.18452
0.47588
0.46764
0.5546
0.34296
0.32784
0.59464
0.32236
0.48068
0.4222
0.25144
0.37972
0.316
0.2392
0.21764
0.52924
0.51812
0.32384
0.25484
0.31784
0.49596
0.5108
0.66928
0.18004
0.45432
0.48228
0.38596
0.43792
0.31728
0.44512
0.3386
0.41484
0.3458
0.46352
0.50836
0.27832
0.58048
0.78444
0.4726
0.3594
0.44984
0.38724
0.50224
0.3812
0.2418
0.35336
0.41152
0.49668
0.47192
0.40368
0.45352
0.43812
0.42884
0.31736
0.21888
0.3992
0.30316
0.46488
0.39432
0.30728
0.3334
0.61304
0.43496
0.2586
0.34764
0.47024
0.25492
0.48028
0.46996
0.44636
0.5206
0.36064
0.2624
0.2822
0.28848
0.51188
0.26056
0.46144
0.43324
0.41168
0.22028
0.22324
0.42128
0.29736
0.23916
0.42124
0.41184
0.4388
0.59812
0.38888
0.50952
0.42196
0.44452
0.35424
0.53312
0.21464
0.31648
0.29716
0.4044
0.49448
0.39708
0.52616
0.43704
0.39076
0.47684
0.7456
0.30628
0.38308
0.42852
0.43064
0.41172
0.54276
0.25716
0.4486
0.36632
0.51424
0.44492
0.51172
0.22504
0.32376
0.25516
0.22232
0.37956
0.3508
0.401
0.60088
0.37552
0.3582
0.37496
0.33964
0.59184
0.48544
0.28868
0.41932
0.40848
0.36532
0.27928
0.428
0.2374
0.39516
0.33772
0.50364
0.391
0.38352
0.36224
0.3934
0.4888
0.36716
0.29336
0.42884
0.25248
0.39104
0.385
0.41744
0.68268
0.29344
0.44716
0.39748
0.16436
0.44328
0.40432
0.2996
0.32836
0.64888
0.3884
0.127
0.35016
0.32708
0.25724
0.37336
0.42048
0.64764
0.46536
0.29012
0.26852
0.30056
0.24688
0.3312
0.45644
0.59152
0.36156
0.28552
0.35332
0.51592
0.32584
0.24072
0.4502
0.30312
0.59036
0.37416
0.35636
0.45932
0.38284
0.44784
0.4106
0.33128
0.35716
0.4206
0.4034
0.43096
0.38304
0.42224
0.2186
0.3602
0.34312
0.324
0.31292
0.19052
0.37208
0.40792
0.439
0.26572
0.44824
0.34804
0.33676
0.5322
0.51128
0.42964
0.26308
0.41496
0.63948
0.205
0.27276
0.296
0.45732
0.05428
0.24672
0.21012
0.3214
0.214
0.34112
0.32312
0.33724
0.40036
0.28328
0.31952
0.33112
0.2834
0.32856
0.31384
0.38708
0.56008
0.4366
0.61792
0.30616
0.43772
0.17096
0.48468
0.62192
0.40668
0.35248
0.47124
0.38836
0.4194
0.41388
0.36448
0.33324
0.41252
0.36888
0.27788
0.41908
0.49388
0.286
0.33556
0.17868
0.35292
0.31276
0.42612
0.75852
0.54692
0.319
0.41648
0.36412
0.49716
0.41104
0.42156
0.56436
0.34992
0.35152
0.50936
0.4118
0.4972
0.25784
0.50532
0.51336
0.27432
0.1572
0.5194
0.29996
0.40768
0.31496
0.41964
0.4362
0.32696
0.47284
0.42764
0.45464
0.4032
0.38984
0.47336
0.32344
0.39424
0.34648
0.22944
0.46152
0.41068
0.45596
0.37564
0.42984
0.37752
0.50736
0.28596
0.32724
0.235
0.37044
0.22708
0.32924
0.34384
0.60296
0.4294
0.29576
0.43448
0.46744
0.38284
0.26804
0.4944
0.3378
0.4492
0.30484
0.53364
0.29256
0.55788
0.36048
0.40268
0.34464
0.40284
0.35968
0.41096
0.45696
0.16144
0.28368
0.41
0.5686
0.36836
0.2424
0.35192
0.28984
0.45116
0.58364
0.48332
0.44572
0.27956
0.36344
0.45816
0.41764
0.468
0.29748
0.26804
0.32016
0.3566
0.32364
0.332
0.41512
0.44548
0.36868
0.31668
0.3358
0.43596
0.42616
0.45072
0.47252
0.27976
0.46192
0.44696
0.4438
0.4556
0.367
0.47716
0.59332
0.34432
0.27192
0.34048
0.30448
0.4552
0.46288
0.73332
0.13344
0.3574
0.38496
0.45736
0.25684
0.53936
0.2976
0.38396
0.40616
0.53052
0.34416
0.36012
0.35056
0.56636
0.61976
0.34244
0.15284
0.47456
0.21624
0.44204
0.48012
0.2986
0.41388
0.26364
0.35256
0.23956
0.27132
0.4298
0.34444
0.3666
0.3732
0.38848
0.37828
0.37132
0.498
0.27896
0.39824
0.23004
0.3314
0.3544
0.4552
0.336
0.23048
0.45272
0.3642
0.41356
0.35372
0.3854
0.36316
0.50968
0.31552
0.435
0.3446
0.41212
0.37548
0.43224
0.2622
0.42008
0.54724
0.40636
0.33276
0.21024
0.49576
0.43892
0.27292
0.51536
0.53876
0.46852
0.59132
0.37108
0.43748
0.29076
0.42924
0.28024
0.40368
0.41976
0.54612
0.55532
0.32468
0.42244
0.39836
0.2462
0.36008
0.35816
0.58952
0.43584
0.4208
0.4718
0.23996
0.33216
0.40128
0.44228
0.41692
0.339
0.58228
0.45636
0.58144
0.43256
0.25252
0.2664
0.40016
0.308
0.38864
0.27744
0.34132
0.31096
0.5736
0.3716
0.426
0.44488
0.31488
0.38084
0.3744
0.51944
0.4818
0.33324
0.44444
0.22548
0.19904
0.1894
0.29356
0.36736
0.36768
0.24084
0.25644
0.21808
0.64644
0.32932
0.37164
0.46192
0.47644
0.47316
0.38516
0.27204
0.43928
0.37676
0.39488
0.364
0.2272
0.31584
0.23452
0.23888
0.30612
0.47564
0.43512
0.4746
0.3888
0.39016
0.35528
0.36304
0.23892
0.35884
0.45328
0.28752
0.42124
0.43188
0.35536
0.23832
0.33748
0.35328
0.32304
0.51476
0.29428
0.36644
0.225
0.38952
0.42032
0.33624
0.31744
0.34524
0.50304
0.46432
0.40792
0.3032
0.40952
0.4932
0.32936
0.33184
0.3678
0.41972
0.46652
0.34644
0.29756
0.2224
0.392
0.34616
0.37292
0.28288
0.44956
0.31332
0.52628
0.5934
0.41552
0.46352
0.27572
0.35212
0.2984
0.29572
0.35044
0.34696
0.49188
