0.2925
0.40675
0.32975
0.139
0.253
0.3875
0.452
0.4975
0.469
0.47925
0.4065
0.1955
0.2695
0.19
0.52025
0.27075
0.40525
0.31125
0.374
0.254
0.137
0.2475
0.44675
0.20475
0.374
0.4435
0.16
0.483
0.18825
0.34925
0.2745
0.2515
0.35525
0.29625
0.17575
0.2
0.35875
0.41525
0.49675
0.44675
0.3005
0.48025
0.297
0.2225
0.1545
0.3865
0.21225
0.339
0.245
0.178
0.363
0.21925
0.16575
0.24725
0.185
0.184
0.33875
0.1055
0.19425
0.3455
0.33
0.36475
0.387
0.4325
0.28
0.361
0.35325
0.207
0.09325
0.54075
0.345
0.293
0.382
0.492
0.1805
0.1915
0.3495
0.53
0.2965
0.25675
0.359
0.49525
0.435
0.4205
0.23475
0.24625
0.3615
0.37725
0.2505
0.267
0.35875
0.16325
0.283
0.45525
0.5785
0.346
0.26125
0.222
0.4905
0.29625
0.4715
0.274
0.426
0.10225
0.34225
0.2365
0.43675
0.3685
0.3155
0.26075
0.326
0.44425
0.20775
0.23925
0.56825
0.48425
0.19125
0.49425
0.20325
0.3315
0.5305
0.15325
0.188
0.51425
0.4025
0.27675
0.34425
0.25625
0.546
0.22775
0.29025
0.211
0.317
0.5065
0.11825
0.2835
0.18425
0.439
0.18825
0.26875
0.1655
0.296
0.4795
0.31225
0.275
0.3335
0.42925
0.381
0.3455
0.504
0.3955
0.17175
0.22425
0.2905
0.20175
0.43375
0.26875
0.23175
0.2355
0.37725
0.31775
0.253
0.27575
0.2385
0.239
0.32825
0.16225
0.28425
0.21025
0.254
0.36725
0.36175
0.32325
0.19125
0.41
0.33
0.315
0.392
0.1885
0.096
0.3155
0.1235
0.21875
0.1865
0.41825
0.3965
0.31725
0.3285
0.35875
0.4875
0.208
0.3
0.365
0.33475
0.346
0.612
0.3375
0.347
0.31175
0.25675
0.219
0.45425
0.2425
0.5195
0.43275
0.53025
0.1835
0.3765
0.4955
0.391
0.0135
0.2035
0.561
0.29775
0.142
0.268
0.1665
0.045
0.254
0.163
0.225
0.71425
0.446
0.21525
0.2765
0.322
0.16125
0.43475
0.34925
0.4725
0.445
0.06475
0.2205
0.4385
0.287
0.1795
0.289
0.184
0.34175
0.51625
0.36425
0.41725
0.5065
0.3505
0.24425
0.4835
0.42975
0.195
0.2475
0.21225
0.465
0.3855
0.3985
0.243
0.47275
0.3855
0.26525
0.2375
0.31925
0.25
0.24125
0.37925
0.34025
0.3625
0.24
0.24475
0.2675
0.215
0.36325
0.34025
0.38375
0.42575
0.4475
0.16225
0.545
0.26975
0.3265
0.619
0.27625
0.171
0.231
0.2085
0.35525
0.279
0.19175
0.14925
0.53225
0.196
0.267
0.3285
0.34575
0.2425
0.337
0.4665
0.1315
0.2745
0.2675
0.263
0.27075
0.24075
0.38925
0.36475
0.19975
0.11725
0.20575
0.3095
0.343
0.3625
0.33
0.26475
0.3825
0.2585
0.2085
0.41725
0.51875
0.3975
0.483
0.41225
0.32975
0.407
0.3555
0.3035
0.17525
0.362
0.261
0.36475
0.18875
0.16375
0.34675
0.25975
0.25575
0.38525
0.549
0.33
0.56275
0.32525
0.4685
0.19375
0.355
0.2045
0.2485
0.26425
0.2115
0.358
0.463
0.2395
0.37925
0.23525
0.14875
0.278
0.3045
0.1865
0.23725
0.44875
0.314
0.23875
0.25175
0.27225
0.339
0.35225
0.37725
0.20225
0.085
0.271
0.3325
0.24875
0.26875
0.2025
0.18925
0.31075
0.285
0.27075
0.29775
0.28125
0.252
0.601
0.0205
0.38925
0.19425
0.4125
0.2565
0.144
0.2315
0.41725
0.33
0.32375
0.30975
0.22025
0.0475
0.42375
0.37375
0.192
0.177
0.03025
0.22625
0.3075
0.36825
0.4815
0.2195
0.24975
0.48925
0.3875
0.4535
0.32875
0.48925
0.33075
0.28
0.21125
0.37025
0.211
0.5165
0.38725
0.19725
0.394
0.2725
0.53075
0.24925
0.4085
0.18875
0.2995
0.14275
0.51425
0.2835
0.2165
0.386
0.35575
0.2525
0.13675
0.31575
0.32275
0.3755
0.26
0.227
0.22675
0.176
0.33625
0.3305
0.53325
0.312
0.15525
0.17625
0.36025
0.47075
0.39075
0.22725
0.53975
0.26275
0.22575
0.215
0.3105
0.3395
0.44025
0.34625
0.32875
0.4325
0.235
0.365
0.11875
0.393
0.3925
0.22175
0.31625
0.20975
0.308
0.42
0.4085
0.3405
0.1915
0.46075
0.1815
0.38175
0.34475
0.18875
0.28925
0.21325
0.33725
0.152
0.05675
0.24125
0.222
0.2285
0.42325
0.20875
0.20575
0.2955
0.2235
0.137
0.3135
0.45475
0.24025
0.2735
0.30525
0.07975
0.49325
0.32175
0.51375
0.33125
0.37025
0.12575
0.29925
0.484
0.39275
0.23625
0.43175
0.33
0.18
0.204
0.29625
0.38475
0.384
0.48975
0.43525
0.24675
0.22575
0.5035
0.33825
0.24025
0.22
0.357
0.3895
0.4005
0.39275
0.292
0.23975
0.26075
0.2705
0.48075
0.31225
0.1695
0.18525
0.43375
0.531
0.34175
0.3665
0.30025
0.2915
0.399
0.245
0.25275
0.36725
0.297
0.38175
0.30575
0.292
0.315
0.3685
0.359
0.35275
0.22625
0.34775
0.43925
0.315
0.481
0.24125
0.248
0.40425
0.13175
0.25175
0.17625
0.31825
0.20775
0.121
0.25825
0.12725
0.647
0.30925
0.312
0.208
0.33225
0.3375
0.33675
0.46725
0.42925
0.307
0.32975
0.3405
0.4445
0.49475
0.37525
0.43725
0.2335
0.455
0.23575
0.17775
0.16475
0.236
0.19175
0.44175
0.228
0.3525
0.317
0.5225
0.40125
0.1425
0.41825
0.334
0.00775
0.35975
0.14925
0.17825
0.47275
0.302
0.23325
0.511
0.0475
0.17675
0.27425
0.254
0.06525
0.29325
0.30275
0.40525
0.37
0.27325
0.30425
0.33375
0.505
0.25475
0.1345
0.49875
0.25675
0.50225
0.17475
0.18975
0.6545
0.42025
0.509
0.1775
0.2115
0.35275
0.15225
0.32425
0.38775
0.274
0.12725
0.36475
0.159
0.07575
0.196
0.52675
0.08125
0.366
0.266
0.514
0.18375
0.335
0.19
0.1925
0.444
0.292
0.2495
0.31675
0.0545
0.36325
0.473
0.35
0.35975
0.20675
0.26275
0.3395
0.19225
0.34425
0.071
0.24075
0.21625
0.513
0.3
0.28475
0.50275
0.33525
0.1915
0.2095
0.2885
0.4275
0.188
0.24825
0.2815
0.3055
0.36
0.18975
0.27875
0.36275
0.44225
0.3125
0.24325
0.40025
0.21625
0.607
0.2185
0.26675
0.476
0.46325
0.44275
0.52025
0.36675
0.30875
0.36975
0.3205
0.294
0.25875
0.43525
0.1475
0.3955
0.1675
0.21825
0.34475
0.34875
0.32275
0.17
0.31875
0.278
0.29025
0.2335
0.4315
0.23975
0.26025
0.24525
0.291
0.2505
0.42
0.3785
0.4695
0.311
0.17375
0.38875
0.19125
0.1585
0.3065
0.57275
0.37275
0.526
0.31725
0.215
0.28925
0.323
0.25125
0.31825
0.45825
0.2565
0.264
0.306
0.27475
0.40425
0.32575
0.3855
0.0985
0.6075
0.23
0.4735
0.32125
0.3
0.174
0.4065
0.2455
0.41625
0.2895
0.32925
0.1515
0.50275
0.199
0.2115
0.3785
0.45275
0.488
0.45725
0.464
0.4195
0.3355
0.156
0.1145
0.46975
0.11225
0.3345
0.2585
0.184
0.39825
0.6365
0.2625
0.43425
0.56075
0.19525
0.13875
0.0865
0.37025
0.31825
0.23575
0.40125
0.285
-0.00025
0.43825
0.347
0.37525
0.40125
0.2875
0.41475
0.315
0.2775
0.42475
0.3105
0.06
0.17975
0.38425
0.09975
0.37275
0.565
0.3155
0.329
0.29175
0.53675
0.37775
0.3415
0.32525
0.54225
0.51925
0.29575
0.46125
0.3795
0.40325
0.1745
0.349
0.54225
0.2785
0.28675
0.40175
0.13675
0.37625
0.2415
0.202
0.291
0.30525
0.18725
0.15125
0.2905
0.23975
0.274
0.321
0.16675
0.18975
0.1785
0.44125
0.39325
0.564
0.482
0.199
0.249
0.0505
0.22225
0.3515
0.24575
0.41625
0.35075
0.37725
0.319
0.32475
0.2195
0.292
0.36475
0.279
0.184
0.20975
0.20575
0.34075
0.34875
0.232
0.421
0.285
0.263
0.39375
0.1855
0.20175
0.16975
0.218
0.613
0.28825
0.36925
0.0595
0.3325
0.32575
0.35525
0.253
0.465
0.3835
0.4765
0.3445
0.461
0.3955
0.50675
0.46375
0.427
0.249
0.273
0.292
0.55675
0.2655
0.37375
0.295
0.21575
0.35125
0.17
0.21125
0.24675
0.3585
0.46925
0.44275
0.50675
0.234
0.36225
0.07275
0.12075
0.332
0.45775
0.41325
0.12675
0.41125
0.394
0.34725
0.25275
0.319
0.51175
0.505
0.287
0.318
0.2515
0.49225
0.21625
0.3035
0.20975
0.18725
0.23975
0.30975
0.40275
0.48875
0.26475
0.285
0.30175
0.39975
0.394
0.26075
0.1865
0.4415
0.5085
0.42625
0.315
0.28175
0.17225
0.40925
0.29775
0.19525
0.31075
0.1705
0.30525
0.495
0.48975
0.2655
0.3775
0.17625
0.32875
0.56075
0.3315
0.55725
0.17875
0.503
0.4115
0.44625
-0.07575
0.19175
0.24075
0.344
0.3755
0.249
0.49325
0.32175
0.5615
0.29725
0.27675
0.3225
0.26275
0.383
0.38
0.42825
0.42275
0.21225
0.164
0.291
0.307
0.26475
0.469
0.3665
0.404
0.4205
0.6615
0.1965
0.2545
0.18575
0.334
0.1305
0.4125
0.28825
0.41825
0.1525
0.503
0.4955
0.2415
0.3175
0.4225
0.4315
0.4725
0.2865
0.27625
0.4915
0.2755
0.48675
0.289
0.39875
0.341
0.21
0.31175
0.23425
0.26675
0.3795
0.24525
0.54125
0.33075
0.405
0.469
0.227
0.24075
0.277
0.5185
0.35625
0.361
0.2475
0.33125
0.48125
0.1965
0.755
0.22425
0.60375
0.35675
0.464
0.3175
0.33025
0.2985
0.10125
0.14375
0.195
0.21725
0.2925
0.224
0.25375
0.288
0.17125
0.3545
0.532
0.44575
0.36475
0.29175
0.3995
0.425
0.2955
0.282
0.33675
0.114
0.23175
0.1505
0.23475
0.6645
0.345
0.19975
0.2005
0.12825
0.251
0.35625
0.30675
0.34575
0.2765
0.38525
0.27
0.3575
0.33825
0.38675
0.2425
0.3345
0.19925
0.41975
0.42125
0.39125
0.2915
0.43725
0.4995
0.4345
0.52675
0.314
0.393
0.50825
0.34175
0.32675
0.075
0.43475
0.50475
0.24575
0.355
0.44675
0.096
0.4305
0.19375
0.4255
0.20575
0.47075
0.12825
0.1735
0.09975
0.229
0.4385
0.30425
0.2825
0.3575
0.396
0.34
0.205
0.612
0.31075
0.28625
0.18075
0.48575
0.28875
0.15775
0.329
0.373
0.369
0.3655
0.35575
0.3405
0.42975
0.27925
0.20725
0.5115
0.32025
0.28525
0.318
0.2445
0.3535
0.1915
0.24975
0.33325
0.15625
0.22775
0.42775
0.17475
0.48425
0.11675
0.3245
0.218
0.37625
0.31475
0.261
0.3615
0.38025
0.271
0.4095
0.55225
0.51025
0.52825
0.53975
0.23775
0.39225
0.29425
0.31775
0.39625
0.30825
0.46625
0.4065
0.15325
0.4355
0.1875
0.52825
0.2035
0.3385
0.3485
0.18625
0.41325
0.3335
0.411
0.265
0.32175
0.389
0.37175
0.40125
0.2075
0.5105
0.143
0.6065
0.2675
0.4805
0.29375
0.34075
0.368
0.32275
0.41875
0.33075
0.42
0.47575
0.448
0.473
0.14375
0.2
0.3935
0.349
0.3945
0.4075
0.571
0.2575
0.32875
0.2775
0.214
0.288
0.265
0.164
0.29875
0.56325
0.22125
0.3525
0.3135
0.42025
0.30575
0.451
0.212
0.11675
0.51275
0.446
0.43875
0.05375
0.2185
0.60125
0.3485
0.4325
0.31875
0.46375
0.495
0.22975
0.2965
0.5025
0.2625
0.53875
0.42375
0.4455
0.1925
0.45975
0.35775
0.3505
0.35175
0.20775
0.1065
0.30375
0.18375
0.3125
0.187
0.269
0.08425
0.3975
0.2745
0.32675
0.39
0.20475
0.24325
0.48125
0.51925
0.412
0.385
0.33
0.25825
0.29275
0.35275
0.16775
0.1575
0.233
-0.118
0.3045
0.179
0.3445
0.1545
0.42725
0.53125
0.4205
0.624
0.2235
0.1345
0.52975
0.4585
0.12875
0.4955
0.4375
0.53325
0.37775
0.3135
0.34975
0.25625
0.22875
0.3545
0.24925
0.19825
0.405
0.19575
0.3905
0.555
0.53175
0.21925
0.265
0.21375
0.4465
0.465
0.39175
0.37925
0.48025
0.38025
0.241
0.3445
0.36875
0.57175
0.43525
0.34175
0.2435
0.2595
0.37925
0.1805
0.4575
0.18325
0.26375
0.2515
0.243
0.31525
0.484
0.413
0.34825
0.41275
0.17075
0.3715
0.407
0.37125
0.287
0.48225
0.308
0.21775
0.306
0.2725
0.3155
0.23
0.426
0.06525
0.31825
0.26975
0.28225
0.3935
0.246
0.4225
0.301
0.2665
0.27925
0.2755
0.2465
0.46925
0.399
0.59075
0.31625
0.43025
0.3685
0.373
0.43675
0.28375
0.26325
0.271
0.2125
0.513
0.496
0.25
0.2665
0.22275
0.15575
0.2275
0.13225
0.522
0.22775
0.31675
0.491
0.26175
0.09025
0.4035
0.51175
0.38475
0.47075
0.34575
0.215
0.3505
0.16475
0.24175
0.289
0.28325
0.34725
0.506
0.3905
0.40575
0.2015
0.272
0.337
0.39075
0.39925
0.216
0.39125
0.268
0.31375
0.49025
0.393
0.2555
0.1795
0.28075
0.36175
0.2545
0.4175
0.17975
0.47075
0.349
0.23775
0.459
0.44225
0.2305
0.1715
0.4225
0.4445
0.23175
0.3115
0.30975
0.294
0.062
0.24075
0.32025
0.4155
0.2015
0.386
0.45375
0.17525
0.2865
0.23825
0.44075
0.2735
0.26475
0.4415
0.3345
0.59
0.481
0.2685
0.38575
0.30475
0.11525
0.454
0.27875
0.19725
0.21625
0.419
0.2515
0.1595
0.426
0.3505
0.40775
0.2665
0.37175
0.2845
0.26275
0.16775
0.4775
0.22975
0.18725
0.3885
0.4265
0.42075
0.2205
0.34575
0.3515
0.26775
0.4555
0.2965
0.18375
0.23425
0.3965
0.266
0.436
0.37225
0.465
0.174
0.2375
0.16825
0.1765
0.32825
0.43375
0.1645
0.43475
0.294
0.23125
0.20025
0.097
0.36025
0.2485
0.352
0.3135
0.3105
0.317
0.27475
0.55075
