0.56975
0.52056
0.3975
0.3235
0.629
0.49731
0.53763
0.52144
0.54369
0.63688
0.57337
0.36769
0.4185
0.50487
0.67794
0.8045
0.55369
0.41025
0.41662
0.39206
0.50206
0.40156
0.38937
0.51663
0.50669
0.4345
0.52631
0.44181
0.32844
0.65675
0.48675
0.309
0.54563
0.37338
0.43456
0.36394
0.33537
0.71338
0.47894
0.623
0.50425
0.82112
0.56281
0.51294
0.30919
0.75825
0.6525
0.29131
0.372
0.32794
0.62013
0.48269
0.31975
0.55937
0.39806
0.68219
0.46713
0.45325
0.59506
0.58825
0.53519
0.61719
0.62088
0.62231
0.51412
0.40756
0.71344
0.34231
0.61625
0.54463
0.52325
0.45244
0.59481
0.69131
0.57162
0.32806
0.53494
0.488
0.42781
0.33744
0.44819
0.58275
0.52438
0.55544
0.44994
0.49062
0.57075
0.69706
0.27794
0.601
0.48762
0.40125
0.40638
0.45006
0.70594
0.51994
0.43338
0.43538
0.51275
0.39881
0.45919
0.41912
0.62525
0.46244
0.48094
0.42756
0.56556
0.38512
0.43481
0.35563
0.43325
0.4695
0.33463
0.55756
0.8095
0.73681
0.47744
0.61569
0.40494
0.42612
0.54431
0.48181
0.372
0.61294
0.51694
0.40706
0.667
0.39763
0.88419
0.39937
0.33769
0.52469
0.575
0.55425
0.50169
0.4475
0.51231
0.707
0.42969
0.5225
0.52438
0.58375
0.37725
0.43162
0.22369
0.48312
0.36431
0.53487
0.52163
0.64906
0.635
0.60238
0.50588
0.41669
0.393
0.376
0.50931
0.47913
0.55494
0.53556
0.42269
0.34513
0.4515
0.57775
0.37481
0.52131
0.362
0.455
0.40719
0.53081
0.52487
0.40738
0.61319
0.416
0.55444
0.54587
0.5235
0.39362
0.45425
0.34275
0.3595
0.48387
0.357
0.58888
0.47144
0.536
0.54994
0.59544
0.67025
0.40325
0.47319
0.48187
0.43456
0.68444
0.68825
0.46569
0.41819
0.516
0.484
0.64231
0.30338
0.40331
0.44781
0.72981
0.6555
0.61594
0.51275
0.57412
0.655
0.45956
0.28375
0.42569
0.6905
0.49837
0.473
0.42656
0.42125
0.49556
0.35662
0.4225
0.52375
0.59181
0.60344
0.35912
0.47413
0.56275
0.43437
0.42912
0.44463
0.5015
0.49
0.45437
0.41344
0.50544
0.47044
0.54019
0.45762
0.36625
0.50275
0.62744
0.42094
0.47081
0.77081
0.48775
0.53737
0.71131
0.61831
0.47837
0.42306
0.25206
0.63356
0.54812
0.31719
0.52487
0.89037
0.66031
0.52675
0.50419
0.4875
0.43662
0.40156
0.31244
0.41075
0.40531
0.53644
0.47231
0.37675
0.44644
0.34575
0.74
0.626
0.50606
0.66369
0.42106
0.71575
0.46138
0.33256
0.614
0.49606
0.58662
0.39038
0.41494
0.64394
0.37488
0.4355
0.44344
0.72081
0.39563
0.593
0.49488
0.49944
0.59325
0.62181
0.68625
0.37431
0.555
0.41569
0.52906
0.57612
0.41463
0.56275
0.25087
0.46075
0.41506
0.36212
0.46294
0.59006
0.74019
0.68888
0.42831
0.41237
0.4315
0.55256
0.59569
0.69925
0.6065
0.39438
0.342
0.61581
0.52969
0.74706
0.60575
0.37012
0.46831
0.44444
0.50025
0.40831
0.33494
0.53912
0.43881
0.40044
0.55587
0.49194
0.42712
0.54781
0.31575
0.68325
0.47069
0.39387
0.40719
0.55275
0.41269
0.38331
0.67794
0.48706
0.41775
0.69431
0.32144
0.4685
0.39837
0.23706
0.35156
0.53581
0.56519
0.45925
0.55425
0.76319
0.32756
0.47169
0.63494
0.34
0.50512
0.29544
0.55619
0.46544
0.46125
0.42788
0.4765
0.58263
0.50131
0.49931
0.415
0.42
0.478
0.321
0.73181
0.30412
0.34519
0.60275
0.52119
0.45169
0.52625
0.48631
0.54356
0.57956
0.4455
0.50738
0.38237
0.48375
0.51937
0.58313
0.51887
0.28381
0.3555
0.5215
0.44456
0.58344
0.53694
0.42344
0.48037
0.42019
0.56706
0.51537
0.47831
0.57112
0.41525
0.31119
0.33119
0.44856
0.40444
0.79994
0.59181
0.45625
0.5745
0.368
0.71731
0.33725
0.57506
0.4355
0.49944
0.30131
0.49475
0.39963
0.2265
0.29044
0.39138
0.36631
0.38994
0.53606
0.30494
0.39925
0.51081
0.47438
0.43975
0.32975
0.31962
0.4785
0.60869
0.53581
0.48638
0.27413
0.50887
0.51806
0.60362
0.50638
0.36006
0.39519
0.47731
0.3295
0.63106
0.29169
0.57369
0.54363
0.53963
0.80806
0.51269
0.47819
0.556
0.40075
0.47525
0.46475
0.567
0.36338
0.76425
0.49788
0.45006
0.39356
0.36369
0.68025
0.38462
0.67863
0.46375
0.35313
0.587
0.50813
0.40512
0.31319
0.42306
0.59819
0.38413
0.46606
0.79019
0.43775
0.47131
0.36275
0.40987
0.51181
0.5195
0.65412
0.50487
0.365
0.51756
0.30488
0.78069
0.63694
0.81069
0.40956
0.42719
0.23756
0.50988
0.61731
0.46331
0.24662
0.61938
0.51656
0.42256
0.41644
0.49419
0.40931
0.49431
0.45081
0.60388
0.49606
0.42669
0.49094
0.42063
0.52137
0.51075
0.5685
0.46369
0.57275
0.48881
0.54525
0.56844
0.60613
0.4785
0.61975
0.65944
0.58444
0.65206
0.60419
0.918
0.47513
0.67175
0.36537
0.49437
0.63538
0.64456
0.50538
0.78106
0.49188
0.48244
0.54775
0.67025
0.53925
0.52612
0.34419
0.37019
0.43844
0.58462
0.51294
0.52975
0.29875
0.45869
0.52212
0.39175
0.46163
0.61581
0.48119
0.57219
0.48206
0.41425
0.49906
0.3045
0.53113
0.45331
0.59106
0.357
0.58925
0.56619
0.47037
0.45919
0.17363
0.49938
0.76069
0.56175
0.44881
0.58588
0.39863
0.6775
0.43719
0.54363
0.37881
0.382
0.37831
0.33513
0.58313
0.51687
0.47206
0.57344
0.51538
0.52656
0.41112
0.39687
0.583
0.58137
0.31956
0.52894
0.34381
0.43181
0.44362
0.58194
0.46013
0.73525
0.30719
0.74919
0.53306
0.51206
0.44994
0.4845
0.56006
0.50606
0.4285
0.53587
0.48263
0.36969
0.7465
0.60844
0.44869
0.62562
0.37438
0.617
0.45125
0.33344
0.48894
0.70244
0.81375
0.54181
0.4415
0.5775
0.40156
0.56619
0.49812
0.5415
0.58056
0.48763
0.67
0.74994
0.41069
0.50219
0.50625
0.50169
0.22506
0.65306
0.68419
0.53788
0.49594
0.32831
0.55569
0.394
0.44538
0.47581
0.69725
0.52694
0.77806
0.50962
0.65587
0.38619
0.4165
0.53644
0.39325
0.51975
0.42019
0.48462
0.438
0.63
0.63062
0.63406
0.60525
0.55944
0.52638
0.41837
0.46137
0.55688
0.48625
0.64687
0.54619
0.4365
0.53194
0.46737
0.632
0.59206
0.65981
0.47637
0.44812
0.76425
0.45162
0.73737
0.43375
0.58837
0.41144
0.51562
0.74381
0.55
0.4135
0.41275
0.6825
0.50956
0.53406
0.4815
0.72056
0.51663
0.656
0.5445
0.41637
0.39537
0.36325
0.39594
0.47781
0.62944
0.31112
0.53831
0.35269
0.67862
0.55925
0.56662
0.42281
0.45331
0.48575
0.6315
0.5945
0.66394
0.44756
0.38781
0.38512
0.43925
0.47669
0.28837
0.64312
0.6175
0.43562
0.33925
0.47519
0.55781
0.28675
0.49638
0.82475
0.63106
0.4515
0.44888
0.63012
0.54744
0.24388
0.50306
0.56981
0.48044
0.383
0.47088
0.67644
0.45244
0.54256
0.39637
0.61994
0.41525
0.4745
0.58256
0.39731
0.48119
0.46681
0.62231
0.42644
0.45075
0.49081
0.74569
0.6695
0.7015
0.43369
0.496
0.57431
0.30325
0.50262
0.41
0.64288
0.30238
0.42225
0.60044
0.50513
0.37288
0.46356
0.74362
0.48725
0.28075
0.31713
0.45725
0.44744
0.4505
0.59169
0.29119
0.38962
0.47131
0.48675
0.65981
0.51925
0.60763
0.35144
0.35331
0.53569
0.478
0.60944
0.36856
0.46337
0.61969
0.37231
0.52806
0.72456
0.58625
0.43512
0.47969
0.55738
0.4795
0.318
0.4835
0.623
0.57219
0.43212
0.63912
0.54137
0.3675
0.4255
0.51406
0.57919
0.43344
0.458
0.46644
0.469
0.5215
0.46856
0.46344
0.53594
0.5475
0.52263
0.24938
0.49731
0.44937
0.33125
0.70725
0.55169
0.41306
0.55756
0.65912
0.37938
0.54369
0.56481
0.59238
0.483
0.50587
0.52319
0.51594
0.75219
0.40156
0.56225
0.382
0.54831
0.46194
0.37906
0.45081
0.48756
0.50719
0.36987
0.32956
0.54225
0.47813
0.33125
0.796
0.53806
0.52494
0.60237
0.75369
0.32375
0.46875
0.61162
0.413
0.6575
0.3915
0.42
0.63981
0.4375
0.46569
0.56431
0.43475
0.62319
0.49138
0.59169
0.54306
0.56619
0.67
0.627
0.61725
0.4395
0.53025
0.58681
0.48513
0.62294
0.43012
0.30881
0.63425
0.39581
0.58106
0.46787
0.46894
0.50219
0.31606
0.60156
0.63994
0.5595
0.39287
0.57137
0.31281
0.41738
0.52531
0.69219
0.60187
0.34631
0.33738
0.48569
0.43369
0.63256
0.4445
0.67663
0.74581
0.62556
0.51638
0.42238
0.42525
0.5605
0.44637
0.48513
0.47462
0.419
0.4925
0.34725
0.636
0.50519
0.30931
0.33594
0.55794
0.52675
0.57156
0.51075
0.74456
0.49631
0.44925
0.69206
0.31112
0.71144
0.50588
0.44875
0.31112
0.6065
0.43475
0.39744
0.7365
0.57844
0.67469
0.40531
0.54063
0.43862
0.499
0.4215
0.69688
0.56919
0.45562
0.49313
0.75281
0.17313
0.37456
0.37487
0.59194
0.39806
0.43819
0.55969
0.6105
0.76038
0.45706
0.28794
0.60462
0.64887
0.57337
0.41562
0.639
0.62644
0.463
0.27594
0.45525
0.40819
0.56081
0.61056
0.43975
0.66781
0.62925
0.65175
0.43962
0.53056
0.57531
0.615
0.62706
0.6285
0.3845
0.4825
0.52763
0.75413
0.803
0.66944
0.66006
0.84913
0.52975
0.71525
0.50713
0.55119
0.70256
0.48237
0.80775
0.47213
0.49088
0.35169
0.573
0.58387
0.62044
0.62656
0.48613
0.27744
0.58413
0.40881
0.47744
0.64269
0.59225
0.48688
0.52544
0.74825
0.52131
0.42194
0.52606
0.4795
0.49863
0.58869
0.82144
0.53781
0.70381
0.30325
0.43106
0.42194
0.41531
0.60475
0.49369
0.35819
0.44788
0.6435
0.44106
0.66138
0.46644
0.5395
0.50662
0.40362
0.55975
0.69594
0.45506
0.57312
0.75381
0.64694
0.43488
0.516
0.456
0.37256
0.57725
0.51937
0.4065
0.65881
0.57531
0.5735
0.5995
0.28756
0.53056
0.59181
0.45625
0.70738
0.53831
0.69344
0.47237
0.57
0.5105
0.44988
0.7275
0.64075
0.46819
0.594
0.58362
0.63131
0.51044
0.38969
0.85594
0.41044
0.593
0.52687
0.5005
0.67806
0.56744
0.40456
0.56163
0.78881
0.57531
0.44369
0.62037
0.55819
0.37919
0.48925
0.35725
0.62169
0.45469
0.77269
0.46194
0.43294
0.39494
0.54319
0.65963
0.30538
0.50138
0.45156
0.70306
0.46206
0.361
0.652
0.56575
0.57756
0.3685
0.65625
0.42925
0.57525
0.49825
0.26794
0.46263
0.62019
0.53906
0.55713
0.75087
0.53419
0.60325
0.34625
0.36144
0.46013
0.54681
0.82981
0.6075
0.42112
0.556
0.58762
0.48494
0.44369
0.55906
0.44775
0.67631
0.48475
0.46306
0.42319
0.49981
0.43431
0.4195
0.59662
0.68369
0.63487
0.503
0.63912
0.56644
0.677
0.57437
0.54906
0.36144
0.39044
0.50462
0.46788
0.45875
0.56769
0.52256
0.32712
0.52106
0.40844
0.73569
0.404
0.40737
0.44506
0.33163
0.53769
0.34981
0.51456
0.43288
0.51713
0.58781
0.23256
0.49544
0.30294
0.56575
0.49575
0.68119
0.41669
0.86931
0.42325
0.495
0.45338
0.7525
0.49394
0.54369
0.57794
0.51556
0.569
0.53212
0.39406
0.56869
0.35656
0.52825
0.55556
0.70244
0.57056
0.59987
0.52081
0.49725
0.81494
0.62031
0.32419
0.62519
0.63044
0.60606
0.52856
0.73425
0.56475
0.58556
0.41856
0.62719
0.33056
0.49738
0.70112
0.67756
0.48163
0.24937
0.46294
0.613
0.65475
0.81075
0.328
0.6135
0.27969
0.39275
0.44225
0.41531
0.3175
0.82994
0.73281
0.47325
0.46219
0.49169
0.565
0.47356
0.52781
0.43512
0.54419
0.54963
0.40006
0.51144
0.4245
0.70562
0.405
0.64119
0.54387
0.382
0.43062
0.57631
0.24756
0.76531
0.58513
0.60681
0.44919
0.64575
0.64813
0.48175
0.53019
0.41519
0.47575
0.51838
0.49544
0.31912
0.32306
0.24569
0.54619
0.71081
0.72437
0.88819
0.64894
0.34044
0.40425
0.61531
0.61769
0.40363
0.49169
0.63894
0.69725
0.57788
0.53775
0.67475
0.63762
0.53619
0.58088
0.59425
0.5015
0.57456
0.37325
0.66263
0.54312
0.644
0.52938
0.4655
0.36881
0.53494
0.50619
0.59244
0.58319
0.68231
0.55731
0.43088
0.65475
0.359
0.772
0.59613
0.46381
0.67594
0.33694
0.681
0.28012
0.64925
0.50894
0.32106
0.44906
0.39206
0.563
0.468
0.49456
0.41056
0.57581
0.63269
0.53231
0.60944
0.33231
0.64094
0.56831
0.60919
0.40444
0.63169
0.37544
0.578
0.44606
0.4175
0.37706
0.46713
0.48794
0.53956
0.67375
0.54819
0.60381
0.74756
0.46331
0.787
0.61738
0.41437
0.52837
0.60987
0.54706
0.52487
0.55481
0.50256
0.56744
0.56694
0.59763
0.433
0.45625
0.37912
0.58506
0.44081
0.31106
0.30144
0.41556
0.36044
0.41369
0.474
0.62862
0.55825
0.43956
0.60762
0.39681
0.52625
0.73081
0.584
0.61162
0.63931
0.453
0.52606
0.54931
0.46262
0.43806
0.50462
0.45256
0.71375
0.46562
0.7045
0.59088
0.52775
0.51494
0.49288
0.42612
0.70756
0.34106
0.49287
0.41525
0.62487
0.64463
0.39712
0.45869
0.401
0.71037
0.48406
0.509
0.48738
0.50488
0.37781
0.48281
0.49156
0.74138
0.55669
0.3065
0.43581
0.74262
0.53106
0.60375
0.36319
0.744
0.54144
0.62869
0.38444
0.44775
0.62931
0.38719
0.558
0.43987
0.24862
0.54381
0.34519
0.66719
0.57475
0.53606
0.7455
0.443
0.53256
0.65256
0.62125
0.82913
0.62369
0.46113
0.67844
0.69037
0.49656
0.58937
0.43494
0.37856
0.43519
0.55381
0.38994
0.58113
0.42456
0.65656
0.469
0.42137
0.48025
0.47856
0.43512
0.45006
0.51187
0.43363
0.48769
0.47781
0.40075
0.48637
0.46981
0.85975
0.46344
0.40144
0.5355
0.41325
0.50087
0.62144
0.43356
0.55012
0.30381
0.46663
0.42663
0.39837
0.57919
0.57463
0.50462
0.44969
0.44819
0.54444
0.40231
0.37169
0.42281
0.47006
0.61387
0.33025
0.38294
0.55306
0.44463
0.68581
