0.31734
0.33678
0.24625
0.40302
0.63259
0.44814
0.27113
0.27605
0.42758
0.24733
0.25752
0.29198
0.33387
0.37917
0.3688
0.44384
0.42409
0.41031
0.23753
0.31792
0.49706
0.66984
0.3838
0.2397
0.52255
0.50083
0.36375
0.33186
0.19989
0.59936
0.21962
0.43703
0.60248
0.28775
0.41633
0.41819
0.24203
0.3587
0.42394
0.32264
0.43362
0.47242
0.43673
0.4575
0.4598
0.71395
0.53005
0.43778
0.49419
0.5822
0.56897
0.46939
0.21975
0.37284
0.53697
0.34225
0.57305
0.4585
0.62811
0.39748
0.57125
0.42363
0.52414
0.48819
0.53319
0.27634
0.52938
0.26759
0.40317
0.27142
0.31841
0.35036
0.36211
0.29823
0.35833
0.38017
0.24811
0.47453
0.49703
0.48792
0.49169
0.34931
0.57908
0.32491
0.33561
0.44261
0.8175
0.22119
0.55292
0.393
0.52775
0.45852
0.42533
0.45323
0.37666
0.28748
0.42762
0.63562
0.33098
0.50273
0.24861
0.55917
0.46583
0.18411
0.39995
0.44266
0.35042
0.28611
0.54794
0.31566
0.22034
0.35634
0.39975
0.5635
0.44053
0.29364
0.33923
0.57748
0.54506
0.39148
0.29703
0.36211
0.40655
0.41359
0.40705
0.43834
0.39836
0.63553
0.3853
0.33891
0.26352
0.50269
0.22388
0.36317
0.38094
0.31033
0.40994
0.37097
0.2985
0.52514
0.43573
0.60183
0.289
0.36128
0.42944
0.32739
0.29494
0.46594
0.32088
0.30678
0.48938
0.44295
0.41258
0.52486
0.2623
0.26772
0.26817
0.48597
0.45964
0.26891
0.27459
0.50587
0.35227
0.40208
0.43527
0.42591
0.42764
0.35177
0.42953
0.39309
0.47942
0.54467
0.3998
0.28428
0.36734
0.76912
0.35677
0.33263
0.33467
0.43137
0.48745
0.57402
0.27717
0.44592
0.47541
0.34777
0.48687
0.34625
0.29067
0.29856
0.24872
0.34052
0.30703
0.42666
0.61587
0.59083
0.4038
0.57686
0.41059
0.46305
0.42931
0.55692
0.47647
0.37264
0.4275
0.49161
0.60772
0.30755
0.34936
0.58528
0.35248
0.51008
0.48291
0.4743
0.39927
0.62316
0.34708
0.36142
0.3078
0.425
0.51405
0.43855
0.56819
0.43852
0.41148
0.49319
0.39816
0.385
0.17716
0.54248
0.29977
0.36725
0.52898
0.41744
0.67422
0.23606
0.67136
0.37534
0.43669
0.38537
0.4323
0.57027
0.57814
0.54123
0.55986
0.52108
0.33934
0.24292
0.58298
0.25711
0.32089
0.31413
0.46055
0.36284
0.50416
0.43111
0.37338
0.30458
0.45638
0.19941
0.38864
0.3745
0.41289
0.41727
0.36956
0.51569
0.40289
0.30361
0.36606
0.5272
0.18008
0.33128
0.31844
0.50934
0.63942
0.45678
0.50883
0.35839
0.38722
0.37252
0.35728
0.75917
0.7592
0.44211
0.40314
0.33309
0.51245
0.52481
0.45964
0.49423
0.39397
0.50345
0.47166
0.47617
0.54053
0.60594
0.41152
0.38864
0.38816
0.61061
0.26878
0.49988
0.49542
0.33992
0.44012
0.39127
0.47834
0.44384
0.2553
0.47484
0.43909
0.25759
0.31636
0.36505
0.33055
0.61609
0.5155
0.25256
0.42814
0.55036
0.29856
0.26316
0.28361
0.34398
0.424
0.66973
0.65103
0.41531
0.29223
0.56012
0.42628
0.66919
0.56191
0.53742
0.47156
0.26616
0.38622
0.60881
0.46697
0.47386
0.44081
0.27797
0.51569
0.43278
0.44417
0.574
0.38319
0.29419
0.55112
0.43097
0.35686
0.29684
0.38955
0.45052
0.59505
0.49406
0.42153
0.45708
0.28505
0.46814
0.48136
0.75547
0.2638
0.61489
0.28719
0.42397
0.38642
0.54953
0.58478
0.32327
0.30964
0.39617
0.3793
0.34619
0.35511
0.62744
0.23661
0.2825
0.67798
0.33416
0.36622
0.38786
0.24381
0.53916
0.45272
0.27886
0.31788
0.36197
0.50564
0.4083
0.3945
0.63802
0.35992
0.38694
0.53403
0.35077
0.55906
0.43939
0.45008
0.44203
0.49319
0.5228
0.45012
0.48298
0.39473
0.38678
0.30103
0.3595
0.26053
0.53048
0.52423
0.39033
0.3932
0.38378
0.37627
0.34869
0.45194
0.44458
0.45463
0.28703
0.56122
0.34456
0.47706
0.47005
0.54181
0.37559
0.55186
0.38766
0.62373
0.40552
0.43419
0.30464
0.60931
0.40347
0.55244
0.3977
0.41486
0.47316
0.29655
0.55037
0.40355
0.4213
0.56325
0.36366
0.5693
0.33677
0.40853
0.48798
0.24364
0.35827
0.43208
0.47423
0.29745
0.48409
0.39202
0.52392
0.33016
0.40959
0.53934
0.40858
0.29437
0.51936
0.43825
0.25641
0.51578
0.46978
0.40858
0.47805
0.47972
0.48486
0.34511
0.38742
0.52581
0.48366
0.38344
0.24427
0.57098
0.33248
0.43703
0.32361
0.50972
0.36269
0.49753
0.49614
0.2488
0.69991
0.43444
0.43503
0.51206
0.2897
0.50022
0.57591
0.48478
0.68708
0.44569
0.39966
0.36002
0.32284
0.49586
0.39542
0.45423
0.40141
0.4297
0.4937
0.25752
0.31273
0.40316
0.31347
0.27358
0.42847
0.49055
0.38577
0.37281
0.42408
0.48722
0.42364
0.28733
0.48648
0.56273
0.25683
0.34466
0.37214
0.58381
0.41911
0.51111
0.44517
0.46344
0.61702
0.61016
0.35253
0.26766
0.46206
0.33389
0.42833
0.45412
0.50531
0.50234
0.39944
0.50048
0.63013
0.45834
0.30264
0.46633
0.40953
0.55853
0.38684
0.36547
0.4047
0.41473
0.48356
0.59241
0.3965
0.38467
0.50473
0.23886
0.36688
0.42888
0.52875
0.43252
0.51227
0.27602
0.52598
0.33403
0.31069
0.54102
0.47627
0.677
0.371
0.48431
0.44292
0.49575
0.57703
0.24008
0.5897
0.46937
0.45261
0.28767
0.41672
0.60888
0.51087
0.41128
0.4317
0.48273
0.56898
0.45305
0.32469
0.453
0.33772
0.41856
0.51503
0.29202
0.44997
0.43397
0.6002
0.4007
0.33252
0.44153
0.34848
0.44089
0.37736
0.33652
0.72752
0.29028
0.44595
0.52681
0.63164
0.59788
0.44205
0.4777
0.41047
0.37019
0.34987
0.41967
0.48545
0.57102
0.60214
0.37059
0.7352
0.33695
0.48444
0.36241
0.65239
0.38634
0.47386
0.40866
0.49458
0.35327
0.40936
0.22541
0.442
0.35108
0.34317
0.4998
0.392
0.2075
0.34098
0.47022
0.33292
0.4937
0.2795
0.13827
0.53144
0.29722
0.47014
0.58128
0.29788
0.36983
0.39231
0.66594
0.51014
0.29897
0.67405
0.59392
0.33441
0.32263
0.30487
0.60059
0.29131
0.44587
0.38583
0.31722
0.50169
0.45511
0.58406
0.45289
0.34491
0.52431
0.34883
0.43577
0.30295
0.41003
0.56247
0.43773
0.31891
0.28794
0.53966
0.38806
0.46563
0.35883
0.4897
0.66569
0.39808
0.53083
0.58325
0.51914
0.38961
0.51634
0.37517
0.35661
0.34769
0.30883
0.52297
0.4617
0.49319
0.40869
0.28284
0.50544
0.36758
0.33373
0.35508
0.54566
0.49614
0.41197
0.39555
0.3083
0.33958
0.30372
0.43781
0.46892
0.22877
0.27133
0.7017
0.44206
0.57964
0.51719
0.41863
0.49247
0.29008
0.40519
0.30153
0.507
0.26848
0.46369
0.247
0.60903
0.4452
0.52845
0.31048
0.50141
0.50948
0.33011
0.34627
0.57177
0.3823
0.48695
0.43016
0.42422
0.45088
0.36258
0.35647
0.48044
0.3325
0.1855
0.42163
0.51766
0.47723
0.40567
0.44402
0.59444
0.28855
0.58605
0.37117
0.3838
0.67892
0.32098
0.26222
0.39598
0.31013
0.40644
0.47556
0.56673
0.38172
0.47028
0.49569
0.47611
0.54559
0.2103
0.43173
0.34911
0.31497
0.32234
0.26645
0.4942
0.44866
0.3302
0.3957
0.2738
0.52586
0.34328
0.49181
0.38547
0.50513
0.29005
0.46139
0.44423
0.73925
0.48328
0.308
0.41311
0.45655
0.24137
0.63275
0.37445
0.44842
0.55466
0.25856
0.35741
0.30522
0.34434
0.42848
0.34769
0.57881
0.39361
0.33398
0.64594
0.51348
0.2902
0.51153
0.37956
0.4445
0.26773
0.49364
0.68427
0.45222
0.53006
0.43583
0.58352
0.53592
0.33916
0.58544
0.41505
0.36294
0.4948
0.41141
0.38566
0.41109
0.49675
0.45117
0.3967
0.49906
0.23227
0.48267
0.52261
0.44763
0.35181
0.34828
0.60833
0.48681
0.43739
0.67603
0.3903
0.39506
0.49056
0.32083
0.44637
0.42122
0.39987
0.60902
0.37045
0.33639
0.4327
0.50281
0.46716
0.30586
0.35313
0.24333
0.46194
0.40202
0.36602
0.33198
0.50383
0.34577
0.20194
0.77736
0.59091
0.54322
0.48272
0.59305
0.54897
0.35595
0.53803
0.33588
0.57367
0.26936
0.4203
0.24283
0.40209
0.27997
0.35125
0.44033
0.39441
0.68327
0.26305
0.44837
0.35944
0.60381
0.49503
0.61244
0.35666
0.42172
0.36897
0.47772
0.39225
0.48978
0.55805
0.53489
0.37519
0.45722
0.48178
0.45167
0.53028
0.41295
0.47367
0.49747
0.54269
0.29102
0.46614
0.43205
0.3235
0.46167
0.41975
0.44841
0.30156
0.31467
0.24153
0.36405
0.67137
0.37009
0.49283
0.53089
0.33683
0.44195
0.41637
0.49827
0.53534
0.25545
0.41658
0.49747
0.43577
0.37825
0.28317
0.36725
0.47236
0.47534
0.27581
0.31958
0.49511
0.32814
0.32488
0.47822
0.55795
0.2448
0.58603
0.15986
0.32023
0.35434
0.55434
0.49266
0.68081
0.5547
0.43416
0.42397
0.42761
0.4183
0.37548
0.49572
0.33059
0.50784
0.53573
0.40598
0.32723
0.38662
0.18138
0.43698
0.15395
0.41025
0.4502
0.47628
0.41633
0.434
0.45359
0.46222
0.38898
0.33373
0.39613
0.58898
0.37087
0.37272
0.70905
0.51302
0.22942
0.52769
0.36859
0.64877
0.44487
0.41859
0.50959
0.23723
0.51656
0.46391
0.57461
0.31088
0.50727
0.42678
0.71023
0.30544
0.38059
0.54584
0.53945
0.50561
0.49002
0.51198
0.31316
0.27984
0.39923
0.25967
0.51961
0.56236
0.55967
0.45247
0.44117
0.53836
0.52227
0.43895
0.40858
0.39106
0.44052
0.40625
0.45756
0.4765
0.27128
0.4887
0.32152
0.42894
0.464
0.75967
0.49637
0.61278
0.54534
0.29014
0.48
0.65864
0.30436
0.36238
0.6173
0.52847
0.74136
0.494
0.2362
0.24281
0.41134
0.32916
0.42763
0.51472
0.46205
0.71047
0.56091
0.27042
0.54139
0.45437
0.5067
0.46058
0.20288
0.47608
0.42509
0.50834
0.43441
0.36827
0.33091
0.28833
0.33689
0.27527
0.4288
0.60386
0.33878
0.35225
0.36652
0.42353
0.44638
0.44777
0.47762
0.4947
0.30123
0.643
0.58519
0.42897
0.55597
0.36441
0.27212
0.53506
0.48128
0.63131
0.32695
0.6148
0.36578
0.49281
0.33413
0.2753
0.19445
0.45523
0.57975
0.41222
0.44316
0.5133
0.34041
0.51441
0.25028
0.42353
0.53908
0.44848
0.3962
0.47548
0.3042
0.51109
0.43398
0.38355
0.30783
0.36934
0.47812
0.63898
0.31956
0.51289
0.39453
0.39587
0.59456
0.43712
0.30369
0.48077
0.43722
0.31978
0.56528
0.3707
0.55155
0.45353
0.56131
0.43848
0.29289
0.45112
0.56902
0.41011
0.5533
0.60813
0.60034
0.49597
0.44336
0.63491
0.3522
0.37338
0.50611
0.38483
0.66762
0.32061
0.36438
0.32539
0.73583
0.34423
0.4192
0.38559
0.52169
0.34928
0.46328
0.47581
0.35386
0.56428
0.45986
0.32883
0.617
0.33708
0.53073
0.43064
0.60059
0.57356
0.56158
0.52527
0.35798
0.37661
0.56484
0.51748
0.497
0.35152
0.51523
0.50367
0.26758
0.40681
0.44616
0.368
0.41772
0.4162
0.40466
0.32581
0.47255
0.44816
0.3523
0.42175
0.38531
0.45611
0.59078
0.54589
0.57536
0.56456
0.37411
0.38525
0.56259
0.38245
0.32981
0.36795
0.51342
0.43819
0.36222
0.40384
0.33572
0.28864
0.57053
0.35897
0.53508
0.39527
0.3185
0.37233
0.3113
0.36589
0.47144
0.60236
0.29961
0.28478
0.53822
0.36848
0.63361
0.50097
0.31483
0.48566
0.45725
0.28987
0.41183
0.39153
0.56219
0.36327
0.37591
0.58472
0.53087
0.38509
0.38203
0.36381
0.36395
0.30953
0.36895
0.34
0.4468
0.44978
0.47466
0.48953
0.41734
0.4853
0.41698
0.50427
0.51367
0.39925
0.48072
0.45023
0.30086
0.28548
0.29945
0.39322
0.46125
0.38766
0.40844
0.33716
0.4842
0.36852
0.51847
0.51342
0.4763
0.28191
0.41947
0.55863
0.41698
0.40702
0.29036
0.54691
0.40791
0.53428
0.61016
0.29945
0.44181
0.34653
0.56956
0.39147
0.26731
0.20338
0.42078
0.37634
0.58428
0.45986
0.42177
0.49866
0.4487
0.31714
0.54356
0.46863
0.31261
0.27917
0.35322
0.4718
0.44923
0.67041
0.44141
0.37505
0.33317
0.54163
0.44494
0.37311
0.33527
0.40256
0.23591
0.45241
0.59017
0.52078
0.59298
0.3088
0.4242
0.45441
0.27188
0.46483
0.14567
0.38088
0.40758
0.36545
0.42527
0.49625
0.54036
0.40067
0.43081
0.43838
0.18627
0.46795
0.2617
0.5472
0.55875
0.2965
0.41775
0.37008
0.47589
0.51419
0.53363
0.46455
0.54797
0.38052
0.41942
0.3733
0.54481
0.542
0.60931
0.42931
0.45361
0.57492
0.41637
0.41409
0.32795
0.25302
0.48784
0.24552
0.53175
0.61027
0.47891
0.45984
0.26648
0.59067
0.24203
0.51455
0.296
0.47741
0.33589
0.34831
0.43353
0.48942
0.50834
0.59178
0.39514
0.50352
0.706
0.45498
0.73847
0.51533
0.30606
0.48284
0.54748
0.52077
0.49067
0.23839
0.52414
0.29786
0.31302
0.54002
0.49587
0.32375
0.23514
0.50217
0.33666
0.624
0.46956
0.40027
0.58788
0.18039
0.47592
0.40308
0.23341
0.36108
0.41733
0.38202
0.36527
0.56447
0.41956
0.35219
0.31106
0.36012
0.14105
0.2255
0.43934
0.26466
0.44497
0.37861
0.57125
0.44172
0.37544
0.57389
0.57639
0.50228
0.50803
0.48789
0.41027
0.48197
0.5697
0.36314
0.41216
0.68819
0.25503
0.26528
0.36119
0.33484
0.47116
0.42911
0.25291
0.42612
0.62219
0.26033
0.42473
0.54427
0.34313
0.39547
0.25803
0.5268
0.45534
0.41552
0.38331
0.62766
0.39842
0.47739
0.61353
0.50775
0.45045
0.37909
0.51133
0.43689
0.4168
0.61067
0.40342
0.39819
0.34339
0.2533
0.52584
0.32616
0.49142
0.37034
0.47919
0.47423
0.43602
0.50802
0.46928
0.65725
0.43558
0.2395
0.49044
0.57102
0.45298
0.34769
0.26995
0.24211
0.40555
0.2372
0.61047
0.32366
0.36409
0.35792
0.33867
0.6727
0.39325
0.39494
0.53445
0.28427
0.39955
0.55411
0.46373
0.35983
0.43075
0.43231
0.22656
0.49633
0.34175
0.45659
0.3385
0.33178
0.49948
0.2705
0.42333
0.59327
0.38678
0.49845
0.35897
