0.35175
0.22625
0.31725
0.1
0.2145
0.34025
0.232
0.154
0.1865
0.01925
0.35975
0.1965
0.16325
0.33125
0.24125
0.09075
0.34125
0.06025
0.30675
0.2325
0.166
0.204
0.00675
0.261
0.1515
0.21225
0.25125
0.3935
0.2875
0.3545
0.20275
0.19975
0.363
0.29275
0.272
0.4015
0.1745
0.288
0.26025
0.3235
0.37825
0.37
0.40925
0.504
0.5035
0.27025
0.3465
0.31725
0.38725
0.2635
0.02775
0.43975
0.246
0.2785
0.4145
0.592
0.2555
0.4585
0.46475
0.46025
0.18175
0.28975
0.26975
0.402
0.46975
0.16675
0.26625
0.173
0.39525
0.2205
0.45175
0.45575
0.04575
0.0185
0.52925
0.41225
0.496
0.3985
0.3535
0.248
0.3355
0.09025
0.509
0.4035
0.43225
0.62775
0.607
0.437
0.657
0.60225
0.51875
0.647
0.4515
0.6625
0.44725
0.395
0.246
0.37475
0.10975
0.26675
0.2685
0.5695
0.21875
0.423
0.29875
0.3085
0.285
0.13475
0.355
0.45275
0.25075
0.4355
0.20975
0.435
0.30275
0.10575
0.37775
0.7585
0.491
0.36875
0.393
0.457
0.4135
0.35325
0.31775
0.56475
0.31025
0.333
0.53575
0.4245
0.3895
0.33575
0.21575
0.30375
0.466
0.247
0.27625
0.274
0.34675
0.15775
0.3715
0.27725
0.548
0.481
0.4405
0.40675
0.249
0.5525
0.28675
0.27075
0.347
0.17375
0.552
0.49425
0.51725
0.313
0.374
0.4575
0.43025
0.43425
0.26775
0.16075
0.5505
0.239
0.47225
0.43275
0.27675
0.42925
0.37575
0.30875
0.30275
0.0435
0.25625
0.483
0.46125
0.47275
0.1695
0.32725
0.399
0.411
0.68875
0.431
0.2595
0.58525
0.19975
0.30825
0.218
0.26225
0.414
0.13175
0.393
0.572
0.3855
0.5725
0.3655
0.62425
0.16425
0.62975
0.29425
0.46375
0.375
0.333
0.4685
0.36675
0.16125
0.289
0.35525
0.32975
0.3
0.746
0.62825
0.326
0.3735
0.166
0.5415
0.43675
0.3555
0.28375
0.539
0.34
0.4405
0.3645
0.5935
0.11825
0.4545
0.61
0.27625
0.1915
0.35925
0.2845
0.19475
0.50775
0.14775
0.3635
0.6945
0.479
0.42325
0.551
0.36825
0.27275
0.4375
0.324
0.4795
0.1835
0.555
0.1985
0.428
0.19875
0.35425
0.4305
0.433
0.02975
0.51125
0.39325
0.57175
0.20825
0.30725
0.26125
0.54075
0.36825
0.3835
0.11075
0.17525
0.0085
0.29525
0.34775
0.16425
0.4295
0.165
0.108
0.22125
0.2615
0.5565
0.4425
0.31875
0.2895
0.3055
0.25575
0.21875
0.53325
0.5405
0.17375
0.34075
0.17575
0.2675
-0.024
0.10875
0.32575
0.18975
0.142
0.33425
0.2355
0.34775
0.25975
0.272
0.63475
0.40575
0.42675
0.26025
0.308
0.219
0.6155
0.31925
0.3395
0.46275
0.54725
0.67325
0.3995
0.33625
0.3265
0.4515
0.292
0.46125
0.283
0.411
0.42825
0.573
0.253
0.10675
0.504
0.36125
0.35925
0.211
0.2905
0.38875
0.10925
0.202
0.30175
0.32375
0.2545
0.2915
0.326
0.344
0.27675
0.33975
0.2205
0.3815
0.254
0.5915
0.47025
0.36925
0.54975
0.22725
0.17375
0.18125
0.181
0.489
0.3615
0.6075
0.5535
0.57
0.5425
0.4925
0.1815
0.559
0.179
0.5085
0.2655
0.55425
0.36775
0.30125
0.31475
0.18025
0.6205
0.33125
0.44825
0.31725
0.2205
0.371
0.14625
0.0875
0.30675
0.30175
0.40725
0.53325
0.51825
0.52
0.41475
0.37625
0.32925
0.39275
0.32
0.49875
0.58125
0.169
0.5085
0.34975
0.54975
0.2925
0.27325
0.29375
0.03475
0.594
0.4565
0.323
0.08525
0.38675
0.04425
0.226
0.27975
0.33125
0.35625
0.339
0.232
0.069
0.51625
0.22675
0.43775
0.50675
0.368
0.16725
0.17575
0.4695
0.22875
0.36025
0.2605
0.20325
0.22125
0.13575
0.665
0.4425
0.22875
0.17875
0.46825
0.5335
0.3235
0.335
0.40275
0.36025
0.5015
0.44375
0.50925
0.21625
0.17825
0.36625
0.413
0.33675
0.4165
0.31275
0.26325
0.4295
0.13775
0.33125
0.3855
0.465
0.25625
0.34975
0.10575
0.22
0.22575
0.274
0.30975
0.15075
0.26075
0.12175
0.38225
0.29325
0.4565
0.36675
0.09175
0.18775
0.27125
0.2235
0.36625
0.38925
0.5
0.50275
0.3415
0.37075
0.36675
0.25325
0.605
0.24775
0.2865
0.4835
0.4
0.32625
0.11175
0.339
0.317
0.2545
0.3755
0.27725
0.24225
0.6105
0.4575
0.37225
0.201
0.239
-0.0445
0.3245
0.45225
0.46475
0.3215
0.718
0.344
0.15125
0.032
0.2265
0.37725
0.206
0.47125
0.5
0.44625
0.328
0.38825
0.448
0.4635
0.3215
0.41125
0.45275
0.46525
0.23
0.2675
0.35675
0.60925
0.272
0.5225
0.4115
0.35375
0.33325
0.0335
0.272
0.31125
0.272
0.37175
0.4125
0.19225
0.46975
0.23175
0.33275
0.307
0.29775
0.4395
0.37825
0.56275
0.36275
0.3825
0.22825
0.30325
0.38875
0.538
0.3335
0.30975
0.224
0.45875
0.17025
0.3725
0.37075
0.18425
0.7135
0.28025
0.2695
0.15175
0.388
0.30125
0.477
0.343
0.60225
0.14575
0.19075
0.2835
0.07325
0.439
0.2205
0.44525
0.334
-0.06575
0.2215
0.27575
0.28975
0.457
0.31575
0.23625
0.4325
0.39075
0.441
0.34425
0.4215
0.36975
0.38125
0.34275
0.36775
0.5265
0.446
0.415
0.5215
0.32525
-0.0135
0.386
0.227
0.45125
0.36525
0.24225
0.51525
0.3055
0.729
0.261
0.36175
0.44125
0.333
0.31275
0.248
0.338
0.265
0.4935
0.1695
0.35675
0.1525
0.42125
0.33975
0.32175
0.54475
0.07975
0.359
0.3515
0.333
0.443
0.43425
0.20475
0.46875
0.0525
0.257
0.04975
0.2835
0.45775
0.076
0.098
0.44825
0.2125
0.1075
0.199
0.488
0.2265
0.377
0.657
0.424
0.3005
0.09925
0.1025
0.43025
0.38075
0.2455
0.17625
0.20875
0.058
0.35025
0.195
0.19275
0.33575
0.15075
0.609
0.245
0.3225
0.31025
0.476
0.15475
0.38025
0.45625
0.60325
0.619
0.37625
0.256
0.14975
0.402
-0.02275
0.1755
0.5655
0.32975
0.3835
0.47275
0.2645
0.2795
0.323
0.409
0.3845
0.43625
0.18575
0.54775
0.46575
0.21725
0.4485
0.335
0.522
0.35575
0.4795
0.34575
0.16175
0.45
0.064
0.321
0.5125
0.15425
0.21
0.16375
0.23175
0.6695
0.40675
0.31825
0.44375
0.10375
0.16975
0.14075
0.2655
0.2695
0.29675
0.299
0.52925
0.6305
0.31575
0.42725
0.2635
0.29875
0.36125
0.47975
0.32375
0.22175
0.3465
0.42425
0.15675
0.37175
0.14075
0.073
0.19725
0.559
0.15525
0.32175
0.3985
0.17375
0.27
0.1275
0.19
0.34975
0.403
0.45325
0.5205
0.4505
0.2855
0.2775
0.529
0.2995
0.2115
0.15425
0.34975
0.11525
0.40275
0.4595
0.16475
0.27725
0.0855
0.3315
0.47075
0.21825
0.38675
0.2255
0.2735
0.12975
0.4935
0.069
0.5335
0.5085
0.30675
-0.02325
0.06375
-0.0485
0.151
0.27825
0.32825
0.41675
0.66425
0.37175
0.27225
0.27225
0.3485
0.29275
0.18775
0.12525
0.5385
0.56625
0.46775
0.47
0.48175
0.12325
0.47125
0.23675
0.56625
0.33025
0.24775
0.6855
0.45975
0.2915
-0.059
0.301
0.18825
0.22475
0.30825
0.22325
0.19025
0.395
0.266
0.57575
0.41225
0.348
0.39725
0.27275
0.58625
0.30175
0.4305
0.197
0.344
0.305
0.11
0.0665
0.1045
0.2945
0.2365
0.35675
0.50825
0.2725
0.2505
0.233
0.4355
0.406
0.25475
0.31525
0.3185
0.423
0.20575
0.16
0.453
0.1755
0.55575
0.66475
0.216
0.15625
0.3435
0.14525
0.3195
0.58275
0.34425
0.3175
0.33325
0.3345
0.37025
0.383
0.43325
0.50375
0.50225
0.31975
0.16725
0.45725
0.22325
0.05975
0.19275
0.147
0.6045
0.2115
0.34225
0.4475
0.18875
0.4895
0.39875
0.3125
0.38425
0.02875
0.24025
0.722
0.441
0.47425
0.408
0.46275
0.8515
0.33225
0.30975
0.227
0.69675
0.4665
0.2615
0.60225
0.342
0.44875
0.12475
0.4645
0.206
0.40525
0.0405
0.324
0.15275
0.07175
-0.0165
0.22525
0.268
0.25775
0.24875
0.329
0.4555
0.392
0.306
0.304
0.31225
0.11975
0.3735
0.1505
0.32275
0.746
0.0905
0.1835
0.24275
0.256
0.21825
0.377
0.537
0.28975
0.38675
0.48625
0.358
0.23375
0.4225
0.2015
0.372
0.1145
0.30725
0.353
0.30375
0.1905
0.32475
0.39225
0.297
0.3915
0.34175
0.53825
0.313
0.22725
0.28225
0.2525
0.168
0.47625
0.331
0.266
0.47575
0.20925
0.476
0.10825
0.22925
0.30125
0.21825
0.60275
0.2235
0.498
0.478
0.34425
0.41525
0.3375
0.355
0.4525
0.1535
0.21225
0.2025
0.06
0.233
0.25125
0.2015
-0.01225
0.13225
0.361
0.2645
0.14075
0.3665
0.1325
0.5335
0.48575
0.24375
0.1765
0.0375
0.207
0.56675
0.504
0.265
0.096
0.662
0.3455
0.382
0.53175
0.3155
0.31625
0.4645
0.51975
0.27925
0.14775
0.1815
0.4205
0.25025
0.10525
0.1505
0.49125
0.15525
0.5635
0.24975
0.41725
0.446
0.3675
0.3265
0.68125
0.53825
0.507
0.20275
0.52125
0.5605
0.62075
0.52525
0.50475
0.62825
0.44675
0.29275
0.30275
0.3165
0.31625
0.4575
0.44475
0.59775
0.2045
0.3005
0.4005
0.08325
0.29975
0.3425
0.32825
0.39425
0.076
0.3155
0.5
0.63325
0.163
0.2405
0.2205
0.65225
0.41625
0.12625
0.405
0.30175
0.66
0.423
0.35975
0.4355
0.45125
0.37125
0.32875
-0.04425
0.55125
0.393
0.45975
0.4215
0.19875
0.255
0.42
0.33175
0.21525
0.604
0.10225
0.3655
0.3785
-0.07225
0.56625
0.47875
0.3365
0.323
0.4855
0.30625
0.17525
0.2215
0.12575
0.4805
0.58225
0.60025
0.61875
0.473
0.168
0.172
0.28775
0.0705
0.3135
0.58525
0.4215
0.58525
0.04675
0.3725
0.34025
0.22925
0.27525
0.3815
0.18675
0.24475
0.8115
0.306
0.50775
0.225
0.39675
0.36825
0.59925
0.4845
0.25775
0.43975
0.082
0.3795
0.48025
0.4365
0.19525
0.37725
0.2555
0.12825
0.49475
0.344
0.212
0.085
0.30075
0.6045
0.388
0.277
0.2315
0.465
0.23775
0.3805
0.297
0.3905
0.00775
0.34525
0.29225
0.254
0.44025
0.5365
0.3915
0.36325
0.29925
0.45925
0.4615
0.51825
0.23075
0.4285
0.36425
0.663
0.5175
0.30125
0.529
0.323
0.1995
0.43175
0.1975
0.5305
0.337
0.10475
0.33225
0.421
0.88475
0.65675
0.30175
0.25
0.2805
0.481
0.144
0.4705
0.21075
0.25275
0.572
0.4445
0.35825
0.34575
0.1395
0.348
0.062
0.1675
0.4405
0.37175
0.42975
0.21025
0.48025
0.4925
0.55925
0.361
0.4375
0.6335
0.16
0.31575
0.501
0.308
0.34125
0.60875
0.54475
0.584
0.37425
0.343
0.07025
0.648
0.25525
0.125
0.1395
0.24325
0.329
0.16175
0.29075
0.454
0.33175
0.1955
0.35725
0.28825
0.74625
0.39575
0.19625
0.26
0.35125
0.26725
0.43775
0.34025
0.80725
0.2995
0.504
0.28125
0.25475
0.31925
0.451
0.29
0.492
0.181
0.32375
0.285
0.5205
0.4245
0.2085
0.43775
0.42175
0.26825
0.281
0.5505
0.30225
0.20575
0.23525
0.516
0.39025
0.43325
0.05525
0.12925
0.2215
0.33875
0.25775
0.3215
0.33825
0.4045
0.4015
0.35375
0.27475
0.16925
0.32575
0.671
0.516
0.41175
0.50175
0.34925
0.27025
0.3235
0.666
0.54725
0.48975
0.2235
0.40275
0.30575
0.42675
0.32625
0.2245
0.356
0.579
0.35125
0.4535
0.504
0.0935
0.468
0.26925
0.3905
0.23525
0.16925
0.2485
0.6905
0.324
0.52675
0.3765
0.55375
0.308
0.194
0.396
-0.0005
0.394
0.4605
0.55575
0.30725
0.431
0.487
0.43875
0.0705
0.09175
0.148
0.2775
0.49075
0.208
0.44175
0.571
0.34775
0.71675
0.07025
0.32375
0.57725
0.2865
0.35
0.29425
0.42775
0.228
0.40125
0.23775
0.20575
0.44625
0.27275
0.4975
0.2255
0.3035
0.5315
0.26675
0.2255
0.55425
0.1945
0.56225
0.36775
0.37925
0.44875
0.48825
0.30925
0.353
0.21975
0.46875
0.457
0.147
0.27075
0.50875
0.213
0.642
0.4685
0.5145
0.616
0.304
0.356
0.63125
0.39425
0.172
0.42275
0.3545
0.7365
0.632
0.48625
0.34
0.317
0.34625
0.37775
0.1295
0.2025
0.2385
0.40025
0.2745
0.631
0.27875
0.426
0.47925
0.54025
0.417
0.4
0.37425
0.21575
0.24275
0.50025
0.5335
0.2565
0.09525
0.172
0.227
0.311
0.3285
0.437
0.5255
0.385
0.277
0.436
0.4515
0.53125
0.44
0.14175
0.3625
0.172
0.3495
0.5275
0.161
0.2355
0.38675
0.3815
0.1785
0.38075
0.2175
0.0595
0.18725
0.38025
0.63275
0.39675
0.38
0.20925
0.36925
0.60775
0.43575
0.426
0.419
0.41975
0.58625
0.341
0.23375
0.3235
0.1585
0.2395
0.36375
0.354
0.28875
0.41025
0.30825
0.786
0.17825
0.60375
0.37575
0.44575
0.2865
0.42725
0.4855
0.268
0.4225
0.314
0.319
0.3945
0.162
0.351
0.31575
0.356
0.28525
0.358
0.3955
0.1715
0.26275
0.17825
0.133
0.3045
0.5185
0.34275
0.16825
0.21125
0.18075
0.33375
0.1125
0.37175
0.37925
0.45025
0.199
0.38325
0.49775
0.55075
0.26225
0.44625
0.097
0.58025
0.253
0.234
0.37275
0.528
0.2425
0.40925
0.599
0.215
0.18375
0.19325
0.15225
0.4385
0.236
0.34825
0.28575
0.03875
0.217
0.2785
0.38875
0.17775
0.22075
0.3
0.496
0.213
0.18575
0.4325
0.12675
0.3405
0.331
0.24725
0.2355
0.17875
0.346
0.39325
0.2785
0.42175
0.37375
0.5155
0.3805
