0.89011
0.81689
0.77156
0.45456
0.59022
0.60889
0.63911
0.74533
0.73122
0.46967
0.89967
0.56744
0.62444
0.63078
0.62389
0.61833
0.72267
0.55456
0.82822
0.801
0.79
0.47322
0.50111
0.57078
0.69211
0.58656
0.43233
0.61967
0.83811
0.49989
0.55011
0.49544
0.54344
0.75533
0.73967
0.82089
0.65478
0.64933
0.72467
0.66222
0.87156
0.52989
0.92978
0.92911
0.795
0.43078
0.57822
0.65778
0.93978
0.52533
0.43256
0.77222
0.39567
0.71767
0.70667
0.891
0.81956
0.898
0.90156
0.50022
0.69656
0.50567
0.74067
0.573
0.55411
0.495
0.66044
0.487
0.57411
0.61111
0.72667
0.74833
0.46789
0.59444
0.47544
0.88133
0.48478
0.90822
0.89878
0.54089
0.79411
0.68444
0.67333
0.67078
0.83844
0.88178
0.928
0.59822
0.94967
0.728
0.86033
0.87744
0.73433
0.86422
0.82456
0.37722
0.58056
0.77089
0.80722
0.77844
0.80144
0.712
0.434
0.68211
0.68856
0.90078
0.73811
0.56456
0.86144
0.49778
0.78489
0.91256
0.62689
0.64489
0.768
0.59544
0.76122
0.98567
0.99
0.63367
0.88789
0.87722
0.73078
0.60144
0.69078
0.64556
0.60867
0.82522
0.84178
0.55667
0.79178
0.47622
0.63489
0.65467
0.59689
0.51544
0.68678
0.38122
0.77933
0.557
0.52956
0.69033
0.82844
0.77011
0.83189
0.68144
0.63922
0.68311
0.71922
0.78189
0.524
0.38056
0.964
0.80056
0.84844
0.63878
0.86778
0.79156
0.80911
0.91
0.70178
0.50089
0.913
0.68233
0.695
0.57978
0.73711
0.84378
0.566
0.76322
0.47256
0.52456
0.94733
0.755
0.86633
0.91156
0.75444
0.71522
0.557
0.73178
0.76767
0.73711
0.82567
0.86833
0.81833
0.49367
0.65233
0.53456
0.69144
0.74911
0.68044
0.88289
0.746
0.99822
0.82144
0.73144
0.45644
0.93533
0.76011
0.867
0.91567
0.86778
0.83056
0.86689
0.43144
0.59211
0.69956
0.64244
0.86267
0.67356
0.86089
0.46489
0.33978
0.62311
0.77133
0.71744
0.59711
0.44433
0.56322
0.66822
0.96378
0.66756
0.62367
0.73789
0.69611
0.956
0.28778
0.57156
0.63711
0.74278
0.85344
0.81478
0.786
0.86656
0.81067
0.69411
0.64233
0.89578
0.545
0.45756
0.74411
0.74578
0.70389
0.50644
0.83267
0.92922
0.71233
0.81133
0.93222
0.89433
0.825
0.73689
0.84756
0.69878
0.90178
0.52044
0.66978
0.61622
0.81189
0.80856
0.92222
0.62978
0.70289
0.59
0.71322
0.92389
0.49256
0.76033
0.61822
0.516
0.83922
0.52689
0.80122
0.72233
0.608
0.57389
0.81178
0.74622
0.76511
0.86956
0.84811
0.64778
0.61456
0.92133
0.78
0.36956
0.37967
0.86722
0.68511
0.44322
0.57367
0.41244
0.476
0.88433
0.495
0.90589
0.75489
0.68411
0.68922
0.86644
0.62
0.88278
0.72744
0.91144
0.66478
0.925
0.69222
0.86044
0.84844
0.52844
0.97522
0.38578
0.844
0.80533
0.84778
0.884
0.74233
0.83156
0.76667
0.78311
0.73789
0.896
0.68
0.68844
0.74922
0.77289
0.99133
0.518
0.74767
0.73967
0.67789
0.56722
0.52156
0.86356
0.668
0.48822
0.69956
0.685
0.83611
0.65878
0.83344
0.62578
0.83333
0.43267
0.56544
0.93322
0.821
0.52544
0.95544
0.84744
0.83256
0.83678
0.77711
0.55233
0.83567
0.83733
0.46144
0.627
0.93511
0.80078
0.89789
0.844
0.63078
0.90344
0.68444
0.88611
0.75444
0.63189
0.61511
0.77122
0.61633
0.76178
0.76122
0.92356
0.70089
0.96033
0.57356
0.80856
0.715
0.58589
0.85822
0.74344
0.805
0.56056
0.50722
0.91422
0.88167
0.887
0.55922
0.61256
0.56622
0.42422
0.95311
0.53422
0.53944
0.81022
0.74389
0.67722
0.75822
0.67411
0.71811
0.81256
0.55678
0.59867
0.56244
0.70889
0.64578
0.78744
0.85067
0.85144
0.43989
0.64911
0.53789
0.70222
0.94778
0.55622
0.84211
0.74578
0.61267
0.85567
0.577
0.77311
0.54244
0.91656
0.75144
0.69922
0.79822
0.80944
0.70533
0.82611
0.62067
0.64289
0.656
0.47089
0.82889
0.76767
0.47933
0.78089
0.56578
0.76711
0.75267
0.51822
0.84978
0.80667
0.68833
0.433
0.82078
0.88678
0.82678
0.59111
0.682
0.58622
0.56144
0.57667
0.58844
0.72533
0.56111
0.83356
0.87233
0.68267
0.56556
0.71556
0.68478
0.69633
0.74256
0.77589
0.81367
0.777
0.48644
0.60233
0.58078
0.85189
0.50067
0.63333
0.85978
0.73144
0.79133
0.51533
0.54778
0.66744
0.61633
0.89956
0.51433
0.64822
0.76467
0.84856
0.70211
0.67222
0.40144
0.43556
0.79478
0.89222
0.67822
0.52689
0.9
0.67389
0.55322
0.60378
0.44778
0.45689
0.60956
0.76322
0.76978
0.70967
0.90267
0.70044
0.82067
0.72489
0.73611
0.95622
0.87689
0.62089
0.67733
0.64178
0.66744
0.68356
0.69178
0.78389
0.76844
0.812
0.75678
0.55411
0.897
0.64689
0.75111
0.85033
0.73333
0.74833
0.84978
0.79222
0.84867
0.63944
0.89933
0.80044
0.42744
0.936
0.40056
0.82189
0.52256
0.89322
0.71444
0.87111
0.776
0.84567
0.68989
0.82867
0.95222
0.63756
0.81822
0.96256
0.99867
0.53089
0.63422
0.84711
0.64844
0.84511
0.76144
0.84378
0.92244
0.57511
0.75111
0.80833
0.46878
0.89433
0.53422
0.88556
0.69967
0.744
0.50078
0.83167
0.85544
0.67656
0.90022
0.326
0.83633
0.65756
0.84011
0.53967
0.88433
0.74511
0.72589
0.69189
0.626
0.67156
0.74778
0.93933
0.87233
0.94322
0.57956
0.79867
0.705
0.72089
0.86578
0.80689
0.93633
0.70689
0.97056
0.55178
0.82933
0.87856
0.90433
0.80556
0.75378
0.53767
0.62778
0.84522
0.77744
0.80489
0.53811
0.87311
0.70411
0.67067
0.83467
0.58622
0.67689
0.62789
0.57111
0.95544
0.84922
0.63389
0.66011
0.64222
0.45111
0.68056
0.66333
0.43489
0.61489
0.72367
0.93133
0.63878
0.69644
0.59667
0.71667
0.87833
0.60567
0.68656
0.74833
0.58278
0.61933
0.64433
0.48311
0.70789
0.62178
0.76889
0.65322
0.56911
0.96456
0.49678
0.86467
0.65111
0.69167
0.68167
0.93922
0.94822
0.78256
0.58144
0.58667
0.667
0.95511
0.61589
0.93333
0.88211
0.86478
0.78444
0.95322
0.50256
0.72822
0.72
0.96256
0.68578
0.909
0.48744
0.67378
0.78956
0.715
0.51867
0.50844
0.81756
0.89167
0.711
0.95711
0.523
0.72867
0.76811
0.48778
0.77633
0.63867
0.62533
0.74078
0.55144
0.54567
0.71456
0.76444
0.555
0.50778
0.68633
0.63956
0.36622
0.90233
0.72622
0.41178
0.44556
0.60411
0.41033
0.72444
0.78833
0.77022
0.80456
0.94533
0.85611
0.66033
0.76344
0.82389
0.65267
0.83322
0.64978
0.513
0.77511
0.37722
0.95278
0.60722
0.59511
0.52011
0.766
0.67111
0.62911
0.53533
0.76267
0.66456
0.59111
0.684
0.47833
0.77378
0.85156
0.43267
0.98056
0.78489
0.83689
0.68911
0.88889
0.53989
0.73778
0.687
0.64133
0.74111
0.90644
0.797
0.57122
0.74333
0.51056
0.74267
0.78967
0.56022
0.55856
0.621
0.74856
0.54378
0.78811
0.69156
0.95478
0.79122
0.66533
0.32111
0.30667
0.55767
0.36233
0.889
0.83578
0.52744
0.75178
0.51956
0.38689
0.58244
0.82533
0.84967
0.723
0.71311
0.89489
0.47144
0.97178
0.85056
0.64311
0.56222
0.543
0.60211
0.78011
0.69344
0.60978
0.51211
0.74078
0.76756
0.57389
0.59089
0.519
0.53656
0.68411
0.53044
0.568
0.70967
0.52344
0.78022
0.68867
0.86533
0.61078
0.99944
0.82522
0.87767
0.64022
0.66878
0.57833
0.685
0.82244
0.59089
0.32389
0.53411
0.89033
0.89722
0.95778
0.71911
0.50044
0.57356
0.77322
0.74189
0.80622
0.94556
0.61078
0.55444
0.50856
0.69178
0.73978
0.77178
0.77489
0.932
0.66467
0.39633
0.526
0.73878
0.65733
0.8
0.85933
0.73667
0.78989
0.69644
0.78678
0.937
0.75011
0.78978
0.49922
0.897
0.61489
0.89956
0.71611
0.62944
0.48122
0.78089
0.78156
0.51833
0.77267
0.918
0.65833
0.75467
0.749
0.44156
0.77489
0.58933
0.62311
0.61256
0.52067
0.72889
0.58411
0.99533
0.93333
0.75189
0.57889
0.80233
0.65644
0.683
0.56211
0.89656
0.96222
0.71933
0.504
0.71222
0.72011
0.46567
0.045111
0.62756
0.27956
0.51722
0.53167
0.68356
0.79278
0.58956
0.41089
0.89022
0.99078
0.77433
0.72322
0.53689
0.59456
0.80756
0.61644
0.62656
0.75378
0.79122
0.39422
0.79667
0.36122
0.34267
0.71389
0.65511
0.82933
0.60333
0.63711
0.72478
0.59656
0.634
0.86033
0.63278
0.69244
0.74633
0.78567
0.57378
0.92256
0.47311
0.46833
0.66556
0.70033
0.70856
0.65811
0.72033
0.96222
0.90667
0.49733
0.78778
0.70678
0.96833
0.96511
0.83222
0.97778
0.83189
0.84933
0.681
0.77133
0.82
0.49744
0.91456
0.69656
0.71033
0.87511
0.77
0.61389
0.68378
0.69522
0.61656
0.66078
0.79678
0.60233
0.74644
0.707
0.527
0.80433
0.58156
0.39656
0.91211
0.63433
0.55656
0.696
0.73111
0.91256
0.721
0.616
0.694
0.68089
0.67122
0.96544
0.91967
0.75322
0.65233
0.71478
0.89267
0.93233
0.91767
0.58678
0.715
0.75789
0.67622
0.77822
0.99011
0.76322
0.72011
0.52289
0.29278
0.79211
0.75433
0.79967
0.96711
0.44911
0.78778
0.74333
0.50878
0.70956
0.69444
0.874
0.877
0.61567
0.649
0.73133
0.98711
0.57733
0.64378
0.92122
0.92278
0.789
0.82311
0.79356
0.53256
0.68133
0.77756
0.90267
0.57967
0.84578
0.79567
0.69089
0.65233
0.88689
0.53011
0.66178
0.545
0.60578
0.555
0.96222
0.67344
0.63133
0.59
0.76844
0.748
0.54278
0.79311
0.78789
0.93467
0.79656
0.80811
0.70167
0.96722
0.77356
0.94567
0.686
0.91711
0.52578
0.762
0.64244
0.83567
0.89889
0.74533
0.80167
0.59611
0.97167
0.54556
0.62567
0.77567
0.69
0.89711
0.76133
0.61667
0.731
0.73722
0.61867
0.62522
0.70911
0.64778
0.81067
0.862
0.53789
0.72978
0.59411
0.65456
0.52711
0.62633
0.43178
0.58011
0.88722
0.89
0.93533
0.43633
0.714
0.52089
0.53078
0.627
0.84944
0.81022
0.23211
0.95444
0.81733
0.97756
0.56989
0.63311
0.859
0.81889
0.87167
0.68644
0.85044
0.59533
0.82311
0.684
0.81333
0.50578
0.93433
0.86878
0.57844
0.80633
0.86622
0.63767
0.60044
0.694
0.67578
0.46078
0.58122
0.58
0.905
0.51978
0.59167
0.73778
0.70722
0.47022
0.81911
0.728
0.51278
0.78378
0.84667
0.81556
0.95167
0.87978
0.60889
0.791
0.65733
0.74567
0.87967
0.781
0.59856
0.89311
0.36189
0.93444
0.66656
0.91189
0.65167
0.55889
0.92267
0.72111
0.71733
0.45156
0.90144
0.823
0.75067
0.68011
0.943
0.58222
0.83467
0.50678
0.78533
0.43367
0.77411
0.93389
0.78167
0.75033
0.41722
0.82733
0.96911
0.48122
0.578
0.67978
0.63267
0.67767
0.37156
0.858
0.81733
0.82278
0.97633
0.49544
0.82278
0.61344
0.67267
0.94356
0.67256
0.89578
0.85767
0.91678
0.86533
0.62778
0.97156
0.73433
0.81067
0.53278
0.56067
0.51856
0.59589
0.54878
0.59456
0.76511
0.57589
0.49533
0.74233
0.53156
0.55122
0.84544
0.62844
0.54844
0.69433
0.53311
0.30467
0.61956
0.81133
0.77478
0.623
0.80433
0.51944
0.56233
0.54733
0.73789
0.69922
0.874
0.34878
0.49222
0.64844
0.75456
0.85
0.40922
0.73989
0.79189
0.64044
0.69656
0.89944
0.676
0.40111
0.57033
0.58333
0.62733
0.63111
0.71067
0.55222
0.62789
0.63211
0.74822
0.64644
0.41044
0.68756
0.83522
0.61111
0.39189
0.92611
0.62511
0.97767
0.85644
0.83533
0.84667
0.53522
0.92156
0.77433
0.98256
0.91511
0.82767
0.77189
0.47011
0.802
0.67422
0.54444
0.477
0.66
0.78911
0.73456
0.571
0.64856
0.56089
0.69433
0.75889
0.50567
0.573
0.85778
0.49011
0.96
0.698
0.83111
0.53633
0.73467
0.608
0.66089
0.46289
0.69922
0.86056
0.749
0.87511
0.59133
0.88889
0.94867
0.76611
0.43011
0.78478
0.58867
0.792
0.86167
0.57478
0.66089
0.87367
0.70956
0.63922
0.56044
0.70867
0.69656
0.46756
0.60644
0.788
0.68789
0.69778
0.73
0.78378
0.54522
0.84711
0.62267
0.64211
0.38911
0.59689
0.72678
0.63089
0.69978
0.77367
0.62889
0.90833
0.76211
0.86056
0.61978
0.70944
0.88133
0.54144
0.62556
0.82233
0.85356
0.535
0.71
0.71856
0.69811
0.90156
0.75956
0.86467
0.74711
0.81989
0.81011
0.88444
0.60489
0.78589
0.71656
0.61767
0.91511
0.845
0.70444
0.53622
0.48467
0.55789
0.61122
0.62822
0.629
0.67022
0.95611
0.85167
0.76567
0.85256
0.82033
0.83278
0.87867
0.95356
0.65933
0.668
0.67011
0.78222
0.76556
0.96422
0.85478
0.63433
0.45744
0.54211
0.89278
0.71267
0.778
0.68
0.68878
0.59844
0.735
0.47622
0.78122
0.71756
0.55678
0.57578
0.59933
0.67956
0.83911
0.83544
0.64289
0.65422
0.72533
0.71044
0.88056
0.30778
0.52678
0.35478
0.77522
0.70222
0.84167
0.75767
0.88522
0.84644
0.94133
0.91222
0.74733
0.88767
0.52611
0.74733
0.80211
0.62522
0.59844
0.684
0.92467
0.938
0.58522
0.556
0.63211
0.81389
0.88489
0.41589
0.85978
0.806
0.85844
0.64689
0.87467
0.82022
0.791
0.72511
0.56211
0.50189
0.82178
0.487
0.75378
0.67567
0.75411
0.82822
0.63433
0.71556
0.69978
0.80389
0.56956
0.66122
0.80922
0.92467
0.83178
0.70267
0.722
0.65367
0.45856
0.50467
0.75722
0.71944
0.81356
0.89489
0.62322
0.784
0.82022
0.673
0.94711
0.68167
0.87344
0.75622
0.689
0.69733
0.79789
0.885
0.703
0.99867
0.88311
0.52633
0.81233
0.83022
0.57956
0.624
0.74689
0.70811
0.74233
0.70578
0.813
0.949
0.85189
0.79356
0.72533
0.69833
0.78644
0.83922
0.79789
0.53367
0.821
0.556
0.59367
0.74967
0.69456
0.45733
0.66778
0.706
0.87133
0.67744
0.75744
0.64922
