0.0993432
0.0963559
0.0794319
0.494783
0.139511
0.141556
0.12862
0.248548
0.280917
0.250558
0.1498
0.130086
0.101185
0.168846
0.0702933
0.0740899
0.0992334
0.257062
0.244624
0.140637
0.141828
0.147889
0.123929
0.119113
0.287127
0.119493
0.139245
0.123592
0.0966576
0.0490232
0.130344
0.0977871
0.228676
0.103007
0.821055
0.820217
0.124562
0.232282
1.5659
0.0883914
0.279145
0.22067
0.187004
0.106106
0.299159
0.41277
0.164053
0.147037
0.505241
0.237486
0.697356
0.0877694
0.265426
0.53888
0.176008
0.160311
1.45487
1.14227
0.16454
0.248056
0.221405
0.34488
0.253698
0.203056
0.229594
0.233969
0.200677
0.131329
0.10579
0.0998599
0.0908679
0.167195
0.18502
0.158416
0.162799
0.652152
0.142175
0.266592
0.234121
0.216229
0.370698
0.65779
0.341735
0.12646
0.601892
0.450354
0.199806
0.243198
0.127649
0.170026
0.22139
0.206197
0.354613
0.491965
0.557854
0.136069
0.274444
0.504021
0.108592
0.20513
0.0908825
0.0889919
0.305427
0.18282
0.256205
0.133363
0.229532
0.718166
1.18654
0.259805
0.478608
0.448171
0.19301
0.105944
0.476415
0.354734
0.410932
0.202878
0.213615
0.133724
0.412188
0.251151
0.192064
0.20363
0.185134
0.197378
0.187754
0.142619
0.116364
0.158624
0.138282
0.205138
0.157116
0.0744964
0.0910701
0.217988
1.06176
0.40485
0.82139
0.334464
0.341452
0.404393
0.390919
0.155925
0.229515
0.0959365
0.137383
0.237816
1.00835
0.153669
0.194842
1.0432
1.44268
0.698297
0.721984
0.710125
0.396002
0.482207
0.742071
0.411559
0.357176
0.292226
0.126268
0.152094
0.222973
0.129174
0.0881883
0.180023
0.119702
0.669247
0.661551
0.0785793
0.343985
0.226117
0.326499
0.226306
0.225038
0.13707
0.783445
0.323648
0.224881
0.0987771
0.166206
0.182499
0.13339
0.185421
0.183694
0.135594
0.0772936
0.383198
0.126523
0.608306
0.921086
0.20962
0.319121
0.361398
0.197061
0.228874
0.533458
0.123411
0.136129
0.15456
0.136306
1.51263
0.311225
0.403107
0.20481
0.160608
0.314124
0.163671
0.111233
0.217628
0.107869
0.201513
4.62243
0.34028
0.188239
0.0827689
0.485629
0.215411
0.352723
0.264152
0.604938
0.990146
0.559854
0.370757
0.278932
0.0657657
0.329427
0.207949
0.150827
0.301877
0.392381
0.399289
0.196353
0.196344
0.213423
0.229611
0.20185
0.662251
0.373258
0.267331
0.30702
0.386166
0.481107
0.410428
0.087808
0.287099
0.145045
0.136622
0.176624
0.24245
0.309095
0.163368
0.397483
0.173074
0.411598
1.15691
0.145193
0.103654
0.154005
0.166547
0.125212
0.224946
0.175366
0.246642
0.275412
0.185149
0.239997
0.130544
0.0868852
0.158407
0.152411
0.210979
0.343334
0.222048
0.1505
0.156918
0.170977
0.165031
0.177342
1.40935
0.213333
0.319956
0.374097
0.280668
0.158814
0.075903
0.174481
0.209755
0.224471
0.552681
0.322235
0.937697
0.159273
0.225322
0.175984
0.181434
0.190449
0.268362
0.184215
0.262563
0.142616
0.1234
0.0749137
0.280015
0.226359
0.0959838
0.157976
0.138113
0.490005
0.27915
0.392007
0.344164
0.334227
0.173432
0.239772
0.157052
0.179875
0.21328
0.156734
0.281863
0.372891
0.267627
0.170371
0.298195
0.139236
0.1413
0.224792
0.291897
0.879204
0.230288
0.358723
0.860796
0.302858
0.14736
0.364425
0.250653
0.15
0.205832
0.44217
1.23121
0.392857
0.146431
0.154487
0.169885
0.110488
0.293341
0.330778
0.200295
0.15996
0.384591
0.488564
0.18863
0.17897
0.157729
0.253155
0.302033
0.294456
0.192224
0.187061
0.16307
0.157965
0.357893
0.1942
0.356473
0.0571338
0.271348
0.22717
0.126142
0.305164
0.287083
0.277987
0.326353
0.257966
0.220809
0.225274
0.139366
0.0970862
0.278272
0.194411
0.135861
0.176614
0.374211
0.201511
0.200362
0.0688949
0.23877
0.472258
0.248706
0.166266
0.181775
0.180024
0.182478
0.272224
0.155182
0.211075
0.265515
0.313215
0.311615
0.195935
0.153723
0.172061
0.111096
0.154942
0.120984
0.244619
0.279012
0.261373
0.131415
0.129069
0.170459
0.223003
0.23747
0.185225
0.221801
0.427843
0.176401
0.185893
0.726324
0.213785
0.143071
0.111467
0.161083
0.276868
0.155949
0.243838
0.204419
0.161744
0.133643
0.142044
0.178884
0.337433
0.215268
0.253804
0.173759
0.106105
0.125374
0.153125
0.140443
0.17367
0.211625
0.179741
0.159657
0.141285
0.111315
0.163342
0.109696
0.151661
0.149404
0.114735
0.249473
0.120866
0.147123
0.223017
0.255379
0.735676
0.262474
0.162609
0.150405
0.197569
0.263134
0.184555
0.249271
0.16479
0.0673628
0.215857
0.248641
0.196527
0.688788
0.171276
0.176851
0.16596
0.131033
1.21323
0.26624
0.253272
0.519475
0.247539
0.236121
0.22816
0.0927675
0.56303
0.128288
0.113413
0.416113
0.335354
3.02059
0.182036
0.213607
0.362764
0.215474
0.216155
0.216021
0.127847
0.090813
0.583334
0.310629
0.221685
0.251139
0.220952
0.159669
0.211777
0.115359
0.124696
0.132051
0.153171
0.324117
0.105125
0.729174
0.673216
0.13472
0.106704
0.704988
0.990308
0.137474
0.15237
0.1681
0.142966
0.2799
0.279949
0.267852
0.184955
1.77728
0.175845
0.286651
0.196937
0.151482
0.168422
0.182825
0.122462
0.159287
0.102257
0.196676
0.137126
0.250171
0.631524
0.675853
0.179958
0.236049
0.204049
0.129601
0.174101
0.353831
0.621422
0.179763
0.272265
0.257425
0.0522089
0.0673292
0.198114
0.201416
1.18445
0.242549
0.209077
0.404941
0.271793
0.310974
0.191812
0.239384
0.452446
1.19865
0.864257
0.1332
0.0985695
0.0650722
0.111233
0.134987
0.330093
0.102751
0.327736
0.11254
0.158485
0.179466
0.185309
0.325813
0.363746
0.790387
0.201784
0.16883
0.0987181
0.271962
0.254026
0.218581
0.142156
0.161078
0.119811
0.114259
0.179203
0.155116
0.182672
0.304554
0.329727
0.19665
0.178427
0.126857
0.1817
0.265638
0.103176
0.204247
0.266993
0.783796
0.144875
1.21643
0.350227
0.102811
0.723416
0.300017
0.183329
0.346017
0.304452
0.328842
0.0587775
0.0956157
0.374147
0.184085
0.242947
0.228864
1.24003
0.342102
0.37786
0.213592
0.266492
1.39499
0.532326
1.43939
0.375028
0.154704
0.238334
0.455993
0.59141
0.213329
0.107621
0.265391
0.105923
0.115639
0.150475
0.0941813
0.0624021
0.185325
0.197674
0.148711
0.10947
0.111255
0.346973
0.360479
0.252376
0.627813
0.309497
0.187505
0.158982
0.355722
0.166346
0.197432
0.254726
0.111011
0.0827353
0.187786
0.167349
0.216611
0.438321
0.382462
0.897975
0.141974
0.0878705
0.193504
0.166923
0.268435
0.0584928
0.0931592
0.117719
0.247054
0.292662
0.168555
0.605249
0.146504
0.337769
0.196574
0.506235
0.301576
0.0533143
0.238703
0.155253
0.177967
0.767955
0.200031
0.209684
0.214642
0.190193
0.196883
0.176354
0.365995
0.149675
0.133888
0.180747
0.28421
0.833948
1.04569
2.00401
0.194849
0.163683
0.176336
0.177139
0.214728
0.260383
0.264748
0.0976816
0.143967
0.11126
0.155336
0.171293
0.0839034
0.165338
0.30014
0.276988
0.0916462
0.205541
0.235695
0.287719
0.187928
0.200916
0.151538
0.538228
0.571862
0.167758
0.298218
0.367461
0.420767
0.216
0.745041
0.299656
0.204722
0.258344
0.1762
0.232824
0.222007
0.276893
0.718375
0.21228
0.220557
0.20385
0.218534
0.202216
0.217606
0.0965937
0.0809957
0.550588
1.59272
0.263882
0.106816
0.230921
0.302098
0.114216
0.0752757
0.0932081
0.165776
0.0734133
0.312824
0.228725
4.02671
0.106001
0.115401
0.289803
0.252685
0.247132
0.249774
0.536747
0.0862661
0.107713
0.362674
0.766099
0.125604
0.0880121
0.239838
0.445112
0.181317
0.152903
0.25379
0.432951
0.0984252
0.666514
0.134646
0.120622
0.102861
0.120396
0.28965
0.120836
0.131856
0.119355
0.114825
0.184543
0.136982
0.262003
0.254273
0.356084
0.234525
0.102558
0.120299
0.103544
0.154358
0.124172
0.306607
0.188294
0.381811
0.287214
0.528277
0.480781
1.22618
0.89829
0.394893
0.293045
0.0774869
0.165415
0.16411
0.334215
0.251815
0.35249
0.0700813
0.0930303
0.584791
0.17335
0.409548
0.0863362
0.350065
0.356382
0.1426
0.152099
0.117705
0.308351
0.245469
0.627357
1.50546
0.242687
0.260407
0.162721
0.214588
0.385112
0.296941
0.255237
0.353024
0.166891
0.172183
0.385157
0.649747
0.443612
0.139062
0.169654
0.125177
0.15334
0.142468
0.246443
0.0957143
0.113494
0.0682437
0.09839
0.107624
0.11732
0.220931
0.180076
0.185454
0.219421
0.203222
0.346405
0.181371
0.120526
0.146905
0.130491
0.145848
0.466443
0.886961
0.167146
0.125638
0.0901516
0.0782697
0.112945
0.412909
0.257371
0.158411
0.254923
0.140179
0.116668
3.74873
2.01787
0.151172
0.166314
0.160638
0.120656
1.9565
0.137219
0.487637
0.160667
0.206607
0.205094
0.13184
0.145275
0.169452
0.162624
0.264599
0.250165
0.603891
0.136085
0.086497
0.238033
0.177851
0.732384
0.219723
0.106313
0.173327
0.101519
0.467206
0.400941
0.162903
0.36127
0.0783504
0.127153
0.0836799
0.146865
0.216436
0.0907966
0.157816
0.215795
0.491903
0.108738
0.0880266
0.176355
0.18987
0.113926
0.0979525
0.466656
0.285207
0.100186
0.0838895
0.157109
0.255526
0.634938
0.331577
0.30969
0.133412
0.188448
0.174312
0.132321
0.171167
0.203868
0.136473
0.122035
0.263819
0.193351
0.336743
0.20842
0.205929
0.352623
0.2848
0.156677
0.368027
0.0953179
0.226829
0.172428
0.293744
0.160593
0.204852
1.4488
0.338922
0.22533
0.285607
0.213328
0.155005
0.124028
0.131902
0.146491
0.188967
0.120021
0.46691
0.11337
0.299782
0.153265
0.166455
0.132433
0.261891
0.382265
0.285475
0.122992
0.594682
0.523234
0.400784
0.235518
0.11021
0.0767477
0.137014
0.132833
0.466202
0.153652
0.202992
0.0847193
0.0984302
0.259952
0.179391
0.27209
0.246878
0.223765
0.306961
0.458374
0.118737
1.04293
0.263971
0.285291
0.219551
0.294321
0.121183
0.687193
0.260281
0.111707
0.127116
0.231173
0.0486817
0.122817
0.627745
0.157407
0.0803001
0.0646899
0.255499
0.145353
0.0816394
0.369489
0.298521
0.57637
0.383294
0.315762
0.182628
2.19814
1.00688
0.141074
0.327771
0.665934
0.544723
0.604276
0.275673
0.136367
0.0834481
0.219998
0.402532
0.44624
0.123483
0.942976
0.882887
0.200508
0.240292
0.192403
0.521685
0.157305
0.138231
0.202999
0.216316
0.257904
0.508047
0.409917
0.513018
0.113689
0.11389
2.06362
0.137217
0.0855438
0.0737362
0.166352
0.418587
0.185846
0.140081
0.173729
0.557777
0.166649
0.274267
0.120426
0.102167
0.134099
0.201107
0.17688
0.179758
0.801279
0.244709
0.167625
0.224404
0.613626
0.403476
0.107398
0.11504
0.424672
0.0787831
0.0854356
0.717525
0.420641
0.213912
0.346828
0.223917
0.317272
0.162387
0.252212
0.23372
0.203753
0.146076
0.114013
0.232069
0.333941
0.289671
0.321901
0.157777
0.0830544
0.146456
0.120858
0.736027
0.190912
0.125036
0.134681
0.996815
0.681512
0.192895
0.271653
1.60585
0.798945
0.973887
0.392672
0.406291
0.479615
0.117077
0.223443
0.624603
1.96851
0.0988574
0.177254
0.320292
0.112798
0.0904029
0.25879
0.129895
0.252191
0.0626702
0.113294
0.15535
0.225078
0.531836
0.226477
0.278994
0.128667
0.135823
0.303068
0.172284
0.979552
0.53123
0.172919
0.656747
0.196457
0.183494
0.115791
0.495022
0.748967
0.0854875
0.186362
0.186094
0.139417
0.128485
0.283021
0.117758
0.112609
0.35462
0.155581
0.119481
0.622535
0.686096
0.486831
0.533054
0.413885
0.306944
0.238444
0.141214
0.314007
0.289165
1.08062
0.350065
0.117089
0.159146
1.24691
0.537241
0.496412
3.94671
0.903863
0.456
0.243321
0.460555
0.556047
0.154288
0.16468
0.299022
0.28871
0.120076
0.137616
0.130796
0.135673
0.151772
0.144138
0.124648
0.123079
0.193343
1.10251
0.25399
0.196465
0.209636
0.312116
0.224249
0.380007
0.206402
0.158415
0.133448
0.223805
0.207732
0.0967062
0.126969
0.37627
0.302738
0.522464
0.123
0.101574
0.22074
0.204512
0.0545483
0.0929685
0.531448
0.168342
0.0979075
0.135504
0.32415
0.123391
1.1367
1.58026
0.142531
0.126833
0.846589
0.695959
0.500729
0.13443
0.296326
0.353252
0.136861
0.106229
0.210447
0.173838
0.253704
0.132073
0.112578
0.130649
0.0938984
0.147739
0.157722
0.198019
0.140394
0.0925478
0.410144
0.0749548
0.140223
0.13319
0.934664
0.0972617
