0.0295034
0.0300879
0.0274986
0.0566375
0.0261818
0.0366102
0.0319572
0.0271382
0.0352875
0.0495585
0.0570049
0.0289654
0.0225258
0.0313746
0.0154478
0.011569
0.0185016
0.0384819
0.0191907
0.0380667
0.0359451
0.0438592
0.0391523
0.0361181
0.0393211
0.0352509
0.0264117
0.0249921
0.0268994
0.0184095
0.036535
0.0358389
0.0536103
0.0410974
0.0674653
0.0608481
0.0374294
0.0432915
0.0856624
0.0303601
0.0566225
0.0629722
0.0668182
0.0292853
0.0450156
0.039804
0.0367703
0.0233275
0.0337979
0.0250046
0.0753042
0.020491
0.035283
0.0611573
0.0537426
0.0320647
0.0833836
0.158523
0.0448611
0.0548568
0.046403
0.0654694
0.0606145
0.0437873
0.0389109
0.0289906
0.0352178
0.0276536
0.0256471
0.0304068
0.0215571
0.0443266
0.0353049
0.0254191
0.040771
0.0977669
0.0486171
0.0675542
0.063273
0.0402928
0.0518282
0.0742567
0.0697177
0.0315775
0.0675648
0.0844759
0.0395385
0.0309404
0.0287619
0.0420486
0.0450849
0.0449885
0.0659638
0.0587072
0.0480119
0.0324267
0.0833747
0.09963
0.0288177
0.0420665
0.0256712
0.0267588
0.0446853
0.0462643
0.0502997
0.0326552
0.0468388
0.136974
0.15827
0.0374804
0.0852788
0.0741805
0.0379053
0.0446339
0.0857825
0.0625448
0.0840764
0.0266348
0.0388144
0.0313391
0.0500023
0.0521008
0.0545096
0.0355523
0.0406269
0.0496868
0.060963
0.0385707
0.0392973
0.027856
0.0239573
0.0436865
0.0366747
0.0257479
0.0243574
0.045496
0.100469
0.0533132
0.135949
0.0582106
0.0838485
0.0840996
0.071917
0.0401277
0.0507753
0.0396318
0.0341693
0.0276189
0.0457953
0.0246755
0.0232074
0.110315
0.0487823
0.136541
0.122837
0.0751797
0.0969401
0.0572443
0.118395
0.0644078
0.0643389
0.0778311
0.0449293
0.0495959
0.0473352
0.0319199
0.0262466
0.0391621
0.0297441
0.0943513
0.10486
0.0190657
0.0749972
0.0422677
0.0447817
0.0288059
0.0266336
0.0569819
0.0645345
0.0553379
0.0586304
0.0234427
0.0359088
0.0328975
0.0287843
0.0589968
0.0594121
0.0238535
0.0222993
0.0725407
0.0314626
0.0842515
0.0830054
0.0597906
0.0855266
0.0425898
0.034486
0.0476136
0.0707331
0.0249143
0.0270376
0.0328422
0.0336402
0.0886892
0.0541636
0.0550654
0.0501383
0.0371126
0.0386267
0.0328203
0.0298099
0.061938
0.0315139
0.0424914
0.242437
0.112413
0.0334868
0.0308945
0.0602868
0.0384815
0.0814077
0.0975738
0.0518556
0.084956
0.117922
0.119645
0.0324829
0.0211586
0.0771808
0.0526502
0.040637
0.0694728
0.040628
0.0995618
0.0334574
0.0299559
0.071027
0.0712072
0.0442911
0.0528906
0.0537143
0.0587801
0.0454001
0.0637015
0.0587327
0.0539656
0.0251244
0.0342066
0.0288766
0.0450458
0.0366294
0.0544073
0.0938542
0.0411851
0.0569291
0.0446158
0.0540277
0.085213
0.0392202
0.0253382
0.033359
0.0582218
0.0490267
0.0963399
0.0329168
0.0352377
0.040063
0.0479042
0.0684585
0.0441588
0.0319349
0.0515748
0.0374172
0.0361525
0.0653277
0.0399345
0.0463009
0.0321257
0.0389707
0.0538671
0.0441509
0.131837
0.0649451
0.0873278
0.108461
0.0472936
0.0366809
0.0246638
0.0256378
0.0360427
0.0441076
0.0539675
0.058021
0.0649443
0.0406418
0.0424097
0.0416931
0.0300994
0.0259253
0.0321625
0.031743
0.0448721
0.0425384
0.0238919
0.0226103
0.0838006
0.0712021
0.0258716
0.0376136
0.0314121
0.0599444
0.0601944
0.0768394
0.0502302
0.0412814
0.0286185
0.0389589
0.0359472
0.0673167
0.0422055
0.0452526
0.0303323
0.0667055
0.0620364
0.0440096
0.0432575
0.0319238
0.0603114
0.0730199
0.0416489
0.0440129
0.035234
0.046616
0.0893751
0.0526797
0.040625
0.0446666
0.0344256
0.0414205
0.0439295
0.0556238
0.157998
0.0513238
0.0523862
0.044476
0.0495421
0.022139
0.0547066
0.0524373
0.027147
0.0336397
0.0536287
0.0937643
0.0503718
0.0540522
0.0383123
0.036852
0.0495194
0.0804129
0.0776587
0.0386513
0.038257
0.0265371
0.0356526
0.0412554
0.0500749
0.0188027
0.0314487
0.0347023
0.0303937
0.0597794
0.0691248
0.0382261
0.032087
0.0661563
0.0717635
0.0341676
0.0261405
0.026897
0.0328062
0.0429988
0.0351254
0.048184
0.043013
0.0381005
0.0540804
0.0264452
0.051259
0.0604989
0.0563334
0.0385714
0.037599
0.0610324
0.0352383
0.0457368
0.0346709
0.0458855
0.0352095
0.0398379
0.065267
0.0545209
0.0279742
0.0504649
0.0237172
0.0218082
0.0270535
0.032067
0.0287245
0.0495688
0.0350957
0.0417004
0.0464663
0.0499687
0.0521079
0.057492
0.0452117
0.0720414
0.0454935
0.0492079
0.0616729
0.061461
0.0399798
0.0447573
0.0514126
0.0578133
0.0277005
0.0325902
0.0319357
0.0349001
0.0363589
0.031348
0.0327502
0.0742082
0.0655347
0.0383781
0.0467853
0.0339294
0.0354481
0.0391287
0.0444372
0.0419226
0.0558381
0.0414533
0.0364593
0.0333448
0.0321401
0.0399598
0.0280058
0.0248023
0.035801
0.0373047
0.0384541
0.0433431
0.0501674
0.0665304
0.0699224
0.0875488
0.0618057
0.0437919
0.047562
0.0518958
0.0597912
0.0243717
0.0305042
0.036469
0.0279953
0.0460114
0.0561761
0.0437049
0.0565505
0.0248536
0.0304274
0.0383535
0.0353101
0.17516
0.0604928
0.0376594
0.0615271
0.0789769
0.0780123
0.0348032
0.032349
0.0777421
0.037537
0.023943
0.0822412
0.0943976
0.121655
0.0422435
0.0547007
0.0530129
0.036672
0.0595284
0.0502649
0.0260899
0.022268
0.1164
0.0765381
0.0368884
0.046308
0.0428812
0.0391911
0.0417807
0.0294144
0.0220766
0.031729
0.0347133
0.0377652
0.0225597
0.0781918
0.0929131
0.0515605
0.0422134
0.0587508
0.0921436
0.0454934
0.0445816
0.0318005
0.0292827
0.0555229
0.0803814
0.0472774
0.0449471
0.060041
0.0285995
0.0566275
0.0484369
0.0335103
0.0388568
0.0390049
0.0345508
0.0417689
0.0206464
0.0419356
0.0398463
0.0691108
0.0790427
0.07172
0.0493563
0.0482204
0.073472
0.0284251
0.0255696
0.0776664
0.0940735
0.043536
0.0761373
0.0800571
0.0177898
0.0237297
0.0531413
0.0321525
0.17911
0.0848655
0.0659349
0.0530936
0.0523719
0.0550628
0.0523392
0.032458
0.0539976
0.105464
0.118833
0.0400451
0.024452
0.0202908
0.0278628
0.0283925
0.0602333
0.0321061
0.0630197
0.0373572
0.0374863
0.0437438
0.0493115
0.0634777
0.0597354
0.0635491
0.0460922
0.0271534
0.0279761
0.0572891
0.0463505
0.0332959
0.024355
0.0289044
0.0435246
0.041076
0.0364633
0.0397113
0.0642365
0.0580566
0.0759665
0.0377538
0.032215
0.03272
0.0485947
0.0485184
0.0291792
0.0323648
0.0704965
0.0802052
0.0531741
0.108407
0.076671
0.0219773
0.046665
0.0503665
0.0410255
0.0687983
0.0518929
0.0724548
0.0182416
0.0184466
0.0540896
0.0446989
0.0689416
0.0783095
0.0714707
0.0568156
0.0648327
0.0346258
0.0460674
0.102757
0.0501742
0.159576
0.0463777
0.0355971
0.0686859
0.112001
0.126992
0.0358271
0.0379231
0.0332354
0.0276885
0.0289846
0.0320585
0.0358604
0.0227534
0.029212
0.0531327
0.0364793
0.0346244
0.0355574
0.0494139
0.0566156
0.0448147
0.0724621
0.0781705
0.0310285
0.0345585
0.0690699
0.0500232
0.0426066
0.047838
0.0343881
0.0275654
0.0564552
0.0474802
0.0404993
0.0626371
0.0544163
0.0441809
0.0337922
0.0346406
0.031794
0.0302156
0.0289449
0.0167519
0.0264859
0.0326332
0.0284386
0.0412617
0.0330678
0.0555472
0.0547149
0.0636936
0.0392118
0.0668669
0.080023
0.0165206
0.0308911
0.0515831
0.0435609
0.0714269
0.0720977
0.0714896
0.0243143
0.0261453
0.0856501
0.0553
0.0789625
0.0324682
0.0380685
0.0397929
0.0617221
0.0925317
0.147304
0.237452
0.0328077
0.024438
0.0392046
0.0459836
0.0560617
0.0670313
0.0419552
0.0359612
0.04418
0.0346329
0.030654
0.0247847
0.0371873
0.0282985
0.0357028
0.0321737
0.0279659
0.0317601
0.0339537
0.0540865
0.0415781
0.0393059
0.0498056
0.124515
0.0535998
0.0427569
0.0570867
0.0698425
0.0942164
0.0544752
0.0744975
0.0335452
0.0302521
0.0597347
0.0391822
0.0436639
0.0520638
0.0371654
0.0598049
0.0511629
0.0470863
0.0384992
0.0394912
0.0291909
0.0317514
0.0226865
0.0271283
0.0898277
0.123998
0.0307878
0.0219157
0.0443401
0.0436468
0.0265812
0.0236287
0.0247884
0.0435566
0.028449
0.0743701
0.0653843
0.251544
0.0161972
0.015746
0.0867755
0.0474611
0.0340706
0.0400451
0.0670687
0.0384355
0.0304556
0.0436538
0.10342
0.0340655
0.0322375
0.0602491
0.0703151
0.0516267
0.0545901
0.055626
0.0526277
0.027275
0.0579581
0.0472376
0.0227633
0.0433312
0.0216414
0.0301546
0.0189979
0.0254003
0.0259892
0.0326368
0.0499554
0.0403776
0.0502367
0.0502612
0.0561887
0.0644491
0.0338435
0.0405999
0.0441053
0.0274043
0.0279887
0.0339125
0.0642257
0.0688744
0.0623618
0.0536922
0.055615
0.112125
0.108783
0.086202
0.0814562
0.0261161
0.0438127
0.0299553
0.056576
0.0607079
0.0941403
0.0244326
0.0256477
0.052467
0.0392004
0.0301584
0.0209801
0.0620259
0.0826896
0.0356194
0.0502775
0.0546405
0.0613054
0.0725605
0.103692
0.137987
0.0533981
0.0358335
0.029212
0.0251649
0.0480835
0.0532923
0.0383466
0.0734005
0.0404743
0.0278416
0.0639823
0.0611447
0.0549463
0.0291325
0.0460357
0.0392289
0.0327851
0.0419662
0.0582056
0.0236652
0.0308976
0.0237779
0.0332991
0.0334123
0.0405985
0.0421003
0.0341644
0.0350638
0.0564107
0.0506268
0.0512633
0.0558049
0.0313078
0.0246797
0.0362803
0.0305582
0.0543784
0.0808186
0.042476
0.0264501
0.0252185
0.0259022
0.0227929
0.0295463
0.0401197
0.0342043
0.0396923
0.0295783
0.0261171
0.23935
0.136652
0.0341709
0.0265844
0.0441942
0.0284695
0.22378
0.0220346
0.0483043
0.0365443
0.0516048
0.038328
0.0211239
0.02663
0.0320905
0.0451185
0.0334912
0.0510523
0.0798361
0.0283301
0.0278446
0.0379258
0.0361224
0.0542147
0.0376525
0.0391263
0.0495017
0.0362633
0.147769
0.0792498
0.0327385
0.0262163
0.0219913
0.0346453
0.0274153
0.0261648
0.0556991
0.0244575
0.0346003
0.0570448
0.0726393
0.0235034
0.0250231
0.0355266
0.0451997
0.0323165
0.0245584
0.132457
0.0688679
0.0198677
0.0182433
0.0555589
0.0832367
0.0670742
0.0639184
0.0707049
0.0247973
0.0666189
0.0590248
0.0353535
0.0543561
0.0574095
0.0366999
0.0292727
0.0356657
0.0406814
0.0456575
0.0434844
0.0456608
0.0819616
0.0857257
0.0259079
0.0429566
0.0339764
0.0626506
0.054172
0.0568824
0.0539137
0.055861
0.0855614
0.0587731
0.032368
0.0621863
0.0734728
0.0475541
0.0453329
0.0533358
0.0615041
0.0340647
0.0267792
0.0386915
0.0345328
0.0363808
0.0480964
0.0292473
0.0273805
0.0524772
0.0829583
0.0710757
0.0296241
0.0976631
0.0805511
0.0732438
0.0505521
0.0297653
0.028698
0.0332519
0.0383697
0.069296
0.0222229
0.0225173
0.0296597
0.0301974
0.0580589
0.0387139
0.0812387
0.0671198
0.0538205
0.0714383
0.0437794
0.0295123
0.146002
0.0587119
0.0533201
0.0768546
0.0376023
0.0284972
0.0839981
0.0534189
0.0285152
0.0330843
0.057326
0.0142225
0.0249181
0.0742107
0.0594486
0.0208213
0.0163156
0.0774795
0.0360521
0.0266268
0.0870411
0.0615767
0.0866346
0.109107
0.0713129
0.0694892
0.0495041
0.0742659
0.0304269
0.0699295
0.228497
0.110451
0.0483121
0.0538593
0.0301389
0.018075
0.033828
0.048422
0.046223
0.031409
0.0730577
0.0572802
0.0359234
0.0467442
0.0571507
0.0815332
0.0225799
0.0244172
0.0477301
0.0518985
0.072654
0.0718407
0.106342
0.0876721
0.0379807
0.0238833
0.235448
0.0347913
0.0208681
0.024475
0.0423526
0.0445352
0.0312236
0.0239075
0.0569076
0.0903435
0.0531998
0.0492008
0.0401039
0.0348326
0.0350199
0.0361962
0.0483987
0.0460949
0.0631692
0.0360142
0.0424007
0.0522983
0.0921298
0.0772774
0.0367953
0.0359897
0.0661662
0.0231494
0.0258054
0.0705343
0.0712248
0.0353497
0.0414913
0.0286094
0.0374284
0.0536638
0.0663622
0.0364619
0.0328885
0.0472671
0.0296401
0.0596541
0.055429
0.091494
0.0770359
0.0342406
0.0196753
0.0385946
0.0311739
0.137913
0.0627618
0.0427365
0.0289856
0.096415
0.0734322
0.0378745
0.0454127
0.135451
0.080942
0.100044
0.0812794
0.122815
0.143431
0.0258971
0.0565425
0.0890288
0.118256
0.0271665
0.0324105
0.0410627
0.029542
0.0246851
0.0733475
0.0527288
0.0311671
0.0190323
0.0259726
0.0254082
0.0667274
0.0868368
0.0615912
0.0506256
0.0294039
0.049892
0.0458248
0.0581361
0.07351
0.0791743
0.0259724
0.0345863
0.0414789
0.040992
0.0336049
0.0449532
0.0652059
0.035426
0.0442451
0.0414101
0.0271937
0.0245329
0.034256
0.0445526
0.0293011
0.051731
0.0254303
0.0333942
0.113252
0.160696
0.0415287
0.0796991
0.0498664
0.0548715
0.0459168
0.0440645
0.0450883
0.0416668
0.0551867
0.0645179
0.0419088
0.0498631
0.0447084
0.0867119
0.0883705
0.125253
0.0471216
0.0641355
0.0557501
0.0987527
0.10336
0.0220794
0.031842
0.0556904
0.0803963
0.0405675
0.0446419
0.0326621
0.0370755
0.0310167
0.0325797
0.0424078
0.045653
0.0600463
0.124505
0.0537925
0.0506922
0.043871
0.040097
0.0403987
0.058884
0.050486
0.0349837
0.0417238
0.0437767
0.0405846
0.0300124
0.033533
0.0958078
0.0480326
0.0767184
0.0308911
0.0293674
0.055333
0.0617539
0.0158113
0.0185574
0.116973
0.0397346
0.0362179
0.0476793
0.0311062
0.0251746
0.112112
0.167784
0.0426017
0.0483996
0.0689362
0.0685091
0.0760393
0.0366588
0.0744826
0.0962606
0.0343084
0.0296914
0.0507036
0.0435097
0.0532146
0.0375576
0.0367538
0.0552023
0.0255496
0.0411956
0.0392319
0.0368109
0.0343457
0.0270449
0.0416271
0.0212759
0.0424881
0.0400343
0.118867
0.0261374
