0.0216982
0.0147906
0.013544
0.0658879
0.0208503
0.0242865
0.0187787
0.0297489
0.0382557
0.0395492
0.0324466
0.0188366
0.0136346
0.0220416
0.0110381
0.00984794
0.0109468
0.0421646
0.0301412
0.0244562
0.0234857
0.0288664
0.0283083
0.0199663
0.0386274
0.0214158
0.0171619
0.019856
0.0171601
0.0112721
0.0174514
0.0178265
0.0341552
0.0204699
0.100438
0.120418
0.0217074
0.0306221
0.178918
0.0166279
0.0419702
0.0425857
0.0382662
0.0176926
0.0506268
0.0454203
0.0174547
0.0178642
0.0522979
0.0308119
0.0975005
0.0118948
0.0355621
0.0751519
0.0276233
0.0228782
0.140569
0.159874
0.0271083
0.0407443
0.0372452
0.0580832
0.0493468
0.0309759
0.0308331
0.0234736
0.0229956
0.0187135
0.0173474
0.0189563
0.0174093
0.0291873
0.0217882
0.0222244
0.0268916
0.0844342
0.0240992
0.0497357
0.0367139
0.0319509
0.0489671
0.0761134
0.0440893
0.0200708
0.0679604
0.0678397
0.0283126
0.0276685
0.022772
0.0297271
0.0376895
0.0338387
0.060696
0.0744549
0.0547008
0.0181676
0.0495481
0.0601718
0.0168288
0.0279312
0.0146824
0.0148212
0.0435855
0.0302037
0.0359395
0.0172023
0.0332771
0.127865
0.138674
0.0368942
0.081504
0.0642431
0.0248765
0.0187872
0.0681591
0.0529748
0.0857131
0.0208885
0.0246531
0.0190991
0.0475169
0.0389329
0.0392039
0.0264774
0.025762
0.0335663
0.037945
0.021503
0.0223973
0.0211014
0.0153147
0.0263476
0.0261448
0.0131239
0.0134056
0.0365327
0.112526
0.0701591
0.126174
0.049697
0.0563203
0.058154
0.0883477
0.0290663
0.0279235
0.0179292
0.0208632
0.0236371
0.108283
0.0201417
0.0219828
0.112125
0.135263
0.129818
0.104632
0.0938742
0.0698752
0.0598213
0.14174
0.0597793
0.0519298
0.0436146
0.025935
0.0264823
0.0341093
0.0208943
0.0155955
0.027743
0.0143581
0.07821
0.0922975
0.0136507
0.0480806
0.0319931
0.0406811
0.0267278
0.0237613
0.0260557
0.083816
0.0491354
0.0385075
0.0203382
0.0311136
0.028123
0.0227551
0.0322758
0.0348999
0.0183029
0.0134091
0.0663964
0.0226974
0.100103
0.119108
0.0366574
0.0669573
0.0482472
0.0275027
0.0379489
0.0630796
0.0159511
0.0200146
0.0218071
0.0182718
0.158666
0.0462135
0.0467147
0.0326475
0.0246338
0.0407611
0.019678
0.0187116
0.0355626
0.0195696
0.0340189
0.512771
0.0628331
0.0280518
0.0152201
0.0547341
0.0269889
0.0445849
0.0483681
0.0681087
0.123411
0.0729091
0.0693309
0.0293224
0.011752
0.0572551
0.0320724
0.0271052
0.0421481
0.046183
0.0712555
0.0275043
0.0225645
0.0375669
0.0369745
0.0313388
0.0673322
0.0508995
0.0467945
0.0428853
0.0582695
0.0588402
0.0482383
0.017358
0.0359502
0.0202067
0.0269629
0.0255386
0.0367801
0.068845
0.0326249
0.0588271
0.0254999
0.0504803
0.141068
0.0234599
0.0143786
0.0183839
0.0341071
0.0261491
0.0511452
0.0198672
0.0277065
0.0291483
0.0295837
0.0404515
0.0237921
0.0168022
0.0259863
0.0243892
0.0283578
0.063263
0.0252568
0.0242729
0.0198528
0.0238456
0.0295922
0.0312059
0.154345
0.0306812
0.0587297
0.0664076
0.0321423
0.0267401
0.0108876
0.0174492
0.0270491
0.0314835
0.0621647
0.0508074
0.107318
0.0244505
0.0325846
0.0281419
0.0194059
0.0234194
0.0289039
0.0238607
0.0328531
0.0292305
0.0177827
0.0129059
0.0422165
0.0354434
0.0179373
0.0257175
0.0220655
0.062531
0.0418112
0.0630997
0.0575512
0.0443773
0.0238727
0.0280097
0.0285929
0.0321981
0.0306705
0.028564
0.0438494
0.0655186
0.042365
0.028158
0.0357578
0.0208897
0.029196
0.0377322
0.0385767
0.0937036
0.0290917
0.0526551
0.0954366
0.0444648
0.0261222
0.0495105
0.0317903
0.0258062
0.0269943
0.0542851
0.193541
0.0402216
0.0327795
0.029509
0.0314098
0.0127403
0.04153
0.053148
0.0248614
0.0212834
0.0477262
0.0818722
0.0367098
0.0383075
0.0289543
0.0308518
0.0365178
0.049514
0.0346513
0.0295644
0.0257962
0.0215271
0.0336472
0.0307196
0.04791
0.0109023
0.0343793
0.0296845
0.0224895
0.0447111
0.0532977
0.0408136
0.0408851
0.0412367
0.0358888
0.0288822
0.0226316
0.0144929
0.0316846
0.0321114
0.0239991
0.0297454
0.0456384
0.0271106
0.0413755
0.0141475
0.0348605
0.0562966
0.0422861
0.0247947
0.0290157
0.0322881
0.0293742
0.0333523
0.0205166
0.0348761
0.0352525
0.0390961
0.0456399
0.0393567
0.0212005
0.0284018
0.0169171
0.0179615
0.0158663
0.0272938
0.0326722
0.0370878
0.0237913
0.0243018
0.0246041
0.031466
0.0378276
0.0336643
0.0336898
0.0503691
0.0272883
0.0321559
0.0824607
0.036416
0.0236534
0.0218629
0.0303533
0.0413816
0.0191074
0.0286541
0.027335
0.024096
0.0207696
0.017289
0.0220366
0.0519967
0.0410541
0.0317327
0.0284696
0.0187858
0.0188586
0.0230026
0.025887
0.0259876
0.0309169
0.02724
0.0209895
0.0213652
0.0201339
0.0222472
0.0203603
0.0201973
0.0223477
0.0218176
0.0351263
0.0242184
0.0245496
0.0448081
0.0435743
0.0999651
0.0383065
0.0235268
0.0239929
0.0371175
0.0392632
0.0208241
0.0237151
0.0242686
0.0119086
0.0345683
0.0468254
0.0305375
0.0706128
0.0166182
0.0250337
0.0226292
0.0250732
0.205486
0.0446357
0.0309897
0.0640419
0.046494
0.0461655
0.0294957
0.0185993
0.090445
0.021409
0.0138803
0.0716016
0.0606862
0.297921
0.0302741
0.0398275
0.0538038
0.0310144
0.0367096
0.0311652
0.0145552
0.0136275
0.0791557
0.0475781
0.028324
0.0329296
0.0299889
0.0223698
0.0284509
0.0174494
0.0218518
0.0181797
0.0210224
0.0439373
0.014794
0.081347
0.0903704
0.0285726
0.0202754
0.0771428
0.110188
0.0260518
0.0244804
0.0231393
0.0176359
0.0394055
0.0525454
0.0302825
0.0244303
0.199649
0.0247723
0.0371387
0.027724
0.0253724
0.0232232
0.0224689
0.0202818
0.0253427
0.0187621
0.0299004
0.0243267
0.0430384
0.0838742
0.0682699
0.0309926
0.036188
0.0481037
0.0216117
0.0185631
0.0549641
0.0932762
0.0285633
0.0375166
0.0390384
0.0102241
0.0123882
0.039965
0.0229607
0.156906
0.0419356
0.0417057
0.0543057
0.0349363
0.0432972
0.0308557
0.025902
0.0592171
0.133188
0.11207
0.0281821
0.0133725
0.0118097
0.0197226
0.0188429
0.0417946
0.0189623
0.0399928
0.0210098
0.0220766
0.0247962
0.026981
0.050315
0.0542115
0.0809047
0.0314182
0.0237145
0.0149076
0.0402111
0.0352407
0.0224164
0.0163572
0.0254568
0.0226135
0.023125
0.0240796
0.0256102
0.0302331
0.0360412
0.0735224
0.0277237
0.0251055
0.0227324
0.0280886
0.0357631
0.0226004
0.0247596
0.0405146
0.0756318
0.0284662
0.127654
0.0519639
0.016376
0.0682315
0.049275
0.0253405
0.0597858
0.0415989
0.0542276
0.0113938
0.0155857
0.0497567
0.0287214
0.0444366
0.0471105
0.124952
0.0416416
0.0483268
0.0242112
0.0431021
0.167001
0.0588698
0.197081
0.0438364
0.0207782
0.0456327
0.0745297
0.0836084
0.0268597
0.022014
0.0316301
0.0142846
0.0136889
0.020598
0.0188573
0.0131295
0.0268192
0.0324263
0.0213713
0.0218893
0.0185068
0.0397719
0.0525574
0.0348084
0.0700961
0.0582088
0.0275173
0.0257588
0.0523836
0.0253251
0.0269945
0.0375896
0.0191248
0.0137845
0.0377778
0.0348424
0.0317539
0.0507905
0.0581046
0.0849761
0.0252198
0.0161266
0.0273808
0.0226679
0.0369291
0.0108052
0.0157022
0.0178764
0.0295221
0.0357088
0.0210416
0.0598101
0.0319313
0.0575916
0.0262292
0.102361
0.0534302
0.00994947
0.0289734
0.0252871
0.0282859
0.0765449
0.0417358
0.0413818
0.0219175
0.0190933
0.0427467
0.0314516
0.0580934
0.0215955
0.0248074
0.0252014
0.0395731
0.0975034
0.196176
0.257122
0.0279822
0.0204549
0.0299065
0.039002
0.0362985
0.0506541
0.031719
0.0187459
0.0296157
0.0219156
0.0208253
0.0214756
0.0153128
0.02682
0.0340508
0.0347493
0.012223
0.0257571
0.0336156
0.0434927
0.0251878
0.0295659
0.0284248
0.0900005
0.0626449
0.0274124
0.0416019
0.0551266
0.0720711
0.0349414
0.0807217
0.0374657
0.0275286
0.0414208
0.0225603
0.0341431
0.0323659
0.037187
0.104081
0.0346705
0.0290311
0.0298592
0.0292949
0.0282688
0.0264405
0.0151084
0.0141886
0.0887574
0.170923
0.029942
0.0166244
0.0365165
0.0477756
0.0195718
0.0120476
0.0156457
0.0225515
0.0127962
0.0444222
0.0371239
0.608103
0.0130997
0.0133366
0.0621919
0.0357503
0.0289586
0.029507
0.0700624
0.0195962
0.0190543
0.0438756
0.122032
0.0188301
0.017212
0.0451355
0.0592303
0.0360062
0.0323264
0.0323427
0.0435615
0.0164943
0.0637375
0.0278695
0.0154643
0.0222652
0.0151703
0.0339338
0.0142768
0.0157278
0.0187863
0.0193373
0.0350152
0.025006
0.0354217
0.0363797
0.0446668
0.0423149
0.0173489
0.0231888
0.0210713
0.0238163
0.0170084
0.0327381
0.0323876
0.0508845
0.0502123
0.057423
0.065241
0.174524
0.13141
0.0702345
0.051117
0.0130593
0.0295741
0.0242948
0.0488653
0.0344885
0.051811
0.0121798
0.0152469
0.0829661
0.0317818
0.0474334
0.0146543
0.0615062
0.0630318
0.0229679
0.0268282
0.0226208
0.041582
0.0449464
0.102075
0.205088
0.0397667
0.0342638
0.02101
0.0211312
0.0482086
0.0443776
0.0302462
0.0593016
0.0245628
0.0285095
0.0597059
0.0790602
0.0554738
0.0187242
0.0325479
0.0198639
0.0181829
0.0244883
0.0386173
0.0176885
0.0198441
0.0136162
0.0177803
0.018007
0.0225315
0.0339549
0.0240697
0.0208728
0.0361674
0.0289824
0.0482381
0.032271
0.0189793
0.0168915
0.0216279
0.0239631
0.0490571
0.110119
0.0239886
0.0204524
0.0126294
0.0128182
0.0144853
0.0461498
0.0431286
0.0198099
0.0381352
0.0244634
0.0170696
0.43533
0.231126
0.0184195
0.017106
0.0262352
0.0161314
0.285008
0.0199259
0.053195
0.0276115
0.0334075
0.0236641
0.0191955
0.0225469
0.023758
0.0297281
0.0386121
0.0526624
0.0963608
0.0219867
0.0128315
0.0280977
0.0230481
0.0891306
0.0369388
0.0203044
0.0301825
0.020143
0.0971003
0.0621139
0.024754
0.0464265
0.0129512
0.0217678
0.0156995
0.0249014
0.0381698
0.014287
0.0240554
0.0345515
0.0673636
0.0164067
0.0141574
0.0238966
0.029726
0.0206329
0.0175914
0.0810695
0.0578915
0.0149464
0.0116608
0.0309638
0.0505032
0.0614364
0.0397493
0.053216
0.0153043
0.0361154
0.0309553
0.0191805
0.0274399
0.0352511
0.0205118
0.0167466
0.0342432
0.0258599
0.0365153
0.0286047
0.0345166
0.0551487
0.0547565
0.0173608
0.0432535
0.0199059
0.0290204
0.0312093
0.0382031
0.0296803
0.0419852
0.148052
0.0442733
0.0305255
0.0487082
0.0381268
0.0320661
0.0256257
0.0257709
0.0317498
0.0213321
0.015125
0.0489645
0.0186273
0.0432709
0.0248246
0.0256047
0.0188256
0.0422666
0.0523772
0.041463
0.0180846
0.0826187
0.0774995
0.0700765
0.0458896
0.0199011
0.0157719
0.0244694
0.0252038
0.05802
0.0154596
0.0198811
0.0147995
0.0163137
0.0418127
0.0241606
0.052992
0.0343526
0.0395875
0.045729
0.058384
0.0197502
0.142732
0.0487102
0.0368706
0.0435985
0.0376834
0.0205018
0.0934011
0.0353691
0.0178323
0.0201759
0.0411745
0.0100587
0.0162137
0.0822859
0.030425
0.0117678
0.0103045
0.045399
0.0205869
0.018245
0.0582423
0.0441586
0.0864944
0.0759798
0.051037
0.0354673
0.22445
0.160724
0.0221974
0.0540656
0.154063
0.0945127
0.0635822
0.0415808
0.0191526
0.0132287
0.0272874
0.060018
0.0487488
0.0172106
0.115823
0.122126
0.0287238
0.0320941
0.0371737
0.0644626
0.0232264
0.0190136
0.0331647
0.0481725
0.0374715
0.0554052
0.0854816
0.0731521
0.0204592
0.0143629
0.346939
0.0225358
0.0141986
0.0117571
0.0286145
0.0508841
0.0251961
0.0157006
0.0330823
0.0861547
0.0335805
0.0355061
0.0224576
0.0234106
0.0241043
0.0297285
0.0319988
0.0302312
0.0915106
0.0359048
0.0312996
0.0383027
0.0823545
0.0662797
0.0203179
0.0210146
0.0498452
0.0114456
0.0127234
0.0742574
0.0551159
0.0295656
0.0461694
0.0238077
0.0361845
0.029503
0.0517777
0.035684
0.0323586
0.0275735
0.0206733
0.0429381
0.0507989
0.0559003
0.0498034
0.0235792
0.0149274
0.0253952
0.0213355
0.106248
0.0405253
0.0228765
0.0199012
0.155111
0.0779668
0.0339859
0.0346598
0.229104
0.115484
0.123768
0.060927
0.0758569
0.108445
0.0158797
0.0494393
0.0925825
0.203233
0.0164745
0.022477
0.0418475
0.0217804
0.0137399
0.0430041
0.0257278
0.0347788
0.0119037
0.0222423
0.02005
0.03883
0.0654966
0.0312308
0.0355458
0.0188579
0.0232671
0.0388613
0.0391023
0.0985809
0.0836212
0.0259586
0.0709568
0.023337
0.0245351
0.0202777
0.0573698
0.0841373
0.0201163
0.0272766
0.0365523
0.0232675
0.0173794
0.0389358
0.0218026
0.0152354
0.0547146
0.0212946
0.0167927
0.0847594
0.134115
0.054875
0.101389
0.0497296
0.0410304
0.0332692
0.028308
0.036131
0.0356156
0.108485
0.0633456
0.0206596
0.033981
0.117757
0.0598309
0.0801262
0.393991
0.0897754
0.0547253
0.0355928
0.0717934
0.0945088
0.0221156
0.0275836
0.0388744
0.0512944
0.0203556
0.0271874
0.0212109
0.0268142
0.0202316
0.0229122
0.023291
0.0250365
0.0326512
0.16282
0.0395292
0.0412972
0.0298532
0.0315048
0.0331174
0.0490662
0.0389389
0.0268419
0.0247057
0.0330432
0.035034
0.0150403
0.0189802
0.0693062
0.0411017
0.0661737
0.0193778
0.014915
0.029213
0.0366373
0.00974829
0.0175531
0.0974057
0.0265279
0.0194539
0.0278081
0.036541
0.0184932
0.135641
0.238281
0.025212
0.0232896
0.13054
0.121156
0.0761864
0.0220398
0.0471629
0.0662715
0.0276858
0.0204408
0.0297453
0.0324627
0.0462789
0.0197545
0.0204778
0.0302506
0.0160434
0.0278995
0.0282314
0.0255689
0.0218945
0.0133647
0.052997
0.0120149
0.0295173
0.0245806
0.162841
0.0148964
