0
0
0
13
2
5
1
3
7
13
14
1
1
3
0
0
0
8
2
5
3
6
5
1
6
2
1
1
0
0
1
0
11
1
18
14
2
6
18
0
12
21
21
2
9
5
1
1
5
3
19
0
5
14
7
3
22
61
4
9
13
19
23
5
8
1
2
1
1
0
0
8
1
2
8
38
6
24
13
7
10
23
21
2
16
28
7
2
2
5
10
11
27
15
6
1
36
50
1
7
0
0
8
6
11
1
9
62
77
6
31
23
3
1
32
18
23
1
3
1
10
9
15
3
4
11
23
2
6
1
1
3
4
0
0
12
43
11
55
19
31
33
24
5
6
0
1
1
4
3
2
47
6
57
53
23
45
14
44
16
13
30
4
7
8
2
0
4
1
40
41
0
29
5
6
2
2
9
11
11
12
0
5
3
2
12
18
2
0
27
3
29
23
15
32
10
4
9
21
1
1
2
1
29
15
12
9
4
7
3
1
19
2
8
77
65
4
0
13
5
31
52
12
29
64
64
3
0
28
9
5
26
6
50
3
3
24
24
8
6
10
19
5
23
16
8
0
5
1
6
4
12
46
9
16
5
8
16
3
1
1
16
7
53
1
2
2
9
22
3
0
5
4
4
22
3
4
3
5
10
10
54
15
41
55
4
6
0
1
5
6
13
19
12
4
4
6
1
2
2
2
5
8
1
0
34
23
0
5
3
14
14
26
12
8
3
4
5
16
5
10
6
25
20
6
3
2
15
29
3
5
3
10
35
15
4
11
5
6
6
15
60
6
15
7
8
1
13
13
4
3
15
37
15
19
5
4
8
37
32
7
4
2
2
7
12
0
7
5
3
16
23
7
3
20
20
6
4
0
4
10
3
10
8
4
17
0
8
18
15
6
4
11
7
4
1
10
5
6
21
17
1
8
1
2
1
3
3
9
3
5
4
8
12
15
7
22
6
9
12
15
4
4
11
15
2
3
4
3
2
1
3
27
22
5
6
3
1
3
7
3
8
3
1
1
2
2
1
1
2
3
5
5
5
23
26
31
13
2
6
10
12
1
1
4
0
7
20
6
6
1
4
4
4
63
16
3
16
33
31
3
0
20
3
1
35
43
35
8
12
14
6
18
6
1
0
61
32
4
8
6
4
5
1
4
2
3
3
1
27
31
11
2
13
27
7
5
3
2
11
34
4
3
9
3
7
6
5
3
1
1
3
1
6
4
24
25
27
10
11
32
2
1
38
36
8
29
34
0
0
14
1
83
37
24
8
8
10
9
3
16
40
60
9
0
0
1
1
16
1
13
3
1
4
6
17
19
18
8
3
0
14
5
1
1
6
2
4
2
4
13
14
28
5
3
3
7
5
1
2
25
28
9
38
28
1
5
13
3
22
12
24
0
0
15
6
18
36
16
11
19
2
11
31
7
54
7
2
24
57
65
3
2
3
1
1
1
0
0
4
8
2
2
2
11
17
8
27
29
3
6
20
3
6
9
1
0
14
12
6
14
16
8
3
0
3
1
3
0
0
2
3
4
1
14
15
22
3
18
31
0
2
4
4
27
32
31
2
1
40
10
33
2
5
4
10
32
46
93
3
2
5
13
15
21
5
0
9
2
2
2
0
3
3
3
0
3
5
11
3
6
7
57
9
7
14
20
45
13
21
4
3
11
4
7
11
5
14
13
6
6
5
4
2
0
0
27
53
5
1
8
7
2
0
0
2
0
27
22
52
1
1
39
9
3
3
22
0
2
9
34
1
0
20
22
13
15
7
6
0
9
7
2
1
1
2
1
1
2
1
12
5
9
14
11
17
1
3
1
3
1
4
17
22
21
8
14
34
39
34
32
0
6
3
15
15
43
0
0
9
9
5
0
24
24
3
5
4
17
29
40
42
11
4
2
1
11
12
3
22
4
5
19
15
10
1
10
2
1
3
13
0
2
0
0
2
4
9
2
1
13
5
11
10
1
1
4
4
10
19
3
1
0
0
1
4
11
1
6
3
1
65
55
1
1
8
1
63
2
6
4
7
2
2
3
2
7
4
16
26
2
0
3
3
10
8
2
10
1
74
28
5
4
0
4
0
4
16
0
2
13
21
1
0
1
6
2
0
74
24
1
0
10
36
17
13
19
1
23
12
2
9
12
4
1
8
3
5
3
10
35
38
1
5
0
7
12
9
9
16
31
10
4
20
24
10
6
5
16
2
1
6
1
4
4
4
1
9
34
20
2
40
27
25
15
2
0
4
4
28
1
1
0
0
17
4
30
16
15
19
9
2
69
18
10
32
5
1
21
11
1
2
15
0
1
21
14
0
0
32
4
0
34
15
31
51
26
24
4
15
3
24
96
48
11
14
2
0
6
13
11
1
15
6
5
7
13
30
2
2
7
16
17
14
42
37
2
1
61
4
0
0
5
4
3
1
12
28
11
9
2
1
2
6
10
7
15
6
7
10
36
28
2
1
23
0
0
20
20
6
7
1
5
12
21
5
6
9
2
14
19
46
26
3
0
5
2
62
21
2
2
24
20
8
7
40
23
42
28
65
67
1
22
33
40
0
3
8
2
0
32
8
4
0
2
1
23
37
12
11
1
3
10
18
22
22
4
4
2
3
1
12
20
0
5
10
2
1
4
3
1
10
1
1
53
69
7
25
11
12
8
8
5
4
7
24
1
14
6
31
28
19
6
22
10
43
43
3
5
13
26
1
7
2
7
1
2
3
7
17
42
14
14
8
2
4
17
10
7
5
8
6
0
1
45
10
30
2
1
7
20
0
0
49
5
0
9
2
1
43
53
2
4
11
13
21
3
23
44
7
1
9
10
12
2
1
11
0
4
8
2
2
0
10
0
9
3
41
0
