766.436299
793.971540
793.590629
818.910521
820.908663
898.857123
898.214442
839.093297
841.464950
896.465950
847.666466
893.500593
894.275192
862.582744
977.009750
973.789465
855.380130
799.381070
840.599623
839.916093
845.020143
830.587147
783.462404
909.577276
910.434972
943.045184
944.966373
936.956242
936.748841
879.304621
865.069841
864.873046
875.754741
876.528374
873.589230
873.432734
821.635192
820.596729
888.506371
836.723527
787.552039
875.685517
822.026109
881.844811
852.890911
928.476046
930.377139
843.550145
843.454895
831.298671
805.802232
809.841260
852.889937
850.825736
822.127149
818.432250
808.546156
808.581380
863.600999
860.104672
823.990122
799.621272
803.651413
864.191371
871.895378
819.954233
817.752645
923.461062
930.934529
873.739677
906.017355
908.250865
823.910483
831.664887
798.881669
877.965226
824.000809
823.189305
795.531971
789.462183
806.547690
867.684036
868.176997
871.596865
799.872725
798.620552
804.688331
806.847008
807.487834
805.469749
849.638807
848.265158
880.312124
883.732327
811.323697
809.220485
844.705641
843.944782
853.764540
854.347637
908.759888
909.129410
853.550973
821.120033
820.212265
887.722840
890.380694
870.573739
860.074272
817.351980
812.762825
814.908645
785.624324
780.777027
774.632855
841.332378
848.763039
794.508112
796.032250
871.160737
765.635080
756.963414
758.188667
732.371694
732.883259
778.562677
782.542043
813.516271
813.068012
840.738046
843.246558
810.717722
809.939835
786.671280
790.036749
761.051456
767.183137
786.359402
762.906977
761.239189
791.011472
790.851179
782.450589
799.408373
844.762098
844.331498
756.947679
777.044189
775.970957
788.767258
787.920433
799.687043
781.298437
707.334087
702.798196
801.572502
799.259139
831.645658
829.996319
790.549649
792.536187
797.603483
787.754648
823.657478
822.582833
744.483447
744.642067
877.941907
879.285253
826.998046
828.185745
751.902638
751.724421
805.334341
806.696062
796.308380
796.436603
747.538396
748.394894
804.561811
803.448890
892.451010
893.222578
820.962204
820.958453
850.276193
849.224459
837.180883
836.342353
803.803763
847.814904
801.294013
804.407157
822.015691
822.384099
772.365332
773.523910
813.368421
814.921526
841.878891
841.805640
837.420295
835.996976
839.308104
838.213098
787.626849
843.217476
843.500933
750.621380
750.080420
802.060983
800.717731
813.250701
815.114955
833.719714
843.362905
787.852752
787.455266
844.523252
845.963072
823.417340
822.886395
794.741480
795.361625
785.312861
784.524466
820.775328
822.096847
816.148415
816.713615
793.986474
794.776722
789.751839
778.416726
815.430163
815.503004
844.668711
842.642956
818.558784
816.270187
780.231807
782.333115
807.527516
808.281030
833.753812
834.811119
776.114101
788.169692
787.762146
773.917179
777.169658
902.894292
902.689811
851.425435
850.724146
847.647301
848.446065
851.605209
853.466375
871.781758
873.101017
716.905472
718.003095
782.419319
819.527705
822.043747
862.703718
862.232734
845.072055
836.398903
832.175633
832.644264
765.625662
768.596403
836.317120
785.605588
788.127781
834.406787
832.342554
768.175285
769.115037
831.913916
771.114956
841.741521
841.843320
809.504095
812.763810
756.045447
756.703146
803.320251
803.672998
848.304619
849.600092
835.992750
838.561367
838.627346
840.598403
810.590031
811.979931
816.933091
818.812682
804.271502
805.395566
855.960847
860.340237
825.784204
826.152014
894.098482
892.636679
715.802861
714.022770
797.129977
796.112385
787.064025
787.131820
808.915812
808.814760
835.694800
834.481510
763.512729
762.279457
889.700222
889.160508
809.834177
813.552165
801.656823
804.133918
784.918926
787.365523
807.706259
792.180613
793.526115
841.129129
838.733201
835.060249
835.900723
774.327281
775.978240
847.608943
849.967614
809.271378
805.055286
872.881872
813.085879
813.485983
794.039709
795.903962
837.427319
840.428124
809.072405
809.079990
811.837989
812.269599
859.362846
859.217813
767.451809
766.228317
766.955895
756.166977
756.884477
777.938621
777.034621
821.459052
825.651895
839.549811
839.870625
790.084001
792.055443
785.424554
786.408434
826.444753
822.942164
787.570832
786.416042
819.284551
822.236916
815.527868
815.524659
804.350942
806.168972
747.081435
881.583481
883.568715
826.964110
827.741784
802.137694
805.128051
847.073865
847.135035
773.871303
774.839811
820.835892
821.839706
760.837328
767.221971
785.473410
786.721702
822.688326
823.578680
792.597679
795.964459
788.405165
785.351610
798.224930
799.006075
839.197972
842.516357
811.714515
816.202672
845.302736
843.172401
774.869505
775.792859
821.028306
821.287596
786.673101
788.824873
766.101310
768.307899
707.275862
708.929323
745.592968
744.969341
873.808995
874.107195
796.098141
796.179589
864.702863
825.048563
825.043000
750.825607
747.783830
793.056900
791.997831
856.305800
855.208133
849.656212
847.612654
826.309201
827.935712
859.236825
857.218323
801.384930
804.342700
827.971379
828.865807
840.622534
841.946952
858.233772
861.119295
860.926466
862.591838
813.898156
816.610844
856.853341
857.551553
795.699562
798.680846
846.577483
847.676778
834.886236
837.382288
854.172531
842.376764
799.740908
803.843810
830.658249
827.255816
746.466307
723.956160
811.048186
810.746643
853.587731
834.325573
776.952482
780.852886
828.675149
827.738778
828.224063
830.576294
826.649773
798.031746
818.128441
815.937083
793.971328
852.934177
852.433949
848.695011
809.544343
809.202511
808.460123
812.172702
832.322549
831.455960
820.051511
824.052567
813.182885
814.276971
607.280557
781.634973
781.538570
736.332141
735.634971
762.485381
763.765237
779.489980
778.773662
769.514005
769.535425
780.668708
780.385527
874.840994
875.426610
790.065954
786.792179
820.205958
817.988606
842.543905
839.320084
866.327029
865.146598
822.777936
827.615599
825.321128
828.562751
787.001915
847.079114
790.640544
790.340111
859.055335
858.850778
815.460189
817.272416
800.864517
803.872918
804.927362
800.539741
831.318514
829.876238
839.375473
836.033125
770.340600
770.037775
785.167004
777.896972
869.842388
787.076484
792.130103
825.278921
823.171899
862.406272
773.593045
806.216352
807.786002
832.947605
751.670892
750.144492
825.105756
827.728513
792.907493
767.059053
875.849560
875.954454
848.295384
932.683758
933.424867
771.130517
766.287485
807.406694
802.486980
805.824890
802.575574
804.347062
805.073631
804.637151
813.343714
813.438338
842.360438
843.463757
825.499234
823.000949
857.201705
857.856533
800.547156
839.521496
839.043969
792.102699
792.759902
838.951020
837.754222
808.079636
807.046263
708.713088
707.756331
831.910316
830.966774
847.941366
852.649043
859.597638
858.292798
853.488794
858.611903
791.808057
737.579527
737.101739
826.253893
829.298453
708.857090
823.665103
824.728443
847.194953
846.497207
775.956771
775.929345
845.184455
846.279072
828.134427
829.689958
626.143692
748.417907
749.096362
798.594510
800.264856
797.621734
796.825841
598.774275
870.403349
870.298270
605.262922
768.266808
766.114789
790.253563
790.315693
780.854382
886.220868
885.331915
836.092716
836.968397
861.981364
860.632156
843.015648
842.903083
809.001732
811.171653
852.994662
852.848424
859.741702
848.454543
846.290165
848.749077
848.838891
821.532258
822.074495
736.305544
736.015725
783.899345
783.577166
784.261656
784.798696
777.680790
777.643642
838.705546
844.788847
804.216648
804.013873
847.176394
842.684461
864.901059
867.988713
851.552629
850.586685
639.053097
798.024994
797.168589
772.547344
774.154588
878.753689
877.272827
585.197841
623.333173
729.099615
728.005136
822.925214
766.986564
768.865368
763.949688
764.643943
729.987991
730.146742
811.475634
811.645788
835.375195
805.332491
803.268065
632.095725
780.738011
781.077106
797.887216
799.526893
673.750307
701.454297
766.807768
764.754849
760.393993
759.236731
822.225782
822.781508
780.836153
783.343322
640.781229
653.557725
661.575918
781.952301
782.117326
829.779362
829.199262
761.124379
760.336869
773.877188
773.519471
737.973259
740.583205
842.311620
773.024177
775.602889
734.411891
732.366684
635.534654
795.553216
792.295571
772.646855
772.466593
726.111092
727.614469
757.122769
757.046365
818.446387
817.782423
730.755928
734.174094
831.230468
827.145157
796.148714
794.361867
775.934456
773.755254
740.353257
727.383057
764.359704
763.383123
757.490180
757.408822
772.617652
725.104575
727.495139
765.897753
765.359397
731.557777
731.660242
623.268302
787.036790
787.558074
754.009947
754.423380
899.466665
901.184786
617.938814
678.406073
724.370754
725.264363
823.657248
815.744276
816.397861
747.038286
747.941782
791.969327
792.392719
783.728856
782.142292
645.738012
780.345891
780.596076
770.605756
767.716341
769.438425
871.777247
738.326021
737.662550
769.601334
769.003860
744.676856
743.338769
745.816051
746.889176
730.039111
726.295022
787.170229
758.478709
758.315594
613.361494
746.734946
744.267850
800.580986
801.405002
787.414501
591.260282
612.774506
780.563044
779.986700
819.959488
818.344014
578.618392
785.683635
787.229007
777.733963
779.457304
760.579552
751.887270
752.949161
775.601720
758.923741
784.900000
721.978737
748.298529
750.673176
784.555276
757.676799
758.537589
780.427305
759.166335
716.879060
712.861801
777.037475
795.580493
792.894087
792.236738
777.790914
780.075704
757.668610
757.246833
781.324592
801.567966
792.379421
795.039220
757.526340
727.772559
727.835252
751.485833
753.838287
827.485100
824.140886
812.997942
812.790602
797.960595
797.543662
902.157035
899.167103
842.851435
843.338465
813.633704
814.164651
768.123157
801.414612
800.896270
868.984183
869.330326
785.457470
769.559968
775.625637
773.487962
772.212288
767.504414
766.631801
766.293323
720.567655
722.846121
679.404063
746.926925
771.524331
748.246829
749.961236
790.693573
797.930371
849.604914
811.847093
791.730153
797.838845
798.592362
826.790415
765.337076
764.744738
707.186726
707.777523
812.527340
812.568872
793.021095
792.932674
859.431817
747.919789
747.921320
767.480916
765.942307
790.807222
790.647266
773.147322
773.608012
730.952638
732.730662
773.178880
801.131354
802.877186
745.523173
726.224262
725.517032
748.044506
748.036531
794.228479
811.885644
759.166352
761.106619
767.203829
769.215928
825.378866
761.635326
761.751349
770.675645
819.275000
778.253490
784.169074
783.005208
772.249602
775.640028
732.167315
732.737112
838.406736
842.098324
767.989324
827.004618
798.529428
758.477824
761.001982
797.050995
798.042548
783.831270
781.292779
792.715694
793.825032
769.370349
758.840072
758.499170
766.534264
767.276137
640.583746
826.675407
805.418834
789.374167
799.337128
783.390673
831.105411
828.281345
773.245246
772.981071
773.033202
764.939073
765.842750
845.542409
772.759121
803.171609
797.576134
802.656550
801.905222
786.839564
787.144762
781.382571
782.174649
795.144837
794.162145
829.198244
826.800076
798.693087
759.332037
761.092401
759.711306
746.766705
746.772054
743.433064
725.076021
784.843763
785.017998
746.568631
781.604003
773.582964
807.457476
808.697289
788.318115
785.506844
758.987896
758.300296
791.285810
758.574364
788.820899
788.926604
738.664329
843.489084
787.216032
789.040629
789.456011
790.592363
702.808073
771.338209
785.742856
785.933885
825.811100
779.473851
780.164359
735.107187
733.909203
774.955719
773.923066
815.296662
774.695926
774.186878
796.103756
797.663469
748.882372
749.881808
719.708651
720.089868
795.521598
782.969479
812.090519
786.791480
815.238194
815.829288
746.399862
747.621052
757.948202
758.835656
753.110892
751.439328
813.114730
815.706573
770.410663
767.809324
781.895836
782.744302
803.026703
802.241607
812.224893
814.747159
833.588674
832.136250
761.377191
759.480370
785.086475
785.335536
726.908908
725.482397
636.533419
542.496142
774.812288
773.711529
818.268301
817.621082
730.055437
728.883961
834.046334
831.815146
786.337456
786.390601
800.932536
800.723398
857.475241
858.908761
814.873913
813.310489
763.482898
764.850379
820.570453
820.656921
761.593122
758.153237
815.842735
815.533934
669.452589
807.203652
806.276160
838.129157
836.627654
783.479668
778.261787
810.174832
811.920696
837.583116
836.546300
800.044164
798.823031
772.126139
772.982896
764.026269
772.639851
794.713660
797.553848
760.508627
762.451704
798.867870
797.766269
779.684677
783.954249
826.479845
823.707261
767.961782
767.492552
769.451984
767.224421
745.951211
749.757675
766.123298
767.604111
735.243124
731.217316
775.283367
780.168035
806.373803
805.342911
777.989445
778.286456
779.925602
777.524987
775.377841
749.991554
748.282384
793.067730
790.005547
778.432575
780.112173
793.432974
795.621959
810.086401
809.733038
817.431662
819.916207
801.220221
801.535050
790.149366
788.771197
804.021741
803.879379
788.106082
785.888249
695.237347
760.659185
760.339582
739.925630
739.098757
820.479627
819.721532
807.819208
807.785392
802.323560
802.392962
655.059535
823.473665
822.753920
749.337854
749.020103
779.702544
778.420526
760.623396
759.142389
786.081535
786.612990
771.298507
771.277179
780.322412
780.523114
680.401558
813.815176
782.900847
805.011178
804.301187
773.253491
775.273099
751.054048
752.824039
780.283093
775.406689
732.964295
735.224859
757.778485
756.691909
788.696504
789.389124
812.712145
815.039596
756.789155
757.135118
758.663841
760.724244
744.735634
766.766320
761.572642
791.941097
791.249600
737.379513
735.007866
798.713235
801.027430
810.460964
809.259384
778.577042
777.816567
787.434502
789.022406
711.355338
888.225108
888.997410
844.084609
842.228760
785.393039
785.653643
759.544619
760.183978
791.936046
795.914299
776.581687
774.125294
785.827793
781.299433
835.892074
836.664292
807.710444
809.786630
833.757843
832.242964
836.135211
836.282933
865.211930
866.292756
784.873497
785.273085
801.811083
800.602108
748.414894
748.308748
812.039342
810.964475
795.368189
792.055640
813.967123
812.718001
766.018266
765.281685
788.869857
793.961137
706.547311
705.710581
738.677380
744.024022
