241.97
206.46
245.03
149.82
170.43
205.13
153.00
201.87
201.41
223.78
148.78
162.53
214.20
211.64
187.08
174.37
234.12
167.50
202.91
192.37
175.31
189.65
216.15
181.41
153.29
228.12
233.58
214.73
215.79
134.37
172.09
178.32
184.08
197.50
146.81
132.79
183.00
204.87
79.90
221.33
150.43
149.12
178.99
214.78
223.61
191.91
261.41
278.85
271.43
154.57
123.39
220.88
193.18
168.39
256.76
254.08
114.53
84.39
188.44
152.57
140.33
135.77
181.96
203.74
205.74
223.47
174.69
214.84
270.64
144.44
180.54
178.17
197.97
222.42
185.68
148.72
169.34
177.11
186.92
212.54
142.22
139.63
149.76
204.76
188.28
181.34
189.90
236.95
187.88
218.96
201.62
187.69
110.38
118.57
139.09
164.55
150.59
128.46
173.37
167.97
167.48
177.13
150.24
191.91
182.11
210.25
204.42
108.18
89.14
152.83
153.00
157.58
216.32
215.54
173.78
163.33
156.99
182.15
228.83
198.76
165.73
132.11
174.40
185.76
161.20
110.29
141.22
186.07
228.66
178.41
235.82
165.31
150.75
153.21
234.30
150.64
113.54
122.67
109.70
155.09
174.05
165.34
104.82
149.13
143.86
192.50
143.16
113.56
116.67
198.68
240.29
136.21
162.76
111.78
147.13
126.97
149.65
177.26
108.69
130.73
151.19
153.22
174.30
171.64
197.02
175.03
240.91
185.08
243.36
117.09
113.62
180.89
125.65
145.71
148.46
237.45
213.09
155.40
183.98
123.83
174.34
167.62
223.51
145.93
196.56
124.63
209.81
179.20
243.39
145.25
207.47
158.69
142.27
122.37
99.01
160.63
174.87
134.32
158.64
207.89
256.62
163.92
209.87
112.51
192.64
143.28
211.67
200.00
171.62
190.95
182.48
211.74
202.81
168.62
62.11
115.40
181.65
211.96
140.97
197.60
208.46
213.66
162.34
159.25
104.35
88.12
148.83
183.15
148.44
199.09
152.15
179.03
136.68
65.79
182.47
209.55
194.55
207.14
186.70
201.63
169.38
174.63
152.07
150.82
186.55
197.07
212.60
196.48
225.61
180.26
250.85
207.70
225.00
145.06
156.66
138.70
187.41
140.43
228.90
177.48
271.84
119.58
190.35
213.81
219.53
238.60
153.12
120.13
108.77
150.06
149.59
158.44
162.10
206.68
144.02
149.59
188.01
185.17
162.35
163.34
165.23
138.12
231.34
153.46
148.52
136.13
163.37
133.04
170.04
194.09
176.62
172.30
181.54
124.32
159.77
177.63
236.40
177.98
225.10
148.87
167.24
202.44
190.24
178.81
267.62
169.38
187.56
189.57
174.48
196.99
168.33
139.05
161.46
180.19
191.22
176.96
247.47
170.87
161.73
168.55
177.74
149.75
161.65
170.73
227.09
164.49
176.08
122.34
116.46
243.31
190.00
236.62
181.80
202.28
191.16
211.95
159.76
209.22
193.45
199.04
163.10
81.03
291.10
188.69
258.13
213.42
344.45
197.68
174.83
183.15
217.81
156.55
158.20
207.94
235.89
166.09
203.81
133.88
138.62
139.31
208.86
210.27
200.16
239.57
175.10
211.01
210.43
270.64
143.32
178.19
132.95
121.42
186.06
226.70
150.49
157.77
181.85
204.53
192.24
206.77
184.79
191.25
176.93
175.12
240.79
152.74
223.05
174.37
178.13
232.21
246.34
167.99
147.92
173.04
149.79
203.97
208.21
171.72
190.57
154.83
188.70
164.80
176.51
179.15
225.95
219.04
181.66
180.68
177.66
233.31
248.29
154.60
180.46
226.05
189.56
235.46
170.26
171.07
210.13
141.37
149.09
197.47
173.74
138.07
136.09
234.57
229.54
214.64
199.01
197.91
196.91
213.56
132.45
168.16
216.28
267.46
178.00
248.57
211.48
209.08
191.26
149.11
158.27
222.30
233.93
235.56
169.85
203.59
165.52
202.32
180.17
187.20
169.33
186.54
211.67
219.02
141.81
179.76
180.58
173.63
128.25
144.62
266.45
289.34
210.60
218.09
169.81
201.27
173.28
144.48
290.13
258.94
220.11
249.10
109.25
210.81
158.23
109.41
125.23
134.31
208.93
284.68
99.71
199.77
240.13
120.78
101.59
84.82
243.64
237.76
162.48
208.71
125.31
151.77
156.77
224.87
172.01
185.03
224.21
192.22
258.25
177.64
179.00
251.46
243.02
202.39
231.75
160.85
173.54
118.70
119.51
158.59
197.04
146.70
120.09
142.32
164.49
149.50
207.55
176.71
218.77
160.86
160.39
131.93
128.57
109.10
212.27
143.14
202.96
209.46
275.61
155.91
209.60
169.32
245.70
178.24
171.21
166.76
211.90
172.27
170.73
215.41
218.55
176.30
159.59
194.21
163.41
185.54
235.27
229.62
206.08
169.35
124.42
168.72
188.85
181.45
171.39
142.09
149.49
154.15
201.55
94.36
96.33
159.81
217.32
260.98
155.54
170.10
144.96
236.43
146.92
172.39
188.93
201.08
190.14
185.63
158.34
125.07
167.61
207.68
223.03
179.46
202.87
157.43
231.46
341.65
182.89
222.69
178.59
247.67
158.24
180.72
171.01
303.62
166.27
212.13
217.77
290.78
159.04
164.00
122.38
146.26
157.40
133.08
181.10
182.33
178.05
200.84
166.11
125.74
159.20
178.89
180.85
251.08
144.67
219.08
183.55
155.80
126.30
219.48
235.21
284.16
203.04
124.61
192.74
92.42
189.75
199.40
163.34
85.68
83.97
156.73
202.23
175.11
223.25
208.56
191.30
217.80
149.37
168.39
184.85
204.71
169.86
217.33
214.24
244.67
167.84
105.00
131.40
158.89
149.48
147.78
236.99
174.52
205.33
157.11
171.37
147.39
142.63
153.05
171.46
142.48
169.15
255.39
265.27
121.55
171.42
210.33
162.18
203.30
191.43
210.92
208.81
212.83
120.06
125.31
154.08
229.56
137.06
152.26
206.92
237.80
160.67
168.34
136.94
128.12
137.41
205.93
256.55
182.45
243.96
178.08
186.08
166.39
147.80
144.46
125.30
106.53
99.27
183.76
328.35
224.32
264.86
177.64
194.61
198.20
237.13
116.56
153.30
188.95
276.25
153.83
244.93
269.23
207.92
216.94
182.49
209.09
137.32
192.95
145.39
180.41
185.82
136.00
200.02
133.41
123.26
165.12
140.45
91.47
203.79
217.90
125.57
135.91
136.32
151.21
179.01
188.00
169.41
190.68
159.81
234.59
188.54
204.34
245.92
299.20
140.71
104.44
177.71
251.49
154.87
169.30
255.06
172.30
212.96
164.27
229.80
167.02
155.09
44.99
244.91
262.35
135.72
169.37
160.30
145.78
109.97
213.24
175.44
183.81
140.41
157.76
116.50
162.42
110.99
253.13
171.00
186.90
188.06
208.05
137.01
166.80
209.07
153.33
196.31
216.80
224.15
271.24
177.42
241.21
176.37
243.63
172.64
216.70
120.53
151.10
263.08
175.18
204.57
321.55
160.51
201.49
149.68
144.02
170.14
193.26
157.38
62.43
66.55
120.57
135.35
170.82
178.13
204.47
131.87
146.84
140.75
274.62
233.80
136.51
158.41
207.30
224.31
106.96
112.05
187.87
201.83
196.09
118.94
123.02
134.29
99.10
196.39
187.27
272.67
280.59
170.64
151.21
161.90
94.20
179.01
219.69
133.21
181.21
159.02
179.67
196.07
201.67
260.27
153.12
131.90
216.23
239.26
163.67
169.97
229.51
205.34
206.26
270.19
157.27
142.61
138.28
173.16
171.69
253.04
296.68
226.31
177.63
187.86
160.81
226.45
193.98
212.53
258.32
173.46
214.42
191.89
241.26
264.24
173.66
215.92
47.40
93.85
219.06
176.87
171.04
223.25
81.40
233.41
166.49
180.94
140.73
189.30
232.56
202.75
181.59
194.55
237.05
169.17
150.54
185.94
257.69
148.31
152.48
184.94
222.19
147.79
158.95
262.73
131.45
189.39
247.35
179.01
231.91
209.75
271.72
275.84
193.13
167.98
210.19
159.76
203.09
215.59
176.70
248.84
228.15
228.11
210.53
166.86
193.78
214.11
215.45
175.50
189.33
178.82
236.79
171.76
201.04
193.55
186.00
181.28
161.42
184.95
216.34
253.76
163.33
275.51
161.98
174.80
178.59
176.51
143.02
229.90
174.45
246.37
149.23
264.39
218.68
169.27
179.57
122.53
132.40
231.13
124.85
119.03
128.37
177.01
175.34
224.44
175.37
242.29
161.11
182.20
138.94
136.76
228.12
283.36
193.57
224.65
138.80
275.58
139.09
161.09
140.12
152.53
208.36
230.30
194.47
250.62
182.11
192.08
250.33
216.61
262.60
212.83
254.31
164.80
181.17
140.73
152.32
137.86
282.92
106.05
141.72
136.89
150.43
205.57
233.69
134.14
132.22
197.10
234.14
175.38
185.34
196.05
152.64
209.36
175.35
243.71
181.46
258.97
217.90
167.27
185.79
129.57
152.61
144.89
201.17
117.50
168.30
230.55
170.26
133.80
218.90
175.62
238.86
193.24
221.73
205.77
146.13
152.01
305.36
142.79
154.90
167.55
203.34
184.19
147.15
165.66
217.86
160.40
152.80
126.08
154.20
113.84
103.33
173.42
215.80
50.79
204.72
179.75
262.88
174.41
180.86
164.30
134.75
152.58
130.60
209.52
264.49
164.10
156.96
159.32
178.63
168.57
171.24
133.19
213.40
171.04
198.48
148.32
159.43
175.19
174.85
103.39
213.49
210.66
152.37
112.57
188.51
179.23
168.66
215.39
170.85
184.75
197.85
317.12
213.11
191.98
101.53
109.56
126.70
165.74
149.69
185.97
211.11
232.75
97.92
171.10
121.61
169.15
162.30
156.34
216.54
266.89
66.10
103.11
131.86
144.71
157.18
130.50
176.02
139.22
164.01
134.39
231.07
183.72
201.69
165.81
254.29
216.61
198.69
227.51
282.99
174.89
227.58
130.95
140.54
231.03
264.95
134.53
160.15
169.92
181.44
123.54
146.74
184.29
157.83
250.26
257.76
300.90
162.97
174.86
183.98
208.41
128.14
153.04
168.32
178.98
153.38
207.83
166.33
173.86
197.65
100.57
97.85
172.92
149.92
156.44
166.55
181.10
233.78
181.58
229.06
151.45
157.62
194.55
166.88
137.37
152.32
129.49
94.03
184.82
117.42
162.55
154.17
84.82
142.98
166.59
161.27
156.25
205.02
190.25
258.18
209.34
148.12
138.90
135.51
169.00
167.10
121.36
200.50
192.19
217.28
158.53
175.82
173.89
242.53
246.12
246.85
173.00
210.81
197.83
227.82
122.95
114.39
95.02
190.90
186.04
170.57
200.16
200.63
228.45
138.80
183.87
202.51
290.65
186.15
168.50
138.10
81.92
168.50
183.00
130.84
163.98
125.56
167.62
110.71
119.76
106.76
157.45
196.20
196.81
161.41
179.98
214.79
199.68
151.13
157.30
182.35
198.35
209.40
224.17
193.07
275.56
160.20
217.78
142.05
259.93
