15.088789
21.188868
20.554511
23.079858
20.346840
24.246640
23.682271
21.134738
21.549477
21.014568
25.613733
29.230537
20.077999
21.968848
19.627308
21.763966
17.394478
20.043336
19.165022
22.173824
18.851716
21.660871
17.209124
25.690838
22.720646
21.327048
20.099200
24.314819
21.977998
19.960695
23.810210
22.904191
23.456268
21.057693
31.327558
37.018508
26.156676
27.179528
56.999021
22.885383
33.840571
36.892668
23.696426
22.740593
18.003204
21.285865
18.936398
19.814267
22.730605
19.143082
27.672900
18.668081
20.043159
22.526523
27.522293
19.293022
39.256193
35.284501
28.038364
22.208799
26.639717
22.787065
20.794555
24.525521
26.129979
24.925414
22.765703
21.347647
20.520790
19.565310
20.378482
20.216103
18.902414
21.123274
23.427437
39.209632
24.234723
27.692070
32.546159
18.607437
31.985865
32.301103
26.100680
20.039626
19.540963
21.100122
25.085148
18.459311
18.117813
25.346528
29.762581
30.593819
30.446092
27.781401
25.814163
17.707336
32.507125
34.380157
18.377801
19.423098
20.302030
22.549579
26.036797
17.480506
21.196762
27.575563
24.338717
46.133775
60.729023
22.422982
28.288651
24.441614
18.327604
20.127412
27.557540
22.509913
24.799668
16.449397
18.253391
20.671276
28.533169
20.153712
18.728920
23.122249
22.719007
28.212634
25.409653
17.910185
20.004897
19.094226
17.297161
21.319143
20.764047
17.328155
17.387886
20.542212
40.514763
28.966399
37.410217
20.512076
30.883158
30.754804
26.066234
17.996293
34.113573
22.051921
21.458129
20.357384
20.197560
18.654294
17.039550
29.984229
24.766258
37.292983
24.427244
23.548047
34.289258
21.435999
35.481770
22.275062
24.875549
21.713344
17.430951
23.143162
22.307144
22.740027
17.655815
23.600239
20.159948
33.306314
42.232170
15.960699
39.042344
24.047789
25.580015
16.923169
16.534850
22.467529
21.450682
32.814693
37.218469
19.434756
19.732533
21.338602
19.623352
32.864672
19.571120
16.802774
17.379445
32.652867
34.498140
30.132817
31.412041
30.069435
38.394370
18.477693
18.913595
23.710664
24.009283
16.156654
16.968677
22.537670
20.143009
42.391247
23.042103
22.730384
20.940386
19.385920
20.557177
18.489863
20.522884
34.805412
18.699176
23.904824
82.601053
31.178456
19.934188
19.176352
32.895659
22.938360
18.090680
21.152582
24.843561
34.645310
36.980119
46.514658
21.040472
18.363236
35.489754
21.770297
23.610489
26.422162
31.668289
77.561515
17.655033
16.923461
23.651038
21.128240
24.176075
26.712830
24.442799
25.184538
22.270129
24.286681
32.865294
28.826922
19.004064
20.606124
20.670711
20.255349
17.223722
18.234609
20.116358
24.277763
26.661522
20.039772
19.165543
28.313040
22.856958
18.666919
24.606993
20.769559
17.988702
23.982891
17.916900
20.377422
21.594678
28.994112
34.464682
22.182058
21.493285
20.819379
33.798733
24.624833
33.223304
19.317804
20.674042
23.452451
22.110193
20.710335
21.245207
36.716775
19.123484
39.775587
42.025715
25.298340
23.000097
26.203930
20.350153
19.954274
29.089801
19.161134
19.805942
26.516399
28.953340
19.144674
19.252405
18.140211
16.066206
19.601208
20.824387
21.176347
21.531272
21.749666
18.796441
18.482055
21.621055
20.072775
23.132626
22.041962
27.935540
34.106993
24.521405
20.698102
18.305522
21.254360
22.689762
27.493827
25.986460
23.193359
21.540210
26.536764
31.877109
23.463612
18.924407
21.742768
18.556697
18.426946
20.479057
18.824544
19.382038
21.345915
27.732468
36.631805
21.304396
19.496691
22.567932
18.809110
20.300879
19.998787
26.052415
61.627220
21.191895
20.880937
19.046201
35.037901
17.318706
25.346655
27.390800
17.150250
16.690758
27.848140
28.719079
19.750229
27.325662
20.758610
22.180646
20.451469
37.577646
27.713058
19.276355
16.739227
23.819852
23.361056
22.445331
21.731962
15.733619
16.375636
20.964120
19.090503
29.966283
26.523726
18.440256
21.006428
24.658356
24.975686
20.730514
19.387683
20.580982
19.876174
27.511204
20.175324
25.195043
20.812640
18.994825
29.249509
18.937329
25.428522
24.384847
20.004487
20.090257
19.683959
22.768457
20.277377
21.985297
17.318373
19.853191
21.715880
23.739096
35.738099
28.783204
17.489289
18.824335
18.025351
16.879473
20.924813
20.219437
22.320628
25.241548
19.733002
20.791042
36.385541
27.752222
21.570099
25.416770
21.869170
26.597682
24.423184
23.199513
22.460703
19.742281
20.969034
25.182540
30.493506
29.945377
18.022435
22.199948
18.983312
23.294961
25.225247
20.220334
22.255046
28.197712
21.458067
28.292119
26.931773
25.770746
22.971436
24.984738
21.089878
23.590822
25.065721
20.504086
18.776845
21.148335
20.886960
19.176557
16.356867
18.312730
24.829565
26.126498
22.740109
32.873755
34.326669
22.955655
23.501996
37.034868
23.818833
22.724268
19.013719
25.129410
25.821069
19.132172
19.755896
18.070820
17.121114
24.420957
22.269695
25.658553
30.360805
17.525309
17.907551
25.516671
19.483795
42.318507
24.589743
23.007074
36.739451
22.995280
23.867691
24.816594
21.494333
61.781854
17.978792
17.423696
49.100259
50.044815
48.418816
20.942263
18.660192
17.826259
18.749667
24.771972
24.298382
20.442007
16.403228
31.643368
22.394817
15.872452
19.415265
18.678375
22.872057
22.141882
16.610655
17.726166
16.911020
16.698412
20.783218
17.838635
27.609684
26.048091
21.276370
20.559509
23.125903
29.489974
31.602046
25.073383
22.040607
24.236220
19.628569
22.199565
21.300480
21.105734
27.073329
24.195328
32.182589
32.593310
21.345906
21.053228
20.260180
22.531345
17.947855
17.719810
19.706991
20.113657
22.751405
22.875353
31.405535
23.099437
29.731670
22.699903
19.777964
18.092631
26.025728
30.511082
22.544492
22.094142
29.359509
16.664482
17.775064
31.899673
19.075284
33.241651
26.227226
18.483585
19.289339
19.804907
24.339831
24.733027
20.650697
19.195493
36.814663
37.739088
25.139819
19.417595
17.439635
18.368504
19.347958
31.817056
20.336184
29.248975
17.030331
18.148596
23.420673
26.265007
30.751741
31.264778
24.469470
20.490105
20.501070
19.910522
23.997502
21.906294
19.162412
18.827381
19.641346
18.866720
18.240731
20.941298
22.787965
23.296688
26.321943
21.687946
17.762263
20.876594
18.976064
20.815410
24.645777
19.506461
19.698922
47.705941
28.672528
27.607862
34.036035
28.819034
19.516549
23.370139
24.516154
21.302726
25.310050
22.265675
38.429607
15.926139
14.394005
24.884984
22.096675
24.267654
29.223670
34.239650
27.230159
22.172475
23.509051
18.414410
39.030565
24.240215
27.760792
20.855280
19.337841
30.399102
49.133365
61.545867
24.162672
19.057782
17.320064
17.675927
18.380144
18.679317
19.445632
22.080091
20.646539
25.134425
18.047164
16.577143
16.870138
22.328863
23.867106
23.252822
31.637626
25.473203
20.440195
23.425003
30.339304
17.512806
21.775105
23.206080
21.382791
18.470030
25.216205
26.231831
22.182169
23.609764
25.298606
29.070646
22.646590
19.115721
26.111602
22.855651
20.601108
18.586590
18.833629
21.535786
18.180811
19.515009
18.303205
28.234127
23.441572
24.231705
21.888134
14.615615
26.945206
15.945495
16.309197
19.424303
22.016472
25.200546
32.225923
26.367830
14.989121
14.376730
22.724521
15.901229
33.460615
17.434240
16.714667
16.209359
22.830308
29.409985
34.421920
45.835523
14.400866
13.253096
15.356987
17.876001
24.382246
17.951782
17.656235
16.087419
21.697078
20.409986
12.504185
10.178114
15.067018
17.048686
16.170194
22.106102
18.403312
18.039803
20.939192
27.601427
21.085533
17.077251
16.998841
28.726439
18.678771
17.624243
20.611524
23.356428
17.993168
23.389911
63.398312
19.129539
20.191325
23.465792
20.524197
26.062508
25.189742
20.033264
23.958021
21.018720
25.485887
21.249767
22.370579
18.244363
17.477157
14.871870
16.971048
25.382153
27.730674
17.755180
16.078044
20.495301
19.796658
16.160927
16.400181
15.157863
31.413142
18.131328
22.192111
22.419263
52.367881
16.729254
16.109052
23.505312
22.496670
21.177465
23.605143
29.020700
15.403545
14.895315
16.649073
29.995836
17.931792
20.463870
28.396793
36.176352
20.095919
19.918323
21.904952
23.885082
12.514570
25.452253
19.197389
15.765979
16.288418
16.347313
17.866418
14.168387
13.901979
16.724072
17.458121
18.951492
17.890956
17.686205
15.852975
18.730684
17.319546
18.384450
14.375766
14.321068
10.364289
24.289107
22.078002
31.579240
29.168044
23.759104
15.229718
36.748771
64.728797
60.836014
29.583934
28.025710
13.745818
16.770284
16.429177
29.336890
23.471477
31.563719
15.907827
14.884081
18.906292
18.210495
18.023203
15.801940
23.587485
25.483221
17.841242
21.322471
20.008137
23.506574
23.028543
23.096340
35.981973
24.539148
18.798330
19.838948
17.479542
20.794939
20.909606
29.207894
52.182257
18.276505
16.622894
31.672185
27.512911
22.158169
14.822120
16.997026
17.668922
18.387301
26.608066
39.843120
17.028510
16.824857
17.570794
18.932323
19.404714
22.277410
18.945668
15.668469
21.573577
29.330651
25.675056
23.795652
32.369002
18.129778
17.406151
18.057793
18.448714
19.877553
21.031242
17.481389
21.304714
15.471168
15.741576
14.471012
16.814807
19.332020
15.781789
17.430627
17.181297
16.815935
66.645812
40.325370
20.606558
19.347767
22.636052
18.166472
43.903152
20.096781
21.154031
17.788781
26.221926
20.177363
17.280937
17.005823
18.607763
23.404479
21.540334
18.228424
25.369814
20.061879
21.496433
17.404527
18.243618
18.004078
18.233467
20.341319
20.101882
18.975653
29.146541
24.878277
14.172051
17.596249
14.134437
15.088934
15.399816
15.358222
22.688857
19.768083
19.306776
29.926428
25.841082
18.697800
16.806652
15.731443
16.942567
17.189129
18.161848
26.410205
22.211128
15.667691
14.220615
19.063903
23.440340
25.379686
24.220714
19.910534
17.270040
19.981153
20.467795
16.040584
22.092486
23.359893
19.417899
16.528547
17.082401
15.016566
22.315427
28.229416
23.213785
24.845076
34.892909
14.218785
22.849443
17.028523
21.638243
19.058333
23.112712
31.670611
31.440267
51.866416
25.197594
17.374261
25.697078
26.812766
22.903870
17.823795
18.677852
17.563381
17.314249
18.620715
20.977839
21.261465
23.477497
27.641924
15.173884
13.438416
22.868868
24.707803
33.840481
14.570162
27.085681
24.418945
21.782180
18.628936
18.714141
22.403934
16.380527
18.822364
22.242150
15.145962
18.058068
17.751530
17.479455
25.427638
21.009711
21.948613
22.784379
24.807118
23.337728
19.410724
15.412289
36.453118
31.885992
24.604225
34.381162
17.599506
17.783437
25.760582
22.748047
22.708809
16.739730
21.756619
16.816792
17.070224
24.126257
33.142198
15.480818
15.151306
28.221449
19.321931
17.653872
27.194655
25.380707
27.349714
27.409954
23.013262
20.825309
24.089931
24.003724
16.286462
19.786319
34.231889
21.972562
23.343121
19.150812
18.688426
16.078207
22.563575
23.967194
21.536607
20.216076
31.031660
23.404910
21.411279
22.713023
21.160498
27.516302
19.517550
19.718453
25.562654
27.274603
34.634062
30.772921
36.302634
37.335397
21.692273
15.065216
45.678656
10.728407
16.142776
17.459193
25.183267
28.889364
19.439123
20.187193
19.953442
23.545256
24.530132
21.614948
18.099256
19.297076
21.493894
19.208750
23.484454
25.671019
29.058345
18.245511
24.290102
22.027734
27.362223
23.070674
18.853800
19.247830
22.898774
18.439400
17.098281
29.366205
45.301302
20.761127
21.579026
18.645308
18.024445
25.050915
30.396579
21.676142
19.197102
22.570612
21.760022
21.388860
21.697904
34.061590
27.078855
16.505243
14.900103
20.047090
17.544575
32.787032
21.533550
22.973235
17.785567
26.951608
27.603047
16.695997
20.873721
46.543357
24.401738
24.102467
26.465819
23.570997
24.884278
18.122415
35.713882
27.339665
36.059129
16.573625
18.854711
22.317974
18.652729
15.939337
17.443670
19.950972
18.616516
15.944195
16.436164
15.477622
30.835220
29.705202
30.280946
22.187909
20.103503
21.197197
25.195961
20.675449
28.904625
30.852120
19.190985
24.381797
22.973098
20.683711
11.458030
22.858311
21.252138
19.643268
23.060518
28.008230
22.209693
16.808336
25.912326
22.075149
21.222057
20.985161
18.991372
18.664905
36.100121
36.753002
22.299188
25.545351
26.532204
21.964892
17.799286
20.578896
20.573149
21.123352
22.251136
22.292599
20.701310
21.977430
26.039557
22.964376
29.614050
25.471867
22.714018
29.228887
23.130334
33.571337
52.563107
16.880117
17.521483
28.203800
29.851326
17.681589
20.671361
18.870582
18.780665
24.045582
21.717037
20.923703
22.334314
26.623896
23.419269
20.909067
27.794748
24.566973
19.495643
19.090258
22.745230
22.676548
18.737437
19.243188
19.231874
20.937783
16.228320
16.996124
26.949603
25.485552
36.722931
24.858850
21.598349
18.719149
17.689055
16.685107
17.413608
24.295955
20.427456
18.627122
17.464603
17.323256
18.006067
39.479868
52.201256
18.716399
18.052181
23.426063
20.222036
32.257802
23.520285
39.200211
30.185971
18.036848
17.403093
23.181516
26.100169
22.329326
21.173702
22.615870
22.204068
24.074941
28.241155
23.617660
23.405175
19.432642
19.930327
22.978007
17.177912
20.824993
21.939938
36.362760
18.478637
