1.997
2.080
2.096
2.100
2.109
2.153
2.181
2.185
2.193
2.197
2.198
2.198
2.203
2.208
2.220
2.226
2.226
2.228
2.230
2.231
2.232
2.233
2.234
2.240
2.244
2.247
2.255
2.256
2.258
2.260
2.266
2.271
2.275
2.279
2.287
2.292
2.294
2.306
2.308
2.309
2.310
2.312
2.312
2.323
2.327
2.330
2.334
2.336
2.337
2.340
2.343
2.345
2.345
2.347
2.351
2.355
2.357
2.357
2.361
2.361
2.375
2.377
2.379
2.380
2.381
2.383
2.384
2.385
2.386
2.391
2.391
2.395
2.396
2.396
2.399
2.400
2.401
2.402
2.404
2.410
2.418
2.418
2.432
2.441
2.449
2.453
2.457
2.466
2.475
2.475
2.487
2.490
2.493
2.503
2.509
2.510
2.511
2.537
2.542
2.547
2.549
2.559
2.559
2.560
2.561
2.562
2.563
2.566
2.567
2.597
2.597
2.610
2.616
2.621
2.666
2.669
2.732
