1.723
2.012
2.110
2.138
2.149
2.153
2.165
2.180
2.181
2.183
2.217
2.221
2.232
2.253
2.289
2.337
2.351
2.357
2.408
2.442
2.456
2.458
2.469
2.472
2.483
2.487
2.497
2.522
2.527
2.545
2.550
2.552
2.554
2.560
2.570
2.579
2.593
2.603
2.615
2.616
2.621
2.623
2.628
2.629
2.629
2.642
2.647
2.653
2.657
2.660
2.663
2.667
2.669
2.673
2.686
2.695
2.695
2.710
2.712
2.717
2.726
2.731
2.736
2.743
2.746
2.784
2.785
2.791
2.813
2.819
2.834
2.846
2.848
2.856
2.875
2.888
2.888
2.897
2.899
2.903
2.907
2.907
2.912
2.921
2.922
2.924
2.944
2.954
2.971
2.977
2.980
2.993
2.997
3.007
3.026
3.033
3.039
3.053
3.054
3.059
3.063
3.068
3.075
3.081
3.081
3.093
3.102
3.140
3.142
3.150
3.174
3.175
3.175
3.243
3.367
3.418
3.459
