1.524
1.612
1.616
1.664
1.672
1.686
1.692
1.706
1.707
1.731
1.734
1.742
1.758
1.762
1.764
1.770
1.773
1.777
1.779
1.787
1.799
1.801
1.801
1.811
1.814
1.819
1.825
1.829
1.841
1.846
1.862
1.866
1.867
1.873
1.875
1.877
1.879
1.901
1.916
1.928
1.941
1.942
1.950
1.963
1.964
1.971
1.971
1.982
1.990
2.029
2.033
2.044
2.056
2.082
2.099
2.109
2.115
2.124
2.149
2.151
2.164
2.167
2.207
2.208
2.221
2.236
2.240
2.274
2.280
2.303
2.314
2.315
2.328
2.329
2.334
2.340
2.349
2.353
2.361
2.361
2.364
2.366
2.376
2.383
2.384
2.385
2.385
2.394
2.405
2.405
2.405
2.413
2.416
2.423
2.423
2.433
2.450
2.452
2.456
2.466
2.467
2.468
2.471
2.474
2.502
2.504
2.504
2.506
2.514
2.522
2.558
2.567
2.569
2.578
2.580
2.634
2.645
