1.976
2.249
2.256
2.299
2.309
2.320
2.324
2.333
2.333
2.338
2.380
2.381
2.383
2.386
2.389
2.405
2.412
2.418
2.418
2.420
2.422
2.425
2.429
2.443
2.444
2.452
2.452
2.453
2.455
2.462
2.475
2.483
2.503
2.504
2.505
2.510
2.511
2.511
2.513
2.513
2.516
2.517
2.519
2.519
2.525
2.527
2.531
2.534
2.541
2.541
2.548
2.554
2.559
2.559
2.560
2.560
2.561
2.563
2.565
2.566
2.566
2.566
2.570
2.573
2.574
2.574
2.578
2.586
2.587
2.588
2.590
2.592
2.596
2.596
2.597
2.598
2.600
2.603
2.607
2.611
2.615
2.618
2.618
2.618
2.620
2.620
2.625
2.625
2.629
2.639
2.642
2.645
2.651
2.651
2.654
2.660
2.665
2.665
2.667
2.670
2.684
2.686
2.695
2.699
2.710
2.730
2.730
2.732
2.733
2.753
2.757
2.760
2.763
2.821
2.839
2.856
2.857
