2.137
2.484
2.487
2.493
2.505
2.518
2.529
2.530
2.554
2.566
2.569
2.574
2.574
2.576
2.580
2.583
2.588
2.593
2.617
2.621
2.621
2.624
2.625
2.625
2.633
2.639
2.643
2.643
2.651
2.654
2.660
2.667
2.667
2.672
2.672
2.672
2.676
2.679
2.681
2.684
2.690
2.690
2.692
2.700
2.700
2.704
2.705
2.711
2.715
2.717
2.718
2.719
2.719
2.724
2.724
2.734
2.741
2.741
2.742
2.745
2.752
2.753
2.753
2.753
2.755
2.759
2.761
2.764
2.765
2.767
2.771
2.773
2.777
2.781
2.786
2.791
2.797
2.799
2.811
2.826
2.842
2.843
2.845
2.848
2.849
2.853
2.854
2.858
2.858
2.858
2.860
2.863
2.883
2.888
2.892
2.894
2.897
2.900
2.911
2.914
2.927
2.931
2.934
2.943
2.949
2.955
2.981
3.000
3.013
3.026
3.057
3.060
3.073
3.137
3.184
3.329
3.500
