1.934
1.942
1.982
1.993
2.005
2.005
2.005
2.017
2.018
2.021
2.030
2.033
2.044
2.052
2.058
2.061
2.062
2.071
2.076
2.080
2.084
2.086
2.087
2.095
2.096
2.102
2.107
2.112
2.119
2.120
2.122
2.122
2.129
2.133
2.136
2.138
2.139
2.140
2.147
2.147
2.152
2.156
2.172
2.174
2.175
2.176
2.178
2.186
2.190
2.191
2.191
2.191
2.193
2.193
2.201
2.203
2.206
2.212
2.215
2.221
2.223
2.229
2.231
2.233
2.235
2.239
2.240
2.244
2.246
2.252
2.253
2.265
2.267
2.268
2.274
2.278
2.279
2.282
2.291
2.291
2.292
2.293
2.295
2.296
2.297
2.305
2.307
2.309
2.316
2.318
2.319
2.319
2.321
2.325
2.330
2.334
2.335
2.337
2.343
2.346
2.360
2.366
2.367
2.373
2.374
2.382
2.385
2.393
2.402
2.421
2.422
2.427
2.428
2.431
2.476
2.484
2.484
