2.032
2.120
2.156
2.198
2.207
2.217
2.219
2.224
2.226
2.236
2.237
2.238
2.246
2.265
2.271
2.273
2.275
2.278
2.286
2.292
2.299
2.308
2.309
2.314
2.319
2.321
2.323
2.325
2.339
2.344
2.351
2.351
2.353
2.354
2.356
2.363
2.371
2.374
2.386
2.398
2.403
2.413
2.414
2.422
2.424
2.427
2.428
2.430
2.434
2.438
2.451
2.458
2.460
2.464
2.473
2.474
2.477
2.485
2.486
2.486
2.487
2.492
2.492
2.493
2.499
2.500
2.501
2.502
2.502
2.504
2.511
2.518
2.521
2.531
2.531
2.537
2.537
2.539
2.541
2.542
2.545
2.554
2.563
2.567
2.577
2.578
2.578
2.579
2.579
2.581
2.593
2.596
2.602
2.606
2.608
2.621
2.636
2.643
2.644
2.644
2.651
2.653
2.663
2.668
2.670
2.693
2.710
2.712
2.714
2.742
2.761
2.782
2.795
2.798
2.869
2.892
2.897
