1.544
1.560
1.612
1.619
1.640
1.649
1.660
1.674
1.679
1.682
1.685
1.685
1.688
1.688
1.695
1.695
1.701
1.708
1.717
1.719
1.719
1.724
1.725
1.729
1.732
1.736
1.737
1.739
1.740
1.742
1.744
1.747
1.747
1.750
1.754
1.758
1.758
1.759
1.760
1.761
1.763
1.763
1.765
1.774
1.777
1.781
1.788
1.788
1.789
1.791
1.791
1.792
1.795
1.796
1.800
1.801
1.811
1.811
1.811
1.817
1.818
1.819
1.819
1.819
1.820
1.822
1.826
1.828
1.830
1.832
1.834
1.835
1.836
1.838
1.841
1.847
1.849
1.850
1.850
1.851
1.852
1.852
1.852
1.855
1.857
1.858
1.860
1.860
1.867
1.869
1.876
1.882
1.887
1.895
1.896
1.900
1.910
1.914
1.919
1.922
1.925
1.925
1.929
1.930
1.935
1.940
1.940
1.941
1.946
1.958
1.965
1.972
1.978
1.983
2.010
2.034
2.044
