2.107
2.149
2.153
2.165
2.205
2.205
2.208
2.241
2.241
2.250
2.255
2.280
2.282
2.284
2.286
2.289
2.304
2.310
2.312
2.324
2.347
2.358
2.359
2.361
2.361
2.379
2.385
2.396
2.397
2.398
2.398
2.402
2.405
2.413
2.414
2.418
2.420
2.421
2.421
2.423
2.430
2.432
2.433
2.434
2.448
2.450
2.450
2.451
2.455
2.456
2.461
2.462
2.467
2.468
2.468
2.468
2.483
2.483
2.488
2.489
2.491
2.495
2.495
2.499
2.515
2.529
2.535
2.537
2.539
2.553
2.555
2.578
2.578
2.580
2.585
2.587
2.589
2.590
2.596
2.601
2.605
2.607
2.609
2.616
2.624
2.627
2.628
2.644
2.664
2.668
2.669
2.674
2.676
2.676
2.679
2.679
2.680
2.682
2.685
2.707
2.709
2.723
2.728
2.748
2.755
2.760
2.764
2.765
2.783
2.790
2.807
2.816
2.834
2.843
2.876
2.948
2.975
