1.530
1.582
1.611
1.646
1.658
1.663
1.669
1.709
1.720
1.728
1.729
1.731
1.731
1.734
1.735
1.739
1.743
1.743
1.746
1.746
1.746
1.751
1.752
1.755
1.764
1.774
1.775
1.778
1.779
1.784
1.792
1.794
1.795
1.795
1.797
1.798
1.804
1.809
1.809
1.810
1.810
1.811
1.812
1.813
1.819
1.823
1.824
1.826
1.827
1.829
1.832
1.833
1.834
1.838
1.841
1.844
1.844
1.848
1.848
1.851
1.851
1.854
1.860
1.860
1.861
1.865
1.874
1.877
1.879
1.881
1.882
1.882
1.883
1.889
1.895
1.896
1.896
1.896
1.901
1.908
1.908
1.911
1.915
1.915
1.916
1.916
1.921
1.923
1.925
1.929
1.931
1.934
1.935
1.940
1.943
1.946
1.957
1.970
1.974
1.978
1.980
1.982
1.989
1.998
2.002
2.020
2.022
2.024
2.031
2.033
2.044
2.048
2.069
2.075
2.099
2.117
2.193
