1.503
1.505
1.596
1.610
1.619
1.683
1.686
1.694
1.725
1.729
1.729
1.733
1.733
1.741
1.744
1.745
1.748
1.756
1.761
1.768
1.784
1.785
1.789
1.791
1.793
1.796
1.809
1.812
1.812
1.817
1.824
1.829
1.831
1.832
1.838
1.841
1.848
1.848
1.852
1.856
1.870
1.873
1.878
1.888
1.889
1.894
1.903
1.908
1.914
1.914
1.914
1.929
1.934
1.934
1.939
1.942
1.947
1.948
1.950
1.963
1.968
1.971
1.975
1.987
1.988
1.989
2.002
2.004
2.008
2.015
2.021
2.028
2.033
2.034
2.038
2.057
2.065
2.065
2.067
2.073
2.080
2.086
2.086
2.088
2.088
2.094
2.098
2.107
2.108
2.111
2.113
2.127
2.129
2.136
2.149
2.158
2.165
2.165
2.182
2.193
2.195
2.219
2.227
2.244
2.253
2.255
2.260
2.274
2.282
2.286
2.294
2.335
2.353
2.354
2.444
2.482
2.645
