2.260
2.284
2.286
2.302
2.304
2.305
2.329
2.334
2.353
2.360
2.366
2.386
2.397
2.398
2.398
2.403
2.406
2.427
2.432
2.438
2.442
2.457
2.463
2.466
2.477
2.477
2.480
2.480
2.486
2.486
2.488
2.489
2.493
2.495
2.496
2.498
2.498
2.507
2.507
2.511
2.511
2.522
2.524
2.524
2.530
2.537
2.540
2.545
2.545
2.546
2.546
2.556
2.556
2.564
2.568
2.570
2.576
2.580
2.583
2.583
2.584
2.587
2.590
2.595
2.599
2.604
2.613
2.619
2.624
2.624
2.639
2.643
2.645
2.658
2.663
2.671
2.672
2.687
2.687
2.689
2.689
2.703
2.706
2.714
2.731
2.767
2.776
2.794
2.806
