2.931
3.045
3.138
3.199
3.218
3.272
3.288
3.298
3.311
3.320
3.323
3.356
3.360
3.387
3.387
3.394
3.399
3.410
3.427
3.446
3.451
3.459
3.464
3.471
3.473
3.480
3.482
3.487
3.495
3.498
3.517
3.520
3.523
3.535
3.542
3.543
3.546
3.554
3.588
3.592
3.605
3.609
3.614
3.615
3.616
3.631
3.641
3.672
3.676
3.683
3.684
3.687
3.701
3.701
3.703
3.709
3.718
3.739
3.741
3.768
3.776
3.790
3.791
3.800
3.812
3.825
3.830
3.830
3.836
3.837
3.841
3.849
3.859
3.862
3.884
3.887
3.926
3.946
3.954
4.026
4.031
4.085
4.129
4.137
4.157
4.158
4.162
4.275
4.376
