2.409
2.427
2.467
2.501
2.526
2.529
2.541
2.541
2.550
2.551
2.552
2.557
2.562
2.567
2.578
2.580
2.580
2.593
2.595
2.602
2.602
2.605
2.611
2.619
2.622
2.626
2.627
2.630
2.640
2.644
2.647
2.653
2.654
2.658
2.661
2.668
2.695
2.696
2.701
2.704
2.705
2.710
2.712
2.713
2.714
2.729
2.730
2.734
2.739
2.741
2.742
2.746
2.746
2.752
2.754
2.763
2.767
2.767
2.774
2.778
2.779
2.781
2.781
2.788
2.792
2.793
2.794
2.805
2.823
2.831
2.831
2.833
2.844
2.854
2.857
2.861
2.863
2.868
2.870
2.877
2.885
2.888
2.894
2.906
2.911
2.914
2.919
2.957
3.060
