1.305
1.330
1.353
1.366
1.373
1.377
1.385
1.391
1.394
1.410
1.412
1.433
1.434
1.437
1.439
1.440
1.442
1.448
1.451
1.455
1.458
1.458
1.462
1.463
1.465
1.470
1.471
1.473
1.474
1.478
1.483
1.483
1.488
1.491
1.492
1.493
1.497
1.504
1.505
1.506
1.511
1.513
1.521
1.528
1.531
1.538
1.540
1.542
1.543
1.543
1.545
1.545
1.546
1.549
1.555
1.561
1.568
1.569
1.570
1.579
1.583
1.588
1.592
1.593
1.594
1.604
1.624
1.626
1.635
1.643
1.645
1.651
1.655
1.657
1.659
1.663
1.696
1.701
1.729
1.739
1.740
1.744
1.744
1.755
1.757
1.768
1.774
1.806
1.941
