2.115
2.181
2.212
2.218
2.240
2.248
2.275
2.289
2.292
2.306
2.312
2.315
2.322
2.325
2.330
2.331
2.331
2.332
2.336
2.337
2.338
2.342
2.344
2.346
2.356
2.356
2.363
2.364
2.365
2.366
2.376
2.378
2.379
2.383
2.385
2.386
2.394
2.394
2.395
2.398
2.399
2.407
2.411
2.418
2.418
2.423
2.435
2.444
2.446
2.453
2.459
2.465
2.466
2.476
2.479
2.490
2.490
2.495
2.496
2.509
2.516
2.516
2.517
2.518
2.521
2.522
2.524
2.524
2.530
2.533
2.533
2.535
2.543
2.547
2.548
2.553
2.556
2.564
2.567
2.581
2.599
2.600
2.601
2.620
2.631
2.647
2.647
2.679
2.711
