1.847
2.071
2.103
2.113
2.113
2.116
2.121
2.151
2.168
2.182
2.183
2.184
2.186
2.197
2.198
2.201
2.205
2.215
2.224
2.227
2.231
2.234
2.236
2.239
2.244
2.247
2.249
2.251
2.253
2.261
2.267
2.270
2.275
2.276
2.280
2.283
2.283
2.285
2.289
2.289
2.291
2.298
2.302
2.306
2.307
2.311
2.313
2.316
2.322
2.325
2.326
2.326
2.327
2.334
2.337
2.349
2.353
2.355
2.358
2.362
2.366
2.376
2.377
2.385
2.385
2.389
2.392
2.392
2.399
2.404
2.417
2.432
2.432
2.434
2.440
2.442
2.456
2.459
2.469
2.472
2.474
2.476
2.478
2.486
2.490
2.491
2.497
2.527
2.587
