2.912
3.190
3.216
3.248
3.291
3.309
3.332
3.359
3.371
3.393
3.396
3.429
3.456
3.475
3.488
3.489
3.514
3.529
3.559
3.561
3.563
3.569
3.587
3.632
3.651
3.689
3.692
3.696
3.724
3.737
3.739
3.745
3.751
3.757
3.790
3.797
3.797
3.801
3.803
3.807
3.837
3.839
3.862
3.869
3.872
3.876
3.881
3.887
3.893
3.902
3.903
3.912
3.913
3.928
3.929
3.937
3.941
3.957
3.967
3.999
4.000
4.013
4.014
4.027
4.035
4.050
4.052
4.052
4.057
4.060
4.082
4.088
4.098
4.108
4.121
4.128
4.136
4.141
4.145
4.156
4.169
4.192
4.231
4.232
4.275
4.310
4.335
4.389
4.439
