1.1513
0.90445
0.86456
1.071
0.77362
1.1097
1.0817
0.5593
0.97678
0.75231
0.69511
0.71962
0.72374
1.1899
1.02
1.0376
0.72636
0.83053
0.68725
1.0903
0.95313
0.94787
0.7655
0.859
0.87169
0.74539
0.61447
0.80376
1.2819
0.71122
0.85557
0.58668
0.97447
0.7915
0.93844
0.88141
0.94865
1.0483
1.0029
0.76891
0.69172
0.7134
0.94856
0.73258
0.78085
1.0106
0.63019
0.70018
0.98831
0.9637
0.62405
0.92062
0.69431
0.81173
1.0169
1.1631
1.0789
0.79291
0.85817
0.6762
0.96859
0.67612
0.72907
0.94666
0.78621
0.90034
0.87538
0.65754
0.65006
1.0427
0.69774
0.97018
1.0846
0.82111
1.0453
0.72453
0.70778
0.83272
0.71671
0.92292
0.91687
0.76403
1.0306
0.73249
0.73035
0.72397
0.96507
0.7147
0.79566
1.0558
0.60212
0.9386
1.1364
1.0426
0.9121
0.87004
0.8977
0.92324
1.024
