-0.039515
0.0072775
-0.019659
0.0043059
0.025223
-0.022735
0.02571
0.04369
0.027111
0.032651
0.0038954
0.001377
-0.0038175
-0.024914
0.0071704
0.00070864
0.068262
-0.033749
0.052929
-0.006806
-0.036409
0.008141
0.0097569
0.0058805
0.014869
0.15932
0.050005
0.016124
-0.039354
0.04058
0.006202
0.085978
0.00040228
-0.021119
0.0049375
-0.018812
-0.0091348
-0.034185
0.012575
0.017049
0.011777
0.012136
0.00061383
-0.0072122
0.029152
0.012471
0.074121
0.001315
-0.024107
-0.00095454
0.072944
-0.0049338
-0.0098324
-0.0083973
-0.017523
-0.018797
-0.031301
0.035074
0.0049333
0.054495
-0.021514
0.027034
0.019055
-0.014503
0.026453
0.010226
-0.012085
0.046292
0.016607
-0.022972
0.058335
-0.017423
0.0069081
0.011109
-0.010174
0.010338
0.015181
0.017827
0.039816
0.016618
-0.017379
-0.0059058
-0.030656
-0.0057177
0.00895
0.0074773
-0.0085066
0.023614
0.0093442
-0.012235
0.021577
-0.020262
-0.00656
-0.011946
0.01302
0.055557
0.02372
0.0093908
-0.014419
