0.74376
0.67653
0.61657
0.68886
0.53262
0.72893
0.74836
0.47368
0.7543
0.65394
0.60765
0.65383
0.25882
0.76947
0.67781
0.75849
0.63397
0.6945
0.57667
0.74405
0.64824
0.62679
0.5899
0.62411
0.65283
0.49359
0.55368
0.67312
0.69021
0.5281
0.59058
0.51961
0.61682
0.59278
0.65543
0.66865
0.73612
0.67482
0.64812
0.62027
0.54126
0.56801
0.76818
0.55055
0.63711
0.72908
0.5222
0.60673
0.75345
0.71505
0.56583
0.6795
0.61911
0.69247
0.72664
0.76933
0.73784
0.70409
0.67345
0.67178
0.70329
0.53492
0.59394
0.72297
0.61987
0.70143
0.70981
0.48403
0.60007
0.73663
0.59494
0.76578
0.79151
0.65333
0.75122
0.68245
0.54114
0.7114
0.67281
0.73374
0.73085
0.55397
0.73941
0.65575
0.67357
0.65877
0.76307
0.64556
0.60844
0.67299
0.6083
0.75174
0.74965
0.76807
0.69388
0.67342
0.69695
0.72805
0.71521
