217.51
198.48
129.41
170.77
154.66
188.12
168.785
174.73
152.3
193.935
208.025
202.115
21.88
209
214.46
154.88
148.125
220.34
152.745
159.075
181.38
117.38
126.95
242.67
135.37
78.27
107.09
125.665
187.94
54.63
134.49
107.47
192.07
165.27
256.05
140.84
182.59
172.74
155.76
213.49
84.35
131.64
162.995
175.19
158.58
175.645
128.6
145.61
212.37
154.61
112.83
209.05
243.15
185.16
209.35
203.34
171.435
180.375
119.63
145.655
152.155
96.11
173.42
162.575
177.76
165.15
256.4
106.725
112.035
267.075
94.26
183.89
140.6
177.465
149.54
205
175.74
148.62
131.185
126.59
183.89
122.635
209.95
180.025
140.725
158.71
165.125
233.565
182.645
221.515
131.58
225.96
206.985
194.205
200.18
131.78
154.325
133.41
177.265
