0.131952
0.0517458
0.0878548
0.0649825
0.0404241
0.0305747
0.0183939
0.0175661
0.0743761
0.0332728
0.041756
0.106433
0.0229124
0.0273976
0.0719099
0.0705689
0.0241762
0.0352542
0.036455
0.0299701
0.0706142
0.0555419
0.0402892
0.0274902
0.0336748
0.0197399
0.0628975
0.0620548
0.0762695
0.0356887
0.0307369
0.0435434
0.0501677
0.0333266
0.0502649
0.0658107
0.0383767
0.0340252
0.107629
0.0587428
0.0922856
0.0902761
0.0675326
0.0186389
0.0658197
0.219571
0.0269114
0.0942683
0.0402744
0.0406389
0.0704214
0.0831996
0.0320624
0.0360838
0.0285303
0.0509276
0.0990612
0.0840454
0.032911
0.0197271
0.0524396
0.0463449
0.108185
0.0684657
0.0238734
0.028317
0.0334007
0.0736537
0.0298613
0.119109
0.0599299
0.047674
0.0637195
0.0362106
0.0689722
0.0607319
0.108287
0.176507
0.0517833
0.0446797
0.0713602
0.0489684
0.0348343
0.0623915
0.0894482
0.163988
0.0940683
0.0621041
0.0229764
0.0409181
0.0584322
0.0811082
0.161645
0.0521263
0.0622478
0.0573605
0.101293
0.0570394
0.062524
0.110452
0.128645
0.0678797
0.0966578
0.0786213
0.0394074
0.0220864
0.0384521
0.0388921
0.0505319
0.0447903
0.0585133
0.0611004
0.0518498
0.0665323
0.0340279
0.070223
0.105929
0.0420506
0.0661861
0.022512
0.0391412
0.0627917
0.0403417
