0.108947
0.0392162
0.0733785
0.0351788
0.0390146
0.0265406
0.0129549
0.0104513
0.063991
0.0219487
0.0227636
0.0695423
0.0154942
0.0152009
0.0488044
0.0831748
0.0176362
0.0240185
0.031782
0.0228857
0.0537808
0.0425857
0.0412385
0.0190224
0.0295917
0.0171487
0.0225383
0.0292485
0.0576275
0.0271044
0.0323632
0.0267533
0.0292836
0.0434459
0.0433487
0.0459092
0.0191247
0.0618978
0.0565745
0.0427763
0.0534163
0.0542831
0.0344486
0.0128054
0.0567361
0.122207
0.0209305
0.13981
0.026204
0.0421848
0.0419584
0.0925631
0.0249699
0.0265114
0.0235225
0.0261302
0.0857905
0.141772
0.0218894
0.0157141
0.0378152
0.0333154
0.126591
0.0408567
0.0172918
0.0216556
0.0246988
0.0393374
0.0178097
0.0808643
0.0469585
0.0282667
0.0685576
0.0211797
0.0781387
0.0289823
0.102297
0.104797
0.0312312
0.0245982
0.0378891
0.0257904
0.0182397
0.0333812
0.0509338
0.0862406
0.0639281
0.0414264
0.0177855
0.0217687
0.0274712
0.0693312
0.141803
0.0286015
0.0539803
0.0488703
0.0723198
0.0406018
0.0621882
0.0801581
0.129438
0.0643343
0.0625935
0.0530076
0.022084
0.0150738
0.0334303
0.0242548
0.0331629
0.0240172
0.0378738
0.047631
0.027904
0.0414199
0.0222967
0.0480379
0.0527762
0.0195249
0.0261041
0.0118184
0.0254604
0.0498418
0.0433822
