0.615134
0.283487
0.449333
0.186954
0.254305
0.146932
0.0881841
0.0458067
0.568085
0.198569
0.15608
0.354431
0.108106
0.0891396
0.323136
0.537677
0.102398
0.144555
0.234927
0.168852
0.341144
0.23244
0.314964
0.108504
0.183431
0.137857
0.124389
0.145008
0.328957
0.210916
0.291124
0.175326
0.20672
0.39163
0.312658
0.365214
0.127102
0.590012
0.337748
0.327565
0.2465
0.346589
0.227894
0.0768231
0.422428
0.698424
0.134276
0.952278
0.174757
0.391178
0.217127
0.664133
0.191399
0.175663
0.132909
0.173774
0.621423
1.36255
0.123446
0.166258
0.228761
0.182354
0.675668
0.190198
0.094245
0.132983
0.147407
0.270319
0.110791
0.474571
0.282423
0.150028
0.580888
0.139737
0.786977
0.270738
0.873651
0.606721
0.187914
0.133821
0.304441
0.177502
0.113836
0.159332
0.355935
0.349203
0.334633
0.193798
0.121904
0.149212
0.130507
0.532711
0.77272
0.169485
0.280201
0.343509
0.362807
0.266712
0.423486
0.426093
0.729118
0.317443
0.38451
0.38068
0.182641
0.088525
0.23189
0.149405
0.174329
0.157867
0.221719
0.273401
0.221089
0.289453
0.138586
0.228571
0.22533
0.121191
0.145848
0.0658127
0.191129
0.300284
0.259088
