829.245325
828.870091
811.167322
812.490046
834.793928
835.549027
943.920259
946.387126
841.269824
765.802668
769.910151
783.569057
769.972742
767.242410
641.085414
783.493750
854.888494
854.453195
785.976604
787.858908
782.640398
787.066148
765.863916
765.494660
750.756404
789.771921
734.976416
735.840616
575.849207
777.365282
706.765209
757.452694
757.074979
601.342558
743.471295
743.557991
755.749012
623.660348
606.763150
832.704405
835.802094
743.948180
746.570256
782.102095
653.458164
709.513424
552.412307
594.993311
784.664061
813.735805
727.865501
849.669583
592.893569
727.558588
728.378942
784.017230
792.652506
794.547563
707.228464
796.696609
771.705551
816.680634
690.831238
601.050938
782.914029
784.069314
638.498796
627.983998
746.050453
747.715231
831.809274
573.966759
561.204989
753.670449
734.887856
735.996060
822.185934
839.341618
786.993714
784.796926
775.256650
825.906233
825.827512
827.161646
724.642373
729.829040
723.591070
722.805188
828.483042
798.304682
657.440397
551.592158
710.045801
627.559792
723.856736
721.046315
833.084242
766.013883
767.005918
800.935253
767.866336
774.261508
783.211484
783.969169
822.732777
765.700153
764.533595
794.099941
794.485593
774.798969
774.347266
711.969164
708.925577
752.604511
751.957864
767.480633
766.144767
831.965456
832.751327
775.926419
777.647034
789.648653
793.093097
