135.98
142.23
145.50
204.14
175.53
248.80
225.08
239.58
161.31
156.00
191.04
215.29
262.65
273.46
133.11
121.90
216.45
218.66
175.68
217.19
130.09
173.02
147.65
192.43
173.28
256.22
189.43
206.51
120.55
200.32
199.42
179.10
253.08
252.49
143.00
129.23
232.67
283.18
164.02
186.62
262.38
155.19
208.78
222.82
189.58
156.99
287.57
147.37
341.97
228.84
135.64
116.37
400.52
193.22
199.57
264.44
147.40
107.87
245.64
223.79
194.40
256.98
121.82
149.30
231.67
241.13
198.45
187.11
248.55
161.80
164.70
257.84
151.38
184.67
188.30
210.18
151.09
191.18
155.31
286.77
265.58
224.18
263.34
167.30
168.44
134.30
142.83
164.02
269.55
197.98
181.99
174.16
122.69
191.61
152.45
140.40
121.86
239.10
205.15
167.91
124.93
197.70
120.77
155.72
280.47
228.99
128.63
200.94
243.62
221.07
246.29
157.17
202.54
167.68
197.89
174.00
199.34
140.42
194.64
208.32
206.25
199.01
201.90
