28.732719
27.890836
30.484606
25.347201
19.063358
18.026357
19.889783
19.284583
24.718683
21.557752
30.387965
27.927804
18.008377
16.392329
19.811863
38.457596
17.674697
18.125202
16.154468
18.267150
36.564925
32.639079
28.614373
17.898077
19.770063
16.549731
22.463665
19.508160
29.177536
18.139604
15.892066
20.820864
17.431429
12.164269
22.375165
31.682460
18.723374
10.627022
17.824487
18.526275
19.392503
31.368921
17.556801
17.249817
19.829370
37.376868
13.748452
30.472115
20.647538
21.908010
22.086540
51.114494
13.552060
19.829739
18.366976
17.383913
27.132034
33.490351
17.486230
16.930770
33.542006
22.958490
29.772592
18.552726
17.629340
17.639928
23.509628
21.683180
17.277389
32.047295
29.591282
13.726666
18.192882
19.169161
29.894825
20.043906
29.225391
35.939165
20.122297
17.485654
22.934182
19.118481
19.632001
32.581504
24.824271
23.290467
18.599188
18.077208
19.877913
21.482872
17.896650
17.599488
30.200700
16.916583
31.849697
19.162800
39.393644
16.310242
17.859750
31.598072
30.800355
25.549468
43.192394
31.152381
19.566616
16.450032
17.111429
20.305143
20.780543
20.326521
18.617625
26.348891
18.167381
23.861842
16.635891
20.101807
21.882865
18.666633
25.383367
24.502321
29.688650
25.486454
22.967969
