0.25922
0.32678
0.28231
0.17459
0.29655
0.28237
0.42567
0.19647
0.23994
0.2058
0.15947
0.25898
0.050837
0.37304
0.35782
0.26298
0.2491
0.14708
0.17418
0.16876
0.2672
0.31757
0.15596
0.21278
0.23933
0.24645
0.22963
0.16033
0.24131
0.13439
0.22316
0.22618
0.33996
0.13098
0.45802
0.36412
0.23263
0.10255
0.40257
0.20596
0.15455
0.18327
0.24951
0.18031
0.34431
0.18269
0.15971
0.21902
0.1992
0.13651
0.18239
0.23441
0.11769
0.26108
0.25653
0.28629
0.26745
0.12541
0.14131
0.15278
0.3701
0.11261
0.20049
0.38631
0.25043
0.29949
0.26792
0.12857
0.12592
0.22171
0.18659
0.21084
0.36269
0.31218
0.33122
0.20033
0.27584
0.30129
0.22057
0.27533
0.18582
0.25033
0.37118
0.07051
0.16971
0.18482
0.23018
0.2342
0.14229
0.28704
0.18316
0.26863
0.30843
0.14671
0.24335
0.28586
0.26586
0.23053
0.34531
