0.57592
0.41192
0.24036
0.54596
0.46936
0.55968
0.61216
0.23272
0.35644
0.41672
0.29484
0.2562
0.00848
0.54604
0.47312
0.50468
0.30456
0.1978
0.1296
0.34016
0.26052
0.61516
0.2574
0.49632
0.35704
0.57492
0.2734
0.31912
0.59352
0.1338
0.2992
0.2388
0.4422
0.22748
0.44352
0.39012
0.38192
0.23908
0.61664
0.25216
0.31216
0.29608
0.44204
0.27316
0.34452
0.33692
0.25964
0.22428
0.5148
0.23864
0.2524
0.47384
0.16488
0.42912
0.461
0.58032
0.47452
0.42076
0.22396
0.25168
0.33264
0.18248
0.36624
0.32392
0.3348
0.32116
0.2864
0.1878
0.17588
0.44788
0.24432
0.47036
0.5248
0.4466
0.45516
0.35348
0.36496
0.45352
0.27988
0.44396
0.40748
0.20524
0.4934
0.26424
0.26092
0.35292
0.36476
0.38628
0.21464
0.35276
0.28048
0.38208
0.62708
0.43912
0.45816
0.28104
0.57636
0.46808
0.54236
