0.27225
0.40125
0.388
0.24
0.12525
0.436
0.272
0.2995
0.34025
0.3975
0.21625
0.4365
0.34775
0.433
0.3265
0.31675
0.2175
0.334
0.19175
0.3615
0.2345
0.18425
0.29025
0.0175
0.186
0.333
0.216
0.371
0.30825
0.1935
0.3555
0.2285
0.30825
0.21425
0.09825
0.43125
0.275
0.30475
0.33175
0.23075
0.0445
0.443
0.31125
0.262
0.276
0.3435
0.087
0.28025
0.1785
0.13825
0.35775
0.19425
0.151
0.1745
0.2135
0.297
0.56325
0.255
0.2815
0.3535
0.48775
0.075
0.16675
0.38375
0.202
0.098
0.20625
0.433
0.09675
0.3115
0.193
0.33825
0.353
0.245
0.19175
0.4295
0.1465
0.1855
0.192
0.2765
0.13025
0.38925
0.41175
0.413
0.32075
0.2655
0.25525
0.3305
0.24325
0.269
0.36075
0.16525
0.28425
0.36775
0.20275
0.1655
0.3595
0.284
0.3985
