0.34675
0.04975
0.1995
0.222
0.1455
-0.07225
0.334
0.1785
0.0755
0.16075
0.196
0.161
0.331
0.09125
0.2015
0.19
0.153
0.172
-0.0945
0.17625
0.1505
0.13525
0.171
0.2115
0.205
0.12075
0.074
0.006
0.09625
0.226
0.22575
0.20025
0.08675
0.2575
0.28975
0.05825
0.27925
0.247
0.12425
0.29975
0.046
0.26275
0.194
0.2175
0.12975
0.15125
-0.021
0.1365
0.2085
0.0965
0.14125
0.21325
0.094
0.179
0.122
0.20525
0.16
0.06475
0.08
0.2235
0.1035
0.121
0.14475
0.20375
0.15425
0.163
0.10975
0.13
0.13425
0.17475
0.19175
0.1105
0.129
0.17725
0.2025
0.17325
0.04325
0.18825
0.16825
0.2315
0.012
0.1665
0.1985
0.20325
0.031
0.0625
0.23775
0.21475
0.07975
0.2035
0.145
0.239
0.32725
0.11475
-0.02025
0.05675
0.26525
0.072
0.12725
