0.58778
0.25044
0.55
0.41033
0.18378
0.47111
0.36778
0.25056
0.31111
0.48067
0.26622
0.21178
-0.20111
0.48644
0.57911
0.25211
0.26711
0.30878
0.29756
0.45489
0.28089
0.18922
0.21611
0.336
0.22889
0.25389
0.25056
0.16656
0.52622
0.077444
-0.03
0.212
0.459
0.20167
0.49067
0.38467
0.28156
0.48144
0.28789
0.18089
0.060222
0.10011
0.36778
0.21911
0.52833
0.41589
0.17189
0.14044
0.46622
0.346
0.18356
0.29744
0.053667
0.21778
0.44267
0.611
0.36133
0.21844
0.13556
0.20656
0.39111
0.017778
0.33933
0.25078
0.28611
0.54911
0.39833
-0.014778
0.14544
0.59178
0.12522
0.36333
0.51111
0.259
0.44022
0.28056
0.40922
0.27289
0.39556
0.27578
0.43722
0.080556
0.32822
0.24933
0.113
0.22422
0.39922
0.31622
0.37911
0.529
0.17911
0.28044
0.426
0.57078
0.45533
0.20522
0.38111
0.31056
0.46478
