0.54111
0.302
0.27675
0.48158
0.25583
0.33683
0.51025
0.28075
0.36694
0.41131
0.31683
0.24536
0.00061111
0.60678
0.55853
0.46917
0.19764
0.35572
0.29147
0.45269
0.33608
0.34933
0.18286
0.36875
0.28439
0.38078
0.34375
0.30439
0.62028
0.30336
0.039194
0.22214
0.35
0.34144
0.22178
0.41217
0.36906
0.3865
0.21167
0.28628
0.15736
0.16958
0.47603
0.22525
0.40128
0.54675
0.22356
0.16453
0.29083
0.32528
0.39572
0.27389
0.25403
0.287
0.44319
0.52258
0.29822
0.39042
0.30192
0.29778
0.445
0.069444
0.31903
0.29875
0.34081
0.48919
0.43903
0.14483
0.18744
0.48364
0.2545
0.42486
0.49694
0.27219
0.40575
0.26019
0.54764
0.32139
0.27564
0.28083
0.387
0.30742
0.43875
0.25889
0.32147
0.22181
0.51947
0.33583
0.31228
0.50483
0.25458
0.49278
0.69064
0.55147
0.39917
0.39692
0.39169
0.32453
0.36972
