0.58156
0.17767
0.266
0.45022
0.33833
0.33344
0.398
0.13156
0.29956
0.031333
0.43822
0.20622
0.46667
0.28733
0.36533
0.45044
0.28933
0.20878
0.17133
0.17722
0.33067
0.27822
0.11089
0.28389
0.22122
0.18922
0.10156
0.281
0.13456
0.32133
0.33544
0.15411
0.39856
0.20878
0.64611
0.26633
0.57856
0.55722
0.53778
0.26556
0.30467
0.31911
0.33878
0.32956
0.29078
0.33778
0.084778
0.27411
0.31078
0.41511
0.11467
0.15711
0.12311
0.28711
0.28189
0.21444
0.28511
0.29022
0.21222
0.14967
0.32367
0.18044
0.20422
0.26744
0.23633
0.14844
0.27356
0.14111
0.20656
0.44489
0.299
0.37589
0.33589
0.23978
0.24011
0.14611
0.11
0.14178
0.26711
0.30589
0.42378
0.262
0.37389
0.19856
0.21522
0.22022
0.42922
0.067
0.30233
0.66489
0.067556
0.38433
0.55078
0.38489
0.26344
0.26089
0.25889
0.15556
0.30078
