0.46122
0.36189
0.27322
0.37967
0.45356
0.50622
0.26278
0.28222
0.497
0.34167
0.243
0.451
-0.14211
0.466
0.29389
0.37267
0.46856
0.27222
0.373
0.47544
0.33378
0.25822
0.23122
0.29111
0.537
0.311
0.29778
0.47156
0.70111
0.55233
0.34067
0.16922
0.182
0.20422
0.44056
0.38089
0.32022
0.31711
0.76044
0.42211
0.41911
0.18189
0.53344
0.041889
0.38033
0.51411
0.32311
0.38089
0.34922
0.659
0.21789
0.14922
0.14367
0.24678
0.603
0.63367
0.53656
0.303
0.50056
0.41867
0.69722
0.30611
0.31867
0.45433
0.502
0.46322
0.26067
0.272
0.29767
0.41544
0.36556
0.39444
0.68133
0.39422
0.52889
0.42756
0.29444
0.31233
0.28111
0.253
0.42289
0.29367
0.52533
0.191
0.34967
0.39911
0.32156
0.31778
0.42111
0.28267
0.23044
0.27656
0.25267
0.42411
0.50111
0.27289
0.43278
0.52989
0.73589
