0.38181
0.38856
0.40394
0.46875
0.20338
0.30138
0.42106
0.066688
0.4455
0.27375
0.20956
0.18569
-0.00925
0.39581
0.32362
0.30081
0.33887
0.22375
0.24469
0.46988
0.61156
0.2315
0.34731
0.49206
0.31581
0.39338
0.212
0.47144
0.15662
0.26362
0.25675
0.16106
0.40356
0.21294
0.25119
0.33231
0.32062
0.35806
0.20681
0.36306
0.17625
0.15206
0.30675
0.090875
0.36569
0.41919
0.30512
0.17288
0.39581
0.43706
0.19269
0.38094
0.24837
0.16144
0.50494
0.57519
0.28769
0.30725
0.41725
0.30138
0.38981
0.18975
0.23488
0.28594
0.31906
0.314
0.49012
0.26569
0.16481
0.34987
0.205
0.37725
0.41481
0.22163
0.46519
0.241
0.279
0.27038
0.305
0.34363
0.34175
0.19562
0.25388
0.22188
0.29825
0.16519
0.37938
0.19856
0.31931
0.46681
0.14631
0.19231
0.26963
0.33206
0.34806
0.45256
0.32313
0.26181
0.3355
