0.16625
-0.032
0.05975
0.0735
0.18975
0.16125
0.05275
-0.00525
0.15375
0.2495
0.01625
-0.028
0.29
0.15275
0.111
-0.012
0.06075
0.0425
0.12625
0.077
0.33125
-0.001
0.15425
0.26875
0.13125
0.121
0.06875
-0.00175
0.20525
0.1845
0.1685
0.056
0.4165
0.389
0.016
0.20275
-0.063
0.0025
0.0725
0.11375
0.06725
0.2755
0.01875
0.09625
0.28325
0.0435
-0.0185
0.3015
0.102
0.24425
-0.001
0.24325
0.124
0.249
0.1185
0.14525
0.379
0.243
0.07825
0.1725
0.20825
0.05925
0.1165
0.17275
0.25325
0.26975
0.234
0.17675
0.182
0.2475
0.16425
0.21475
0.08425
0.2205
0.25475
-0.0705
0.26775
0.096
0.094
0.05275
0.09925
0.25725
0.16
0.13275
0.11675
0.05675
-0.00275
0.22925
0.358
0.2955
0.155
0.192
0.214
0.167
0.41875
0.11225
0.15075
0.30425
0.16775
