0.28604
0.29532
0.33236
0.2914
0.4328
0.47196
0.46024
0.2382
0.45564
0.35692
0.28544
0.2682
0.16612
0.39192
0.37152
0.4478
0.26644
0.3024
0.37416
0.30884
0.35812
0.44756
0.37088
0.24504
0.3412
0.45332
0.1892
0.23688
0.406
0.30844
0.34652
0.23
0.408
0.11172
0.2696
0.28572
0.3046
0.34296
0.51628
0.19932
0.25228
0.33272
0.42908
0.22524
0.2676
0.4138
0.4338
0.21476
0.27136
0.40316
0.19312
0.32716
0.15384
0.28788
0.26584
0.24128
0.38616
0.30764
0.12688
0.29928
0.13556
0.23152
0.13608
0.2472
0.31728
0.3008
0.25568
0.20692
0.15112
0.3558
0.20416
0.21472
0.3214
0.37944
0.29708
0.3158
0.22196
0.3934
0.21844
0.32272
0.25036
0.13284
0.44864
0.16808
0.22584
0.266
0.35944
0.21692
0.189
0.38324
0.31516
0.27328
0.41556
0.35204
0.41324
0.27244
0.24908
0.29728
0.22304
