0.35625
0.29669
0.56062
0.50219
0.37119
0.60563
0.47431
0.35825
0.38556
0.399
0.24013
0.29444
0.27069
0.71169
0.25862
0.69569
0.51175
0.30662
0.57656
0.757
0.27981
0.55594
0.23244
0.29487
0.58906
0.55675
0.302
0.45587
0.62725
0.482
0.64238
0.42581
0.28437
0.52063
0.34156
0.73581
0.41463
0.47844
0.69588
0.28687
0.45069
0.35325
0.45106
0.19969
0.36256
0.22138
0.45988
0.56488
0.46331
0.60994
0.31244
0.47769
0.31144
0.568
0.34531
0.62719
0.65081
0.63162
0.54106
0.47731
0.46169
0.52587
0.38694
0.56112
0.28219
0.41269
0.23631
0.68356
0.32825
0.36744
0.44588
0.30162
0.528
0.4775
0.43369
0.45413
0.27006
0.36063
0.41138
0.57194
0.46656
0.42463
0.463
0.42125
0.38494
0.44544
0.325
0.19744
0.6295
0.23488
0.32381
0.36106
0.69531
0.66269
0.47925
0.589
0.41031
0.6035
0.74469
