0.26925
0.0125
0.42175
0.21475
0.15075
0.51925
0.2605
0.232
0.205
0.159
0.16225
0.22325
-0.03075
0.53325
0.08925
0.376
0.3015
0.06225
0.40825
0.48425
0.044
0.3035
0.193
0.09925
0.428
0.154
0.1425
0.11075
0.2435
0.2175
0.36225
0.37675
0.3845
0.23375
0.202
0.333
0.193
0.4075
0.3085
-0.085
0.218
0.0625
0.37
0.089
0.054
0.09425
0.238
0.1185
0.28575
0.28975
0.07425
0.28775
0.16075
0.46175
0.26075
0.3005
0.5305
0.137
0.4105
0.14475
0.299
0.036
0.15675
0.227
0.35025
0.144
0.149
0.11875
0.245
0.236
0.12425
0.118
0.19825
0.344
0.18675
0.16225
0.063
0.2905
0.26
0.279
0.171
0.01775
0.3215
-0.01925
0.285
0.52425
0.12675
0.24575
0.26825
0.16625
0.06825
0.18825
0.34
0.5095
0.30625
0.3685
0.388
0.2735
0.28575
