0.4912
0.31275
0.41594
0.4735
0.19827
0.46363
0.52073
0.14342
0.53027
0.18392
0.18914
0.28573
-0.014328
0.48223
0.45175
0.37455
0.23556
0.22917
0.28164
0.43212
0.29559
0.38548
0.2855
0.50308
0.228
0.30112
0.20986
0.25969
0.34398
0.32339
0.31234
0.33786
0.25338
0.20438
0.49741
0.38856
0.38016
0.34766
0.45831
0.3798
0.25719
0.2197
0.3187
0.19953
0.25806
0.46753
0.22283
0.22639
0.43691
0.42214
0.18517
0.44575
0.27697
0.25114
0.40428
0.32128
0.46152
0.24963
0.27603
0.24666
0.31655
0.23444
0.33758
0.30881
0.22392
0.40961
0.44534
0.13748
0.12947
0.37717
0.18523
0.36536
0.40542
0.26259
0.33427
0.31791
0.21012
0.2935
0.25694
0.37786
0.30309
0.172
0.42959
0.30762
0.21609
0.19364
0.36097
0.28863
0.27925
0.55295
0.14217
0.3877
0.51703
0.26456
0.40983
0.44045
0.33252
0.25638
0.33637
