0.224
0.4815
0.124
0.16075
0.195
0.326
0.0455
0.786
0.085
0.1585
0.3455
0.44075
0.95225
0.1565
0.181
0.2645
0.435
0.36525
0.15675
-0.03775
0.28475
0.2325
0.34375
0.4465
0.3315
0.21375
0.32375
0.35725
0.4415
0.59125
0.493
0.3665
0.25875
0.391
0.30475
0.147
0.33375
-0.03925
0.206
0.2935
0.2035
0.37475
0.27625
0.37475
0.47625
0.67
0.43725
0.0645
0.46875
0.251
0.52125
0.173
0.344
0.4165
0.3425
0.53925
0.30825
0.4095
0.357
0.24925
0.2305
0.325
0.05475
0.01625
0.2205
0.4105
0.2065
0.4685
0.354
0.404
0.4185
0.27725
0.3
0.44125
0.4205
0.00675
0.11475
0.1795
0.46
0.3395
0.18675
0.34125
0.574
0.1555
0.32925
0.32075
0.5095
0.28825
0.0075
0.3045
0.441
0.4195
0.754
0.23775
0.29475
0.47575
0.00625
0.1525
0.3085
