0.81167
0.75478
0.505
0.38067
0.76944
0.41933
0.49278
0.56944
0.49533
0.53556
0.47111
0.57
0.71156
0.62611
0.37156
0.61311
0.70433
0.56711
0.52511
0.53078
0.44889
0.55833
0.61567
0.603
0.40989
0.53678
0.49544
0.514
0.57178
0.55533
0.84511
0.48711
0.66333
0.55533
0.87722
0.45611
0.40256
0.59844
0.62789
0.80444
0.70656
0.52689
0.59389
0.71656
0.61356
0.76644
0.56456
0.33256
0.64156
0.64678
0.56967
0.41333
0.51733
0.80133
0.74722
0.85233
0.594
0.60144
0.63411
0.60656
0.883
0.50156
0.33122
0.607
0.53089
0.67633
0.28033
0.46411
0.68267
0.66822
0.56256
0.58233
0.54411
0.532
0.77822
0.26022
0.39167
0.473
0.50311
0.40833
0.42644
0.63978
0.86767
0.45889
0.37989
0.47111
0.539
0.68856
0.60233
0.47978
0.38889
0.57456
0.81678
0.64433
0.493
0.53956
0.42078
0.63678
0.50589
