14.62
14.92
14.97
14.99
15.01
15.15
15.38
15.45
15.56
15.57
15.58
15.60
15.66
15.66
15.72
15.73
15.74
15.77
15.84
15.85
15.90
15.98
16.01
16.01
16.05
16.07
16.12
16.13
16.16
16.17
16.17
16.18
16.18
16.18
16.19
16.19
16.23
16.26
16.26
16.26
16.28
16.28
16.32
16.32
16.32
16.33
16.34
16.34
16.34
16.35
16.35
16.36
16.39
16.40
16.40
16.42
16.42
16.42
16.46
16.46
16.46
16.47
16.49
16.50
16.50
16.51
16.51
16.51
16.54
16.54
16.54
16.55
16.55
16.55
16.55
16.56
16.57
16.57
16.58
16.58
16.60
16.61
16.62
16.62
16.63
16.64
16.65
16.65
16.66
16.67
16.68
16.69
16.69
16.69
16.70
16.70
16.71
16.73
16.73
16.74
16.74
16.74
16.77
16.77
16.78
16.78
16.78
16.79
16.79
16.79
16.79
16.80
16.80
16.81
16.83
16.85
16.85
16.85
16.86
16.86
16.87
16.87
16.88
16.88
16.88
16.88
16.90
16.90
16.90
16.90
16.91
16.91
16.91
16.91
16.93
16.93
16.93
16.94
16.94
16.94
16.95
16.97
16.97
16.98
16.99
16.99
16.99
17.00
17.00
17.01
17.01
17.01
17.01
17.01
17.02
17.03
17.03
17.04
17.04
17.05
17.06
17.08
17.09
17.10
17.10
17.11
17.11
17.12
17.12
17.12
17.13
17.14
17.14
17.14
17.15
17.15
17.15
17.16
17.16
17.17
17.17
17.18
17.18
17.18
17.18
17.18
17.18
17.19
17.19
17.19
17.21
17.21
17.21
17.22
17.22
17.23
17.23
17.24
17.24
17.25
17.27
17.28
17.28
17.29
17.29
17.30
17.31
17.31
17.31
17.32
17.32
17.32
17.32
17.32
17.34
17.34
17.34
17.34
17.34
17.34
17.34
17.34
17.35
17.36
17.36
17.37
17.37
17.37
17.37
17.38
17.39
17.39
17.40
17.40
17.40
17.41
17.41
17.41
17.42
17.42
17.42
17.42
17.43
17.43
17.43
17.43
17.43
17.43
17.44
17.45
17.45
17.45
17.46
17.46
17.46
17.47
17.47
17.47
17.48
17.48
17.49
17.49
17.49
17.49
17.50
17.50
17.51
17.51
17.51
17.52
17.52
17.52
17.52
17.52
17.53
17.53
17.53
17.53
17.54
17.54
17.55
17.55
17.55
17.56
17.56
17.56
17.56
17.57
17.58
17.58
17.58
17.58
17.58
17.59
17.59
17.59
17.59
17.59
17.60
17.60
17.61
17.61
17.61
17.62
17.62
17.63
17.63
17.63
17.63
17.64
17.64
17.65
17.66
17.67
17.67
17.67
17.67
17.67
17.67
17.68
17.68
17.68
17.68
17.68
17.68
17.68
17.68
17.69
17.69
17.69
17.70
17.70
17.70
17.70
17.70
17.70
17.70
17.70
17.70
17.70
17.71
17.72
17.72
17.72
17.72
17.73
17.73
17.73
17.73
17.74
17.74
17.75
17.75
17.75
17.76
17.76
17.77
17.77
17.77
17.78
17.78
17.78
17.78
17.78
17.78
17.78
17.79
17.79
17.79
17.79
17.80
17.81
17.81
17.81
17.81
17.81
17.81
17.81
17.81
17.82
17.83
17.83
17.83
17.83
17.83
17.83
17.84
17.86
17.87
17.87
17.87
17.88
17.88
17.89
17.89
17.89
17.89
17.89
17.90
17.90
17.92
17.92
17.92
17.92
17.92
17.93
17.93
17.94
17.94
17.95
17.95
17.95
17.96
17.97
17.97
17.97
17.98
17.98
17.98
17.99
17.99
17.99
17.99
17.99
17.99
18.00
18.00
18.00
18.01
18.02
18.02
18.02
18.03
18.03
18.03
18.03
18.04
18.05
18.05
18.05
18.05
18.05
18.06
18.06
18.06
18.06
18.06
18.07
18.07
18.07
18.08
18.09
18.09
18.10
18.10
18.10
18.11
18.11
18.11
18.11
18.11
18.12
18.12
18.12
18.12
18.13
18.13
18.14
18.15
18.15
18.15
18.16
18.17
18.18
18.18
18.18
18.19
18.19
18.19
18.19
18.19
18.20
18.20
18.20
18.20
18.21
18.22
18.22
18.22
18.23
18.23
18.23
18.23
18.23
18.24
18.24
18.24
18.24
18.24
18.25
18.25
18.25
18.25
18.25
18.25
18.26
18.26
18.26
18.27
18.27
18.28
18.28
18.29
18.30
18.30
18.30
18.30
18.30
18.31
18.32
18.32
18.32
18.33
18.33
18.33
18.33
18.34
18.34
18.34
18.34
18.35
18.36
18.36
18.37
18.38
18.38
18.38
18.39
18.39
18.40
18.40
18.41
18.41
18.41
18.41
18.41
18.41
18.41
18.41
18.42
18.43
18.43
18.43
18.43
18.43
18.43
18.44
18.44
18.45
18.45
18.46
18.46
18.47
18.47
18.48
18.49
18.49
18.49
18.50
18.50
18.51
18.52
18.52
18.53
18.54
18.54
18.54
18.54
18.56
18.57
18.57
18.57
18.58
18.58
18.58
18.58
18.59
18.59
18.60
18.60
18.61
18.61
18.61
18.62
18.62
18.63
18.64
18.64
18.64
18.65
18.65
18.66
18.67
18.68
18.68
18.68
18.68
18.69
18.69
18.70
18.71
18.71
18.71
18.71
18.71
18.72
18.72
18.72
18.72
18.72
18.72
18.73
18.73
18.73
18.74
18.75
18.77
18.77
18.78
18.79
18.79
18.81
18.81
18.82
18.82
18.82
18.84
18.84
18.84
18.88
18.88
18.88
18.89
18.90
18.92
18.92
18.92
18.93
18.94
18.94
18.95
18.95
18.96
18.97
18.97
18.97
18.99
19.01
19.01
19.01
19.02
19.02
19.03
19.04
19.11
19.14
19.14
19.14
19.14
19.16
19.19
19.19
19.20
19.22
19.22
19.23
19.24
19.26
19.27
19.28
19.29
19.29
19.30
19.32
19.32
19.34
19.34
19.35
19.38
19.39
19.40
19.40
19.43
19.45
19.46
19.48
19.50
19.50
19.52
19.52
19.53
19.54
19.60
19.68
19.73
19.75
19.76
19.79
19.81
19.81
19.96
20.03
20.16
20.73
21.13
21.22
21.78
22.04
22.14
23.24
24.04
