1.826
1.851
1.958
1.974
1.980
2.037
2.113
2.121
2.133
2.148
2.163
2.163
2.177
2.193
2.197
2.203
2.220
2.241
2.249
2.265
2.268
2.275
2.282
2.293
2.306
2.308
2.317
2.318
2.321
2.326
2.326
2.327
2.329
2.345
2.350
2.355
2.355
2.360
2.383
2.390
2.391
2.393
2.399
2.400
2.403
2.403
2.405
2.410
2.414
2.420
2.423
2.424
2.426
2.427
2.430
2.431
2.431
2.433
2.434
2.436
2.438
2.439
2.439
2.442
2.445
2.446
2.447
2.449
2.451
2.452
2.453
2.455
2.455
2.458
2.464
2.464
2.464
2.472
2.474
2.474
2.475
2.477
2.479
2.482
2.484
2.486
2.495
2.495
2.497
2.501
2.503
2.504
2.504
2.505
2.506
2.506
2.507
2.507
2.508
2.509
2.509
2.510
2.511
2.513
2.513
2.516
2.517
2.517
2.518
2.525
2.525
2.528
2.529
2.531
2.531
2.532
2.534
2.534
2.538
2.546
2.547
2.549
2.550
2.552
2.555
2.556
2.556
2.557
2.557
2.557
2.559
2.561
2.561
2.562
2.564
2.564
2.564
2.566
2.567
2.568
2.569
2.572
2.572
2.573
2.574
2.575
2.576
2.576
2.576
2.577
2.578
2.579
2.580
2.581
2.583
2.583
2.584
2.585
2.586
2.586
2.587
2.590
2.590
2.591
2.591
2.593
2.593
2.593
2.595
2.595
2.595
2.597
2.599
2.601
2.602
2.602
2.604
2.605
2.606
2.606
2.606
2.610
2.611
2.611
2.612
2.612
2.615
2.615
2.615
2.616
2.617
2.618
2.619
2.621
2.624
2.625
2.625
2.625
2.626
2.626
2.627
2.627
2.627
2.628
2.636
2.637
2.637
2.638
2.638
2.638
2.640
2.641
2.641
2.641
2.641
2.643
2.643
2.644
2.644
2.644
2.645
2.646
2.647
2.654
2.655
2.655
2.656
2.656
2.660
2.660
2.661
2.661
2.662
2.662
2.666
2.666
2.667
2.668
2.671
2.671
2.673
2.674
2.674
2.674
2.675
2.676
2.677
2.677
2.677
2.677
2.679
2.680
2.682
2.683
2.683
2.684
2.685
2.687
2.687
2.688
2.689
2.689
2.689
2.689
2.689
2.689
2.690
2.691
2.692
2.694
2.696
2.696
2.696
2.697
2.697
2.698
2.701
2.701
2.703
2.706
2.707
2.710
2.711
2.713
2.714
2.719
2.720
2.721
2.723
2.723
2.725
2.725
2.728
2.729
2.732
2.734
2.734
2.735
2.739
2.739
2.740
2.743
2.744
2.744
2.747
2.748
2.749
2.749
2.750
2.751
2.752
2.752
2.754
2.756
2.757
2.757
2.758
2.758
2.759
2.760
2.761
2.763
2.764
2.764
2.765
2.765
2.766
2.766
2.768
2.768
2.768
2.769
2.771
2.771
2.772
2.773
2.773
2.776
2.777
2.778
2.780
2.781
2.783
2.785
2.786
2.788
2.788
2.789
2.789
2.789
2.789
2.790
2.791
2.791
2.792
2.792
2.793
2.793
2.793
2.795
2.797
2.798
2.798
2.798
2.799
2.800
2.800
2.801
2.805
2.807
2.814
2.815
2.816
2.816
2.816
2.817
2.819
2.820
2.821
2.822
2.822
2.824
2.825
2.825
2.826
2.828
2.828
2.831
2.831
2.833
2.833
2.833
2.834
2.834
2.835
2.836
2.838
2.839
2.840
2.844
2.844
2.845
2.846
2.847
2.849
2.849
2.850
2.850
2.852
2.852
2.858
2.858
2.858
2.858
2.859
2.859
2.860
2.860
2.861
2.862
2.863
2.865
2.865
2.866
2.866
2.866
2.867
2.868
2.869
2.869
2.870
2.872
2.873
2.873
2.873
2.875
2.875
2.876
2.876
2.877
2.877
2.877
2.877
2.879
2.880
2.882
2.883
2.883
2.883
2.883
2.884
2.886
2.887
2.889
2.890
2.892
2.895
2.897
2.898
2.899
2.900
2.900
2.901
2.901
2.902
2.902
2.903
2.903
2.905
2.907
2.907
2.909
2.909
2.910
2.910
2.911
2.911
2.911
2.911
2.913
2.915
2.917
2.917
2.917
2.917
2.918
2.919
2.920
2.920
2.921
2.921
2.922
2.922
2.923
2.923
2.923
2.924
2.925
2.926
2.929
2.931
2.932
2.932
2.932
2.933
2.935
2.939
2.940
2.941
2.942
2.942
2.944
2.944
2.944
2.945
2.946
2.948
2.948
2.949
2.950
2.951
2.953
2.954
2.955
2.955
2.956
2.956
2.957
2.958
2.959
2.960
2.962
2.962
2.962
2.964
2.965
2.966
2.971
2.971
2.973
2.975
2.976
2.976
2.977
2.978
2.978
2.978
2.986
2.987
2.988
2.991
2.992
2.992
2.995
2.997
2.998
2.999
3.001
3.007
3.008
3.009
3.010
3.011
3.011
3.012
3.013
3.013
3.016
3.017
3.018
3.020
3.021
3.022
3.023
3.024
3.026
3.027
3.027
3.028
3.029
3.030
3.031
3.033
3.034
3.034
3.034
3.035
3.036
3.036
3.036
3.037
3.037
3.043
3.044
3.047
3.048
3.048
3.049
3.050
3.050
3.050
3.051
3.054
3.056
3.056
3.058
3.062
3.063
3.064
3.065
3.066
3.068
3.069
3.069
3.070
3.071
3.071
3.072
3.072
3.076
3.076
3.076
3.077
3.078
3.079
3.083
3.083
3.085
3.087
3.090
3.091
3.093
3.097
3.097
3.099
3.100
3.101
3.102
3.103
3.104
3.105
3.109
3.113
3.113
3.115
3.119
3.119
3.119
3.120
3.120
3.123
3.130
3.131
3.132
3.132
3.133
3.136
3.143
3.144
3.145
3.145
3.148
3.149
3.155
3.156
3.156
3.158
3.162
3.164
3.168
3.175
3.176
3.179
3.187
3.188
3.196
3.196
3.197
3.199
3.199
3.208
3.210
3.211
3.211
3.212
3.215
3.216
3.217
3.217
3.219
3.221
3.223
3.229
3.229
3.234
3.235
3.241
3.248
3.249
3.252
3.260
3.261
3.261
3.268
3.269
3.273
3.277
3.280
3.282
3.300
3.321
3.327
3.343
3.354
3.384
3.402
3.452
3.520
3.540
3.543
3.588
3.591
