2.071
2.255
2.299
2.304
2.304
2.341
2.364
2.377
2.392
2.395
2.396
2.405
2.407
2.415
2.424
2.425
2.428
2.432
2.432
2.439
2.443
2.446
2.449
2.450
2.454
2.462
2.463
2.464
2.464
2.466
2.469
2.470
2.471
2.472
2.472
2.474
2.477
2.479
2.482
2.482
2.483
2.485
2.488
2.493
2.494
2.496
2.499
2.501
2.502
2.506
2.510
2.524
2.526
2.530
2.531
2.532
2.533
2.535
2.535
2.538
2.538
2.543
2.548
2.549
2.553
2.556
2.556
2.556
2.566
2.573
2.573
2.576
2.576
2.580
2.583
2.583
2.583
2.584
2.584
2.585
2.590
2.590
2.590
2.590
2.590
2.591
2.592
2.594
2.596
2.597
2.597
2.602
2.603
2.603
2.603
2.610
2.613
2.615
2.619
2.620
2.625
2.625
2.625
2.626
2.628
2.628
2.630
2.630
2.631
2.631
2.632
2.632
2.633
2.634
2.634
2.636
2.636
2.643
2.643
2.644
2.652
2.653
2.653
2.655
2.657
2.657
2.657
2.658
2.658
2.665
2.665
2.666
2.668
2.668
2.670
2.670
2.671
2.673
2.673
2.674
2.674
2.674
2.675
2.675
2.675
2.678
2.678
2.681
2.681
2.685
2.686
2.688
2.689
2.690
2.691
2.691
2.691
2.694
2.694
2.696
2.698
2.699
2.699
2.704
2.704
2.709
2.711
2.711
2.713
2.713
2.715
2.715
2.716
2.716
2.717
2.718
2.720
2.720
2.721
2.721
2.722
2.722
2.722
2.724
2.725
2.725
2.725
2.725
2.726
2.727
2.732
2.733
2.733
2.734
2.734
2.736
2.739
2.740
2.741
2.741
2.742
2.742
2.743
2.745
2.746
2.747
2.747
2.747
2.748
2.749
2.750
2.753
2.755
2.755
2.755
2.756
2.756
2.757
2.759
2.760
2.760
2.762
2.764
2.765
2.765
2.766
2.767
2.768
2.768
2.769
2.770
2.770
2.770
2.772
2.772
2.774
2.774
2.775
2.775
2.776
2.779
2.780
2.780
2.782
2.785
2.786
2.786
2.786
2.787
2.790
2.790
2.791
2.791
2.792
2.794
2.794
2.794
2.795
2.796
2.796
2.797
2.802
2.803
2.803
2.803
2.804
2.804
2.804
2.806
2.807
2.808
2.809
2.809
2.809
2.810
2.810
2.811
2.812
2.812
2.812
2.815
2.815
2.816
2.816
2.816
2.817
2.818
2.818
2.819
2.820
2.820
2.821
2.821
2.822
2.822
2.823
2.823
2.825
2.826
2.826
2.826
2.827
2.827
2.827
2.827
2.828
2.828
2.829
2.830
2.831
2.832
2.835
2.835
2.837
2.837
2.837
2.837
2.838
2.840
2.840
2.841
2.844
2.844
2.845
2.846
2.846
2.846
2.849
2.849
2.851
2.851
2.853
2.854
2.854
2.854
2.854
2.856
2.857
2.857
2.857
2.858
2.858
2.859
2.859
2.859
2.860
2.862
2.863
2.864
2.864
2.866
2.866
2.866
2.868
2.869
2.872
2.874
2.874
2.875
2.876
2.876
2.877
2.877
2.878
2.879
2.879
2.883
2.884
2.886
2.886
2.887
2.887
2.887
2.888
2.889
2.892
2.893
2.894
2.896
2.897
2.897
2.898
2.901
2.901
2.901
2.901
2.902
2.903
2.903
2.904
2.905
2.906
2.906
2.906
2.907
2.908
2.910
2.910
2.911
2.912
2.913
2.913
2.914
2.916
2.917
2.917
2.919
2.920
2.921
2.922
2.923
2.925
2.926
2.926
2.926
2.928
2.929
2.930
2.933
2.933
2.933
2.933
2.935
2.936
2.936
2.937
2.939
2.941
2.942
2.942
2.943
2.943
2.946
2.947
2.947
2.948
2.948
2.949
2.950
2.950
2.951
2.952
2.954
2.954
2.954
2.955
2.956
2.957
2.957
2.957
2.958
2.959
2.959
2.961
2.961
2.961
2.963
2.964
2.964
2.965
2.966
2.967
2.967
2.968
2.968
2.969
2.972
2.973
2.973
2.975
2.981
2.981
2.982
2.983
2.984
2.984
2.985
2.985
2.986
2.991
2.992
2.995
2.995
2.996
2.997
2.997
2.997
2.997
3.000
3.002
3.002
3.003
3.005
3.006
3.007
3.010
3.012
3.013
3.014
3.014
3.016
3.016
3.017
3.018
3.020
3.021
3.021
3.021
3.022
3.022
3.022
3.024
3.025
3.028
3.029
3.029
3.031
3.031
3.036
3.037
3.038
3.038
3.039
3.039
3.040
3.041
3.041
3.043
3.047
3.048
3.050
3.050
3.050
3.053
3.053
3.057
3.059
3.059
3.061
3.062
3.064
3.065
3.066
3.069
3.073
3.073
3.075
3.076
3.077
3.078
3.079
3.079
3.080
3.081
3.081
3.081
3.084
3.087
3.087
3.088
3.088
3.088
3.090
3.093
3.095
3.096
3.098
3.098
3.100
3.100
3.103
3.104
3.107
3.107
3.108
3.109
3.111
3.112
3.113
3.114
3.115
3.116
3.117
3.117
3.120
3.122
3.122
3.122
3.123
3.125
3.128
3.129
3.131
3.131
3.132
3.133
3.135
3.139
3.140
3.142
3.142
3.145
3.154
3.155
3.157
3.162
3.165
3.172
3.175
3.177
3.177
3.178
3.182
3.183
3.184
3.187
3.187
3.190
3.195
3.198
3.200
3.201
3.201
3.203
3.203
3.204
3.207
3.208
3.209
3.210
3.211
3.216
3.221
3.225
3.226
3.227
3.228
3.232
3.233
3.240
3.241
3.244
3.244
3.245
3.246
3.248
3.252
3.257
3.260
3.265
3.268
3.270
3.276
3.276
3.282
3.290
3.292
3.293
3.301
3.302
3.302
3.305
3.306
3.307
3.307
3.313
3.314
3.317
3.321
3.321
3.329
3.335
3.338
3.339
3.339
3.339
3.340
3.341
3.348
3.357
3.362
3.378
3.385
3.388
3.390
3.395
3.400
3.404
3.408
3.412
3.419
3.423
3.423
3.426
3.427
3.444
3.446
3.451
3.461
3.473
3.482
3.486
3.490
3.493
3.500
3.512
3.514
3.519
3.522
3.524
3.539
3.561
3.572
3.583
3.586
3.602
3.604
3.614
3.615
3.640
3.669
3.700
