2.363
2.413
2.416
2.423
2.437
2.447
2.457
2.469
2.469
2.474
2.474
2.475
2.475
2.479
2.479
2.479
2.483
2.483
2.483
2.494
2.495
2.495
2.497
2.497
2.498
2.501
2.501
2.502
2.506
2.508
2.509
2.511
2.511
2.511
2.515
2.516
2.519
2.523
2.524
2.524
2.525
2.525
2.526
2.527
2.527
2.529
2.530
2.530
2.531
2.531
2.531
2.532
2.532
2.533
2.533
2.538
2.538
2.539
2.539
2.540
2.542
2.543
2.543
2.543
2.544
2.545
2.545
2.547
2.548
2.549
2.549
2.549
2.552
2.553
2.554
2.555
2.556
2.557
2.558
2.560
2.561
2.561
2.561
2.562
2.563
2.563
2.564
2.564
2.566
2.566
2.566
2.567
2.567
2.567
2.568
2.569
2.570
2.571
2.573
2.574
2.575
2.576
2.576
2.577
2.580
2.580
2.580
2.581
2.583
2.583
2.584
2.585
2.588
2.588
2.588
2.589
2.590
2.591
2.592
2.592
2.593
2.594
2.594
2.595
2.595
2.598
2.598
2.599
2.599
2.599
2.599
2.599
2.599
2.600
2.600
2.602
2.602
2.602
2.603
2.604
2.605
2.605
2.606
2.606
2.606
2.607
2.607
2.607
2.610
2.610
2.610
2.610
2.611
2.611
2.613
2.613
2.614
2.614
2.614
2.615
2.616
2.616
2.616
2.617
2.617
2.617
2.618
2.619
2.619
2.620
2.620
2.621
2.621
2.621
2.622
2.623
2.623
2.625
2.626
2.626
2.627
2.627
2.628
2.628
2.628
2.629
2.630
2.630
2.631
2.632
2.632
2.632
2.632
2.633
2.633
2.633
2.634
2.634
2.634
2.635
2.635
2.635
2.635
2.636
2.636
2.637
2.637
2.638
2.638
2.638
2.638
2.638
2.638
2.640
2.641
2.641
2.641
2.643
2.644
2.645
2.645
2.645
2.646
2.646
2.646
2.647
2.647
2.648
2.648
2.648
2.648
2.649
2.650
2.650
2.650
2.650
2.651
2.651
2.652
2.652
2.652
2.652
2.653
2.653
2.653
2.654
2.654
2.654
2.655
2.655
2.655
2.655
2.656
2.656
2.657
2.657
2.657
2.657
2.659
2.660
2.660
2.661
2.661
2.661
2.661
2.661
2.662
2.662
2.663
2.663
2.663
2.663
2.664
2.664
2.664
2.664
2.665
2.666
2.666
2.667
2.667
2.667
2.667
2.667
2.668
2.668
2.668
2.668
2.669
2.669
2.669
2.669
2.670
2.670
2.671
2.671
2.672
2.674
2.675
2.675
2.675
2.675
2.676
2.676
2.677
2.677
2.678
2.679
2.679
2.679
2.679
2.680
2.681
2.681
2.681
2.681
2.682
2.682
2.682
2.682
2.682
2.683
2.683
2.683
2.684
2.684
2.684
2.686
2.686
2.687
2.687
2.688
2.688
2.688
2.688
2.689
2.689
2.689
2.689
2.690
2.690
2.690
2.691
2.691
2.691
2.692
2.692
2.693
2.693
2.694
2.694
2.695
2.696
2.697
2.697
2.697
2.697
2.698
2.698
2.699
2.700
2.700
2.701
2.701
2.702
2.703
2.703
2.703
2.703
2.704
2.704
2.704
2.704
2.705
2.706
2.706
2.707
2.708
2.708
2.708
2.708
2.708
2.708
2.709
2.710
2.710
2.711
2.712
2.713
2.714
2.714
2.714
2.715
2.715
2.716
2.716
2.716
2.716
2.716
2.716
2.716
2.716
2.717
2.718
2.718
2.719
2.719
2.720
2.720
2.721
2.721
2.721
2.721
2.721
2.722
2.722
2.722
2.723
2.723
2.724
2.724
2.724
2.724
2.725
2.725
2.725
2.726
2.726
2.726
2.726
2.726
2.728
2.729
2.729
2.729
2.729
2.730
2.730
2.731
2.732
2.732
2.732
2.732
2.733
2.733
2.733
2.734
2.734
2.734
2.734
2.736
2.736
2.737
2.737
2.737
2.738
2.739
2.739
2.739
2.741
2.741
2.741
2.741
2.742
2.742
2.742
2.743
2.743
2.743
2.743
2.744
2.745
2.745
2.746
2.747
2.748
2.748
2.750
2.750
2.750
2.750
2.751
2.751
2.751
2.752
2.752
2.752
2.752
2.752
2.753
2.754
2.754
2.755
2.756
2.758
2.759
2.759
2.760
2.760
2.762
2.762
2.762
2.762
2.763
2.764
2.764
2.766
2.767
2.767
2.767
2.768
2.768
2.770
2.771
2.772
2.772
2.772
2.773
2.773
2.774
2.774
2.775
2.775
2.775
2.776
2.776
2.776
2.777
2.777
2.778
2.778
2.780
2.781
2.782
2.784
2.784
2.784
2.785
2.785
2.786
2.787
2.787
2.788
2.788
2.788
2.789
2.789
2.789
2.790
2.790
2.791
2.793
2.793
2.793
2.793
2.794
2.794
2.794
2.795
2.796
2.796
2.797
2.797
2.797
2.797
2.798
2.798
2.798
2.799
2.800
2.800
2.800
2.800
2.801
2.802
2.802
2.804
2.804
2.804
2.804
2.804
2.804
2.805
2.805
2.805
2.806
2.807
2.807
2.808
2.809
2.809
2.810
2.811
2.812
2.813
2.813
2.813
2.813
2.815
2.815
2.816
2.817
2.818
2.820
2.820
2.821
2.821
2.821
2.822
2.822
2.823
2.823
2.823
2.824
2.824
2.830
2.832
2.833
2.833
2.833
2.833
2.834
2.834
2.834
2.836
2.836
2.838
2.838
2.839
2.840
2.841
2.841
2.841
2.842
2.844
2.845
2.846
2.846
2.850
2.851
2.851
2.852
2.856
2.856
2.857
2.858
2.858
2.860
2.860
2.861
2.862
2.863
2.863
2.863
2.864
2.865
2.865
2.866
2.866
2.868
2.868
2.872
2.872
2.872
2.874
2.874
2.878
2.878
2.880
2.882
2.883
2.884
2.884
2.885
2.887
2.888
2.892
2.893
2.893
2.894
2.894
2.896
2.905
2.905
2.907
2.909
2.909
2.910
2.911
2.911
2.913
2.914
2.915
2.916
2.917
2.923
2.925
2.929
2.929
2.932
2.940
2.941
2.943
2.943
2.946
2.951
2.958
2.959
2.961
2.963
2.971
2.972
2.976
2.995
3.016
3.020
3.030
3.034
3.040
3.045
3.047
3.056
