2.257
2.299
2.330
2.332
2.368
2.369
2.376
2.378
2.395
2.420
2.421
2.426
2.437
2.442
2.444
2.445
2.449
2.450
2.451
2.452
2.452
2.464
2.466
2.467
2.468
2.470
2.475
2.475
2.477
2.478
2.479
2.485
2.485
2.486
2.486
2.487
2.491
2.492
2.494
2.495
2.498
2.499
2.499
2.500
2.502
2.507
2.508
2.508
2.510
2.512
2.514
2.515
2.521
2.521
2.526
2.527
2.528
2.528
2.530
2.531
2.532
2.534
2.537
2.537
2.537
2.538
2.540
2.541
2.542
2.542
2.544
2.547
2.548
2.550
2.551
2.551
2.552
2.553
2.554
2.554
2.558
2.559
2.561
2.561
2.562
2.566
2.566
2.568
2.570
2.570
2.572
2.572
2.575
2.577
2.577
2.577
2.579
2.583
2.585
2.586
2.587
2.587
2.588
2.589
2.589
2.590
2.590
2.591
2.593
2.594
2.594
2.595
2.596
2.597
2.598
2.598
2.600
2.601
2.601
2.602
2.602
2.602
2.603
2.606
2.606
2.606
2.607
2.609
2.610
2.611
2.612
2.612
2.612
2.612
2.612
2.614
2.615
2.615
2.615
2.616
2.618
2.618
2.618
2.619
2.619
2.620
2.621
2.621
2.622
2.622
2.623
2.623
2.624
2.624
2.625
2.626
2.626
2.628
2.628
2.629
2.629
2.629
2.629
2.629
2.629
2.630
2.631
2.632
2.632
2.633
2.633
2.634
2.635
2.635
2.635
2.636
2.637
2.637
2.637
2.637
2.637
2.638
2.638
2.639
2.639
2.639
2.639
2.640
2.641
2.641
2.642
2.643
2.644
2.644
2.644
2.645
2.647
2.647
2.648
2.648
2.649
2.650
2.650
2.651
2.651
2.652
2.652
2.652
2.653
2.654
2.655
2.655
2.655
2.655
2.656
2.657
2.657
2.658
2.658
2.658
2.659
2.659
2.659
2.659
2.659
2.659
2.659
2.660
2.660
2.660
2.661
2.662
2.663
2.663
2.664
2.664
2.665
2.665
2.665
2.666
2.666
2.667
2.668
2.668
2.670
2.670
2.670
2.671
2.671
2.671
2.672
2.673
2.673
2.673
2.674
2.675
2.675
2.675
2.676
2.676
2.676
2.677
2.677
2.678
2.678
2.678
2.679
2.679
2.679
2.680
2.680
2.680
2.681
2.682
2.682
2.682
2.683
2.683
2.684
2.685
2.686
2.686
2.687
2.687
2.688
2.690
2.692
2.692
2.692
2.692
2.692
2.692
2.694
2.694
2.694
2.697
2.697
2.698
2.698
2.698
2.698
2.699
2.700
2.700
2.700
2.700
2.701
2.701
2.701
2.702
2.703
2.703
2.703
2.703
2.703
2.704
2.705
2.705
2.705
2.705
2.707
2.707
2.707
2.707
2.708
2.708
2.709
2.709
2.710
2.710
2.710
2.711
2.712
2.712
2.712
2.713
2.713
2.714
2.715
2.716
2.717
2.717
2.717
2.718
2.719
2.719
2.719
2.721
2.722
2.723
2.723
2.724
2.724
2.724
2.724
2.724
2.726
2.727
2.727
2.727
2.728
2.728
2.729
2.729
2.729
2.729
2.730
2.731
2.731
2.731
2.731
2.732
2.732
2.733
2.733
2.733
2.733
2.734
2.734
2.736
2.736
2.736
2.737
2.737
2.737
2.737
2.739
2.739
2.740
2.740
2.742
2.742
2.742
2.742
2.743
2.743
2.744
2.744
2.744
2.745
2.745
2.746
2.747
2.748
2.748
2.748
2.748
2.748
2.749
2.749
2.749
2.749
2.750
2.751
2.751
2.752
2.753
2.754
2.754
2.755
2.755
2.755
2.756
2.756
2.757
2.757
2.758
2.758
2.759
2.759
2.759
2.759
2.759
2.759
2.759
2.760
2.760
2.761
2.761
2.763
2.763
2.763
2.764
2.764
2.765
2.765
2.766
2.766
2.766
2.766
2.767
2.767
2.767
2.768
2.768
2.769
2.770
2.771
2.772
2.772
2.773
2.773
2.773
2.774
2.774
2.774
2.776
2.776
2.776
2.777
2.777
2.777
2.778
2.778
2.778
2.778
2.778
2.778
2.779
2.779
2.780
2.780
2.781
2.782
2.782
2.783
2.783
2.783
2.785
2.786
2.788
2.788
2.789
2.790
2.791
2.791
2.791
2.792
2.792
2.792
2.792
2.792
2.792
2.793
2.794
2.794
2.795
2.795
2.796
2.797
2.797
2.799
2.799
2.800
2.800
2.800
2.801
2.801
2.802
2.802
2.803
2.803
2.804
2.804
2.804
2.804
2.804
2.805
2.807
2.807
2.808
2.808
2.808
2.809
2.809
2.810
2.810
2.813
2.813
2.813
2.814
2.814
2.814
2.815
2.815
2.815
2.815
2.815
2.816
2.816
2.817
2.817
2.819
2.819
2.819
2.820
2.820
2.822
2.823
2.823
2.824
2.824
2.825
2.825
2.825
2.826
2.826
2.827
2.827
2.828
2.828
2.829
2.830
2.830
2.830
2.831
2.832
2.832
2.832
2.834
2.835
2.837
2.838
2.839
2.839
2.840
2.841
2.841
2.842
2.843
2.844
2.845
2.845
2.846
2.846
2.848
2.849
2.851
2.851
2.851
2.852
2.852
2.852
2.853
2.854
2.855
2.855
2.856
2.857
2.859
2.859
2.859
2.860
2.861
2.862
2.862
2.862
2.862
2.867
2.868
2.868
2.868
2.869
2.869
2.871
2.871
2.872
2.874
2.875
2.875
2.876
2.878
2.878
2.879
2.879
2.879
2.880
2.881
2.881
2.882
2.883
2.884
2.887
2.888
2.889
2.890
2.891
2.893
2.893
2.894
2.894
2.897
2.898
2.899
2.900
2.901
2.901
2.901
2.904
2.904
2.908
2.908
2.909
2.911
2.913
2.914
2.918
2.920
2.921
2.921
2.922
2.925
2.926
2.927
2.928
2.929
2.931
2.933
2.933
2.934
2.943
2.943
2.946
2.946
2.951
2.954
2.963
2.965
2.966
2.969
2.969
2.970
2.974
2.976
2.976
2.978
2.978
2.983
2.991
2.994
2.996
3.001
3.002
3.002
3.002
3.004
3.004
3.007
3.016
3.021
3.025
3.028
3.038
3.041
3.068
3.069
3.070
3.070
3.083
3.103
3.103
3.234
