1.703
1.710
1.716
1.729
1.733
1.742
1.752
1.757
1.767
1.773
1.784
1.790
1.791
1.792
1.799
1.801
1.802
1.806
1.807
1.807
1.809
1.811
1.814
1.815
1.817
1.821
1.823
1.823
1.824
1.827
1.828
1.828
1.830
1.834
1.834
1.835
1.836
1.838
1.839
1.840
1.840
1.841
1.841
1.841
1.842
1.842
1.842
1.844
1.845
1.846
1.848
1.849
1.849
1.849
1.850
1.850
1.851
1.851
1.853
1.853
1.853
1.856
1.856
1.857
1.857
1.858
1.860
1.860
1.860
1.861
1.861
1.863
1.864
1.865
1.865
1.867
1.868
1.868
1.868
1.868
1.870
1.875
1.876
1.876
1.877
1.877
1.877
1.878
1.879
1.879
1.879
1.880
1.881
1.881
1.882
1.882
1.884
1.884
1.884
1.886
1.886
1.887
1.887
1.888
1.888
1.889
1.890
1.890
1.890
1.890
1.891
1.892
1.892
1.893
1.893
1.893
1.893
1.894
1.895
1.895
1.896
1.896
1.897
1.897
1.897
1.898
1.898
1.898
1.898
1.899
1.900
1.900
1.901
1.901
1.902
1.903
1.903
1.904
1.904
1.904
1.904
1.904
1.906
1.906
1.906
1.909
1.909
1.909
1.910
1.910
1.911
1.912
1.912
1.912
1.912
1.913
1.913
1.914
1.914
1.914
1.915
1.915
1.915
1.915
1.916
1.917
1.918
1.918
1.918
1.919
1.919
1.921
1.922
1.922
1.922
1.922
1.922
1.923
1.925
1.925
1.925
1.925
1.926
1.926
1.927
1.927
1.927
1.928
1.929
1.929
1.929
1.930
1.930
1.930
1.931
1.933
1.934
1.934
1.934
1.934
1.934
1.936
1.936
1.936
1.936
1.936
1.937
1.937
1.938
1.938
1.939
1.939
1.939
1.940
1.941
1.942
1.942
1.943
1.943
1.943
1.944
1.945
1.946
1.946
1.947
1.947
1.947
1.947
1.947
1.947
1.948
1.948
1.949
1.949
1.949
1.950
1.950
1.951
1.951
1.951
1.951
1.951
1.952
1.952
1.953
1.954
1.954
1.955
1.955
1.956
1.957
1.958
1.958
1.959
1.960
1.960
1.960
1.962
1.962
1.962
1.963
1.963
1.964
1.965
1.965
1.965
1.965
1.967
1.967
1.968
1.968
1.968
1.968
1.968
1.969
1.969
1.969
1.969
1.969
1.970
1.970
1.970
1.970
1.971
1.971
1.972
1.972
1.972
1.972
1.972
1.972
1.972
1.973
1.973
1.974
1.974
1.974
1.974
1.974
1.974
1.974
1.974
1.974
1.975
1.975
1.975
1.976
1.976
1.976
1.976
1.977
1.977
1.977
1.978
1.978
1.978
1.978
1.981
1.981
1.981
1.981
1.981
1.981
1.982
1.982
1.982
1.982
1.982
1.983
1.984
1.984
1.984
1.984
1.984
1.985
1.985
1.986
1.986
1.987
1.987
1.987
1.987
1.988
1.988
1.988
1.989
1.989
1.989
1.990
1.990
1.991
1.991
1.991
1.991
1.992
1.993
1.993
1.993
1.993
1.993
1.994
1.994
1.994
1.994
1.994
1.994
1.995
1.995
1.995
1.995
1.995
1.995
1.996
1.997
1.997
1.997
1.998
1.998
1.998
1.999
2.000
2.000
2.001
2.001
2.002
2.003
2.003
2.003
2.003
2.004
2.005
2.005
2.005
2.006
2.006
2.006
2.007
2.007
2.008
2.008
2.009
2.009
2.009
2.010
2.010
2.011
2.011
2.012
2.012
2.013
2.013
2.013
2.014
2.014
2.015
2.015
2.016
2.016
2.016
2.017
2.017
2.017
2.017
2.018
2.018
2.018
2.018
2.018
2.018
2.019
2.020
2.021
2.021
2.021
2.021
2.021
2.022
2.022
2.023
2.024
2.024
2.024
2.024
2.024
2.025
2.026
2.026
2.026
2.026
2.026
2.026
2.026
2.027
2.028
2.028
2.029
2.030
2.030
2.030
2.031
2.031
2.031
2.032
2.032
2.032
2.032
2.033
2.033
2.034
2.034
2.034
2.035
2.035
2.035
2.035
2.035
2.036
2.037
2.038
2.038
2.038
2.038
2.038
2.038
2.039
2.040
2.040
2.040
2.040
2.040
2.040
2.041
2.041
2.041
2.041
2.042
2.042
2.043
2.044
2.044
2.044
2.045
2.045
2.045
2.045
2.045
2.046
2.046
2.046
2.047
2.047
2.048
2.048
2.049
2.049
2.050
2.050
2.051
2.051
2.052
2.052
2.052
2.054
2.054
2.054
2.055
2.056
2.056
2.056
2.056
2.057
2.057
2.058
2.058
2.059
2.060
2.061
2.061
2.061
2.061
2.062
2.062
2.062
2.063
2.063
2.064
2.064
2.065
2.067
2.067
2.068
2.068
2.068
2.069
2.069
2.070
2.071
2.071
2.071
2.071
2.072
2.072
2.073
2.073
2.073
2.074
2.074
2.075
2.076
2.076
2.076
2.079
2.079
2.079
2.080
2.080
2.081
2.081
2.082
2.082
2.082
2.083
2.083
2.083
2.083
2.084
2.084
2.084
2.086
2.086
2.088
2.088
2.088
2.088
2.089
2.090
2.091
2.091
2.091
2.092
2.093
2.094
2.096
2.097
2.097
2.097
2.099
2.099
2.099
2.099
2.102
2.102
2.102
2.103
2.104
2.104
2.104
2.105
2.105
2.107
2.108
2.108
2.109
2.109
2.110
2.110
2.110
2.111
2.111
2.111
2.111
2.111
2.111
2.115
2.115
2.116
2.117
2.118
2.118
2.118
2.119
2.119
2.119
2.120
2.120
2.121
2.121
2.121
2.124
2.124
2.124
2.125
2.126
2.127
2.129
2.129
2.131
2.132
2.134
2.134
2.139
2.140
2.140
2.141
2.143
2.144
2.144
2.145
2.145
2.145
2.147
2.149
2.149
2.149
2.152
2.152
2.154
2.156
2.158
2.162
2.163
2.166
2.167
2.167
2.167
2.167
2.171
2.171
2.177
2.177
2.182
2.182
2.182
2.183
2.184
2.185
2.185
2.189
2.192
2.192
2.193
2.204
2.205
2.207
2.209
2.210
2.211
2.212
2.212
2.215
2.218
2.220
2.235
2.248
2.251
2.273
2.286
2.289
2.290
2.290
2.307
2.326
