2.572
2.584
2.590
2.606
2.624
2.629
2.635
2.640
2.650
2.654
2.662
2.665
2.668
2.677
2.683
2.693
2.694
2.695
2.698
2.699
2.700
2.701
2.705
2.706
2.710
2.714
2.719
2.724
2.734
2.740
2.741
2.742
2.744
2.754
2.754
2.761
2.761
2.763
2.765
2.767
2.770
2.771
2.772
2.775
2.777
2.779
2.780
2.780
2.780
2.781
2.784
2.785
2.786
2.787
2.789
2.790
2.791
2.792
2.793
2.794
2.795
2.798
2.800
2.802
2.802
2.803
2.803
2.808
2.808
2.809
2.809
2.810
2.810
2.813
2.815
2.815
2.820
2.822
2.824
2.824
2.825
2.825
2.826
2.827
2.828
2.829
2.830
2.831
2.833
2.834
2.834
2.835
2.837
2.837
2.838
2.838
2.839
2.839
2.840
2.840
2.841
2.843
2.843
2.843
2.845
2.845
2.846
2.846
2.847
2.848
2.850
2.850
2.851
2.853
2.853
2.853
2.854
2.854
2.854
2.854
2.855
2.856
2.856
2.856
2.857
2.857
2.860
2.862
2.863
2.863
2.863
2.864
2.865
2.865
2.865
2.865
2.866
2.867
2.867
2.868
2.868
2.869
2.869
2.870
2.870
2.871
2.871
2.871
2.871
2.871
2.871
2.871
2.873
2.874
2.875
2.875
2.875
2.876
2.878
2.878
2.878
2.880
2.881
2.882
2.883
2.883
2.884
2.884
2.884
2.887
2.887
2.888
2.888
2.888
2.888
2.889
2.890
2.890
2.890
2.892
2.892
2.892
2.895
2.895
2.895
2.896
2.896
2.897
2.897
2.898
2.898
2.899
2.900
2.901
2.901
2.902
2.902
2.902
2.903
2.905
2.906
2.908
2.908
2.909
2.910
2.910
2.910
2.911
2.911
2.911
2.912
2.913
2.915
2.916
2.917
2.918
2.919
2.919
2.920
2.920
2.921
2.922
2.922
2.922
2.923
2.923
2.923
2.924
2.924
2.925
2.925
2.925
2.926
2.926
2.926
2.926
2.927
2.927
2.927
2.927
2.928
2.928
2.928
2.928
2.928
2.929
2.929
2.929
2.929
2.930
2.930
2.930
2.930
2.930
2.932
2.932
2.932
2.932
2.933
2.933
2.933
2.934
2.934
2.935
2.935
2.936
2.936
2.938
2.938
2.938
2.939
2.939
2.940
2.941
2.942
2.942
2.943
2.943
2.943
2.943
2.944
2.944
2.945
2.945
2.945
2.945
2.946
2.946
2.946
2.948
2.948
2.948
2.949
2.949
2.949
2.949
2.949
2.950
2.951
2.951
2.951
2.952
2.952
2.953
2.954
2.954
2.954
2.955
2.956
2.957
2.957
2.958
2.958
2.958
2.959
2.959
2.960
2.961
2.961
2.961
2.961
2.961
2.962
2.962
2.963
2.964
2.965
2.965
2.966
2.967
2.967
2.967
2.968
2.968
2.968
2.969
2.969
2.969
2.970
2.971
2.971
2.972
2.973
2.973
2.973
2.974
2.974
2.975
2.975
2.975
2.975
2.976
2.976
2.977
2.977
2.978
2.980
2.980
2.980
2.982
2.983
2.983
2.983
2.984
2.985
2.985
2.985
2.986
2.986
2.987
2.987
2.987
2.987
2.988
2.989
2.989
2.989
2.989
2.989
2.989
2.991
2.991
2.992
2.992
2.992
2.992
2.993
2.993
2.993
2.993
2.993
2.993
2.994
2.995
2.995
2.995
2.996
2.996
2.996
2.996
2.997
2.997
2.998
2.998
2.999
2.999
2.999
2.999
2.999
2.999
3.000
3.000
3.000
3.000
3.001
3.001
3.003
3.004
3.004
3.005
3.005
3.005
3.006
3.007
3.007
3.007
3.008
3.009
3.009
3.011
3.012
3.013
3.013
3.014
3.015
3.015
3.016
3.016
3.017
3.017
3.018
3.018
3.018
3.020
3.021
3.021
3.022
3.022
3.023
3.024
3.024
3.024
3.024
3.024
3.024
3.025
3.025
3.026
3.027
3.028
3.028
3.029
3.029
3.029
3.030
3.030
3.030
3.031
3.031
3.031
3.032
3.032
3.033
3.033
3.033
3.034
3.035
3.035
3.035
3.035
3.035
3.035
3.036
3.037
3.037
3.038
3.038
3.038
3.040
3.041
3.041
3.041
3.042
3.043
3.043
3.044
3.044
3.045
3.045
3.046
3.046
3.046
3.047
3.047
3.049
3.049
3.050
3.051
3.051
3.052
3.052
3.052
3.053
3.053
3.054
3.054
3.054
3.055
3.055
3.055
3.057
3.057
3.058
3.059
3.060
3.061
3.061
3.062
3.063
3.064
3.064
3.064
3.065
3.065
3.066
3.067
3.068
3.069
3.070
3.070
3.071
3.072
3.073
3.074
3.074
3.075
3.075
3.076
3.076
3.077
3.077
3.077
3.077
3.078
3.078
3.078
3.079
3.079
3.080
3.080
3.081
3.082
3.083
3.084
3.085
3.085
3.086
3.087
3.089
3.090
3.092
3.092
3.093
3.093
3.093
3.095
3.095
3.095
3.096
3.096
3.098
3.098
3.099
3.101
3.103
3.103
3.104
3.105
3.105
3.106
3.108
3.108
3.110
3.110
3.110
3.111
3.111
3.112
3.113
3.113
3.114
3.115
3.115
3.116
3.116
3.117
3.118
3.119
3.120
3.120
3.121
3.121
3.122
3.123
3.124
3.126
3.128
3.128
3.128
3.129
3.130
3.131
3.132
3.132
3.132
3.133
3.134
3.137
3.138
3.138
3.139
3.142
3.142
3.142
3.143
3.143
3.146
3.146
3.146
3.146
3.147
3.149
3.149
3.149
3.149
3.150
3.151
3.151
3.151
3.156
3.156
3.157
3.157
3.158
3.159
3.159
3.161
3.163
3.164
3.164
3.166
3.170
3.170
3.171
3.171
3.172
3.172
3.174
3.175
3.175
3.175
3.177
3.178
3.178
3.179
3.180
3.181
3.185
3.185
3.186
3.190
3.190
3.192
3.193
3.193
3.196
3.197
3.197
3.197
3.197
3.198
3.199
3.200
3.202
3.207
3.208
3.209
3.211
3.215
3.216
3.217
3.217
3.217
3.223
3.231
3.236
3.239
3.254
3.261
3.263
3.263
3.264
3.264
3.264
3.271
3.271
3.274
3.281
3.287
3.299
3.312
3.347
