1.938
2.009
2.045
2.050
2.060
2.062
2.075
2.088
2.101
2.105
2.113
2.114
2.114
2.117
2.127
2.128
2.136
2.136
2.139
2.141
2.146
2.150
2.150
2.151
2.154
2.155
2.156
2.158
2.161
2.162
2.165
2.169
2.169
2.169
2.169
2.170
2.171
2.171
2.172
2.173
2.174
2.175
2.176
2.178
2.179
2.180
2.180
2.181
2.181
2.182
2.183
2.187
2.187
2.187
2.189
2.190
2.190
2.191
2.191
2.192
2.192
2.192
2.196
2.196
2.197
2.199
2.201
2.207
2.209
2.209
2.210
2.211
2.212
2.212
2.212
2.213
2.214
2.214
2.215
2.216
2.217
2.220
2.220
2.222
2.224
2.225
2.226
2.227
2.227
2.228
2.231
2.231
2.232
2.233
2.233
2.233
2.235
2.235
2.236
2.238
2.239
2.239
2.239
2.240
2.241
2.242
2.242
2.243
2.244
2.245
2.245
2.247
2.247
2.248
2.249
2.250
2.251
2.251
2.252
2.252
2.253
2.253
2.253
2.254
2.254
2.255
2.257
2.257
2.257
2.262
2.262
2.263
2.266
2.267
2.267
2.268
2.268
2.268
2.268
2.269
2.270
2.270
2.273
2.273
2.274
2.274
2.274
2.274
2.275
2.275
2.276
2.276
2.277
2.278
2.278
2.278
2.279
2.279
2.282
2.284
2.284
2.284
2.285
2.285
2.286
2.289
2.290
2.290
2.290
2.291
2.292
2.292
2.292
2.293
2.293
2.294
2.295
2.295
2.295
2.296
2.297
2.297
2.297
2.297
2.298
2.298
2.300
2.302
2.302
2.302
2.302
2.303
2.303
2.303
2.303
2.304
2.304
2.305
2.306
2.306
2.307
2.307
2.307
2.308
2.308
2.308
2.308
2.309
2.309
2.309
2.310
2.310
2.310
2.310
2.311
2.311
2.311
2.311
2.312
2.312
2.313
2.314
2.314
2.314
2.314
2.315
2.315
2.316
2.316
2.317
2.317
2.318
2.318
2.320
2.320
2.321
2.321
2.322
2.323
2.323
2.324
2.324
2.324
2.324
2.324
2.325
2.325
2.326
2.326
2.326
2.327
2.327
2.327
2.327
2.328
2.329
2.329
2.329
2.331
2.331
2.331
2.332
2.332
2.332
2.333
2.333
2.333
2.333
2.334
2.335
2.335
2.335
2.336
2.337
2.337
2.338
2.338
2.338
2.338
2.339
2.340
2.341
2.342
2.342
2.342
2.342
2.345
2.345
2.345
2.345
2.345
2.347
2.347
2.348
2.348
2.348
2.348
2.350
2.350
2.350
2.350
2.350
2.351
2.352
2.354
2.355
2.356
2.356
2.356
2.356
2.357
2.358
2.358
2.358
2.358
2.358
2.358
2.362
2.363
2.363
2.364
2.364
2.365
2.365
2.365
2.366
2.366
2.367
2.367
2.367
2.367
2.368
2.368
2.368
2.369
2.370
2.370
2.370
2.371
2.373
2.374
2.376
2.376
2.377
2.378
2.378
2.378
2.378
2.379
2.379
2.379
2.380
2.381
2.381
2.382
2.382
2.382
2.383
2.384
2.384
2.384
2.385
2.385
2.385
2.386
2.387
2.387
2.387
2.388
2.388
2.388
2.388
2.390
2.390
2.390
2.390
2.391
2.391
2.391
2.392
2.392
2.392
2.392
2.392
2.393
2.394
2.394
2.395
2.395
2.396
2.398
2.398
2.399
2.399
2.400
2.400
2.401
2.402
2.402
2.402
2.402
2.402
2.402
2.403
2.404
2.404
2.405
2.405
2.405
2.405
2.406
2.406
2.407
2.407
2.407
2.407
2.407
2.407
2.408
2.408
2.408
2.409
2.409
2.409
2.410
2.410
2.410
2.410
2.411
2.412
2.412
2.413
2.414
2.414
2.415
2.415
2.416
2.417
2.418
2.418
2.418
2.419
2.419
2.420
2.420
2.420
2.420
2.422
2.422
2.424
2.424
2.425
2.427
2.428
2.428
2.429
2.429
2.429
2.429
2.429
2.430
2.430
2.433
2.434
2.437
2.439
2.439
2.439
2.440
2.440
2.441
2.442
2.443
2.444
2.444
2.444
2.445
2.445
2.445
2.446
2.447
2.448
2.448
2.449
2.450
2.450
2.451
2.452
2.452
2.452
2.454
2.454
2.455
2.455
2.457
2.457
2.458
2.460
2.460
2.461
2.461
2.461
2.462
2.462
2.464
2.466
2.466
2.467
2.467
2.467
2.467
2.468
2.468
2.468
2.469
2.471
2.471
2.471
2.472
2.473
2.474
2.475
2.477
2.477
2.478
2.479
2.480
2.481
2.484
2.485
2.488
2.489
2.489
2.490
2.490
2.491
2.492
2.492
2.493
2.494
2.494
2.494
2.496
2.496
2.497
2.497
2.497
2.502
2.502
2.503
2.503
2.504
2.505
2.506
2.506
2.507
2.509
2.509
2.509
2.510
2.511
2.511
2.512
2.513
2.513
2.514
2.514
2.515
2.516
2.516
2.517
2.518
2.519
2.520
2.520
2.520
2.520
2.521
2.521
2.523
2.527
2.527
2.529
2.530
2.531
2.533
2.534
2.535
2.536
2.538
2.538
2.540
2.540
2.540
2.540
2.541
2.541
2.541
2.544
2.546
2.546
2.546
2.547
2.547
2.547
2.547
2.547
2.548
2.548
2.550
2.550
2.551
2.551
2.552
2.552
2.554
2.554
2.557
2.557
2.559
2.559
2.562
2.562
2.563
2.565
2.566
2.566
2.572
2.573
2.573
2.574
2.575
2.576
2.578
2.578
2.578
2.580
2.582
2.582
2.584
2.584
2.584
2.585
2.585
2.586
2.586
2.586
2.593
2.594
2.594
2.598
2.599
2.600
2.601
2.601
2.604
2.605
2.608
2.610
2.610
2.610
2.611
2.611
2.611
2.612
2.617
2.618
2.618
2.618
2.621
2.623
2.624
2.629
2.629
2.631
2.632
2.633
2.633
2.634
2.635
2.642
2.643
2.643
2.647
2.648
2.648
2.649
2.650
2.651
2.652
2.652
2.654
2.655
2.659
2.664
2.665
2.672
2.676
2.680
2.690
2.698
2.703
2.705
2.708
2.708
2.713
2.718
2.720
2.730
2.731
2.734
2.737
2.741
2.748
2.758
2.778
2.791
2.807
2.821
2.839
2.885
2.951
