2.212
2.212
2.215
2.269
2.280
2.289
2.294
2.302
2.308
2.309
2.333
2.346
2.350
2.350
2.358
2.362
2.364
2.365
2.368
2.379
2.384
2.385
2.386
2.395
2.396
2.400
2.400
2.402
2.414
2.418
2.421
2.427
2.429
2.429
2.434
2.437
2.445
2.446
2.447
2.447
2.450
2.451
2.452
2.456
2.457
2.457
2.463
2.463
2.464
2.464
2.469
2.470
2.472
2.473
2.474
2.475
2.475
2.476
2.480
2.483
2.483
2.485
2.489
2.489
2.491
2.491
2.492
2.492
2.492
2.498
2.500
2.504
2.504
2.505
2.507
2.508
2.509
2.509
2.511
2.511
2.512
2.512
2.513
2.521
2.522
2.525
2.527
2.527
2.528
2.530
2.533
2.535
2.536
2.540
2.545
2.545
2.545
2.547
2.548
2.549
2.555
2.555
2.555
2.556
2.559
2.559
2.560
2.564
2.567
2.567
2.568
2.568
2.569
2.571
2.573
2.574
2.575
2.575
2.576
2.577
2.578
2.579
2.580
2.580
2.581
2.582
2.583
2.583
2.584
2.585
2.586
2.587
2.587
2.588
2.588
2.589
2.593
2.593
2.594
2.595
2.598
2.598
2.600
2.601
2.601
2.601
2.609
2.609
2.614
2.614
2.615
2.615
2.615
2.616
2.618
2.619
2.620
2.620
2.621
2.622
2.623
2.624
2.624
2.626
2.626
2.626
2.627
2.627
2.627
2.631
2.633
2.633
2.634
2.635
2.635
2.638
2.639
2.640
2.641
2.642
2.643
2.643
2.644
2.644
2.646
2.647
2.647
2.650
2.651
2.652
2.654
2.655
2.655
2.657
2.658
2.659
2.660
2.662
2.662
2.665
2.666
2.668
2.669
2.670
2.670
2.670
2.670
2.671
2.671
2.673
2.673
2.674
2.674
2.674
2.674
2.674
2.675
2.676
2.679
2.679
2.679
2.680
2.680
2.682
2.683
2.684
2.684
2.686
2.686
2.686
2.687
2.689
2.689
2.690
2.690
2.691
2.693
2.693
2.693
2.693
2.694
2.695
2.695
2.698
2.698
2.699
2.699
2.700
2.702
2.703
2.703
2.706
2.707
2.707
2.708
2.709
2.709
2.709
2.711
2.712
2.713
2.715
2.715
2.715
2.716
2.717
2.718
2.718
2.719
2.720
2.721
2.722
2.722
2.722
2.723
2.726
2.728
2.728
2.729
2.732
2.732
2.732
2.733
2.733
2.733
2.734
2.736
2.738
2.738
2.739
2.739
2.741
2.743
2.743
2.743
2.743
2.744
2.744
2.744
2.745
2.745
2.747
2.748
2.748
2.749
2.750
2.752
2.754
2.754
2.757
2.758
2.758
2.758
2.758
2.758
2.759
2.762
2.764
2.766
2.766
2.770
2.771
2.771
2.771
2.772
2.774
2.776
2.778
2.779
2.779
2.780
2.780
2.780
2.782
2.782
2.782
2.784
2.784
2.787
2.788
2.788
2.788
2.789
2.790
2.791
2.792
2.792
2.792
2.792
2.793
2.793
2.794
2.795
2.796
2.796
2.797
2.797
2.798
2.798
2.799
2.799
2.799
2.799
2.799
2.801
2.801
2.802
2.803
2.804
2.805
2.805
2.806
2.807
2.808
2.808
2.808
2.808
2.809
2.809
2.811
2.811
2.812
2.813
2.814
2.814
2.814
2.815
2.816
2.816
2.817
2.817
2.818
2.818
2.819
2.820
2.823
2.823
2.823
2.823
2.825
2.825
2.825
2.826
2.827
2.827
2.828
2.828
2.828
2.829
2.829
2.829
2.830
2.830
2.830
2.830
2.831
2.832
2.834
2.835
2.835
2.837
2.838
2.840
2.841
2.841
2.842
2.843
2.843
2.845
2.845
2.845
2.846
2.846
2.848
2.849
2.849
2.849
2.850
2.850
2.850
2.851
2.852
2.853
2.853
2.856
2.859
2.861
2.861
2.862
2.865
2.865
2.865
2.867
2.867
2.871
2.871
2.873
2.873
2.875
2.876
2.876
2.876
2.877
2.878
2.879
2.879
2.881
2.882
2.884
2.884
2.884
2.884
2.884
2.885
2.886
2.886
2.887
2.889
2.890
2.891
2.892
2.894
2.895
2.895
2.896
2.897
2.897
2.900
2.901
2.902
2.902
2.903
2.903
2.907
2.907
2.907
2.908
2.908
2.908
2.910
2.911
2.911
2.912
2.914
2.915
2.916
2.916
2.917
2.919
2.919
2.920
2.920
2.920
2.920
2.921
2.923
2.923
2.925
2.928
2.929
2.930
2.930
2.930
2.930
2.933
2.934
2.934
2.935
2.937
2.937
2.937
2.939
2.939
2.942
2.943
2.944
2.945
2.947
2.948
2.949
2.949
2.952
2.952
2.955
2.957
2.957
2.958
2.958
2.960
2.961
2.961
2.961
2.963
2.964
2.965
2.966
2.966
2.967
2.969
2.973
2.974
2.974
2.979
2.982
2.982
2.982
2.983
2.984
2.984
2.984
2.988
2.989
2.990
2.992
2.992
2.995
3.001
3.004
3.005
3.005
3.006
3.007
3.010
3.011
3.011
3.013
3.013
3.014
3.015
3.015
3.016
3.021
3.022
3.023
3.025
3.026
3.027
3.029
3.029
3.029
3.030
3.036
3.036
3.037
3.040
3.040
3.042
3.048
3.048
3.050
3.051
3.051
3.052
3.052
3.053
3.053
3.054
3.055
3.059
3.059
3.060
3.060
3.063
3.063
3.065
3.067
3.067
3.069
3.072
3.074
3.074
3.077
3.082
3.082
3.082
3.082
3.084
3.085
3.086
3.086
3.087
3.088
3.088
3.089
3.090
3.090
3.090
3.092
3.093
3.093
3.096
3.096
3.097
3.098
3.098
3.100
3.104
3.106
3.107
3.109
3.114
3.114
3.115
3.115
3.117
3.119
3.121
3.123
3.125
3.126
3.129
3.131
3.133
3.133
3.136
3.143
3.144
3.145
3.145
3.149
3.154
3.157
3.165
3.168
3.178
3.180
3.181
3.182
3.183
3.184
3.184
3.192
3.193
3.197
3.199
3.202
3.203
3.206
3.207
3.211
3.222
3.225
3.234
3.237
3.241
3.242
3.244
3.249
3.268
3.285
3.306
3.312
3.324
3.329
3.335
3.336
3.341
3.346
3.377
3.435
3.468
3.552
