1.280
1.334
1.335
1.344
1.349
1.350
1.353
1.362
1.364
1.366
1.366
1.369
1.370
1.373
1.375
1.377
1.378
1.383
1.385
1.386
1.387
1.390
1.391
1.391
1.392
1.393
1.393
1.394
1.395
1.396
1.397
1.399
1.399
1.401
1.401
1.402
1.405
1.408
1.408
1.411
1.413
1.413
1.415
1.415
1.416
1.418
1.419
1.419
1.420
1.421
1.423
1.424
1.425
1.425
1.427
1.427
1.429
1.430
1.430
1.431
1.432
1.433
1.433
1.434
1.435
1.436
1.436
1.437
1.437
1.438
1.439
1.439
1.440
1.441
1.441
1.442
1.443
1.443
1.444
1.445
1.445
1.447
1.448
1.448
1.449
1.449
1.450
1.450
1.450
1.450
1.450
1.451
1.452
1.452
1.452
1.453
1.454
1.456
1.457
1.457
1.458
1.459
1.459
1.460
1.461
1.461
1.462
1.462
1.463
1.463
1.463
1.463
1.463
1.463
1.464
1.464
1.465
1.467
1.467
1.467
1.467
1.468
1.469
1.469
1.470
1.470
1.470
1.471
1.472
1.472
1.473
1.473
1.473
1.473
1.474
1.474
1.474
1.475
1.476
1.476
1.476
1.478
1.480
1.481
1.481
1.481
1.482
1.483
1.483
1.483
1.483
1.484
1.484
1.485
1.485
1.486
1.486
1.487
1.487
1.487
1.487
1.487
1.487
1.488
1.489
1.489
1.490
1.490
1.490
1.490
1.491
1.492
1.492
1.493
1.494
1.495
1.495
1.495
1.496
1.496
1.496
1.496
1.496
1.497
1.497
1.498
1.498
1.499
1.499
1.499
1.499
1.499
1.500
1.500
1.500
1.500
1.501
1.501
1.501
1.501
1.502
1.502
1.503
1.503
1.503
1.503
1.503
1.503
1.503
1.504
1.504
1.504
1.504
1.505
1.505
1.506
1.507
1.507
1.507
1.508
1.508
1.509
1.509
1.509
1.509
1.509
1.509
1.509
1.510
1.510
1.511
1.511
1.512
1.512
1.512
1.512
1.513
1.514
1.514
1.515
1.515
1.515
1.516
1.517
1.517
1.517
1.517
1.518
1.518
1.518
1.519
1.519
1.519
1.519
1.519
1.520
1.521
1.522
1.522
1.522
1.523
1.523
1.523
1.524
1.524
1.524
1.524
1.525
1.525
1.525
1.525
1.525
1.526
1.527
1.527
1.527
1.527
1.527
1.528
1.528
1.529
1.530
1.530
1.530
1.531
1.531
1.532
1.532
1.532
1.532
1.532
1.533
1.533
1.533
1.533
1.533
1.534
1.534
1.535
1.535
1.536
1.536
1.536
1.536
1.537
1.537
1.537
1.538
1.538
1.539
1.539
1.539
1.541
1.541
1.541
1.542
1.543
1.543
1.543
1.544
1.544
1.544
1.544
1.545
1.545
1.545
1.545
1.546
1.546
1.546
1.547
1.547
1.547
1.548
1.549
1.550
1.551
1.551
1.551
1.551
1.552
1.552
1.553
1.554
1.555
1.556
1.556
1.556
1.556
1.558
1.558
1.559
1.560
1.560
1.561
1.561
1.562
1.562
1.563
1.563
1.563
1.563
1.564
1.564
1.566
1.566
1.566
1.566
1.567
1.568
1.569
1.569
1.569
1.569
1.569
1.570
1.570
1.570
1.571
1.571
1.571
1.572
1.572
1.572
1.572
1.572
1.573
1.573
1.573
1.575
1.575
1.575
1.576
1.576
1.577
1.577
1.577
1.578
1.578
1.578
1.579
1.580
1.581
1.581
1.581
1.582
1.582
1.582
1.585
1.585
1.586
1.586
1.586
1.587
1.587
1.587
1.588
1.588
1.588
1.588
1.589
1.589
1.590
1.591
1.592
1.592
1.592
1.592
1.593
1.593
1.595
1.595
1.596
1.596
1.596
1.597
1.597
1.597
1.597
1.597
1.597
1.598
1.598
1.598
1.598
1.599
1.600
1.601
1.602
1.602
1.603
1.604
1.604
1.604
1.605
1.606
1.608
1.608
1.608
1.608
1.608
1.608
1.609
1.609
1.610
1.610
1.610
1.611
1.611
1.612
1.613
1.613
1.614
1.614
1.615
1.615
1.615
1.615
1.615
1.615
1.616
1.616
1.617
1.618
1.618
1.618
1.618
1.619
1.619
1.619
1.620
1.620
1.620
1.620
1.621
1.621
1.621
1.622
1.623
1.624
1.624
1.624
1.625
1.625
1.625
1.625
1.626
1.626
1.626
1.626
1.626
1.627
1.627
1.628
1.628
1.629
1.630
1.630
1.631
1.631
1.631
1.631
1.634
1.634
1.634
1.634
1.634
1.634
1.635
1.636
1.637
1.638
1.640
1.641
1.641
1.641
1.642
1.642
1.642
1.643
1.644
1.644
1.644
1.645
1.646
1.647
1.648
1.648
1.649
1.650
1.651
1.651
1.651
1.651
1.652
1.653
1.653
1.654
1.655
1.656
1.657
1.657
1.657
1.658
1.658
1.659
1.659
1.661
1.662
1.662
1.665
1.667
1.667
1.668
1.668
1.668
1.668
1.669
1.669
1.669
1.670
1.670
1.671
1.671
1.672
1.672
1.672
1.672
1.674
1.675
1.676
1.676
1.676
1.677
1.677
1.678
1.680
1.681
1.681
1.682
1.682
1.685
1.685
1.685
1.686
1.686
1.687
1.687
1.688
1.690
1.690
1.691
1.691
1.692
1.693
1.695
1.696
1.696
1.696
1.696
1.697
1.697
1.701
1.702
1.702
1.703
1.704
1.704
1.704
1.705
1.707
1.707
1.708
1.708
1.708
1.709
1.709
1.709
1.709
1.710
1.713
1.714
1.715
1.715
1.718
1.720
1.721
1.721
1.724
1.724
1.727
1.728
1.728
1.729
1.732
1.733
1.736
1.736
1.736
1.737
1.738
1.738
1.739
1.739
1.740
1.740
1.743
1.743
1.743
1.745
1.746
1.749
1.750
1.751
1.755
1.759
1.759
1.759
1.760
1.764
1.767
1.768
1.770
1.774
1.778
1.784
1.785
1.786
1.788
1.788
1.789
1.789
1.791
1.795
1.795
1.795
1.797
1.797
1.799
1.799
1.799
1.799
1.800
1.800
1.800
1.802
1.804
1.809
1.814
1.837
1.837
1.840
1.841
1.848
1.849
1.885
1.887
1.890
1.908
1.918
1.922
2.027
