2.083
2.134
2.228
2.263
2.265
2.278
2.280
2.283
2.284
2.293
2.312
2.322
2.326
2.331
2.336
2.340
2.343
2.344
2.347
2.349
2.350
2.352
2.356
2.357
2.357
2.360
2.365
2.366
2.372
2.374
2.377
2.378
2.379
2.383
2.384
2.385
2.385
2.388
2.389
2.389
2.389
2.393
2.395
2.395
2.396
2.396
2.396
2.397
2.399
2.399
2.400
2.400
2.400
2.401
2.404
2.404
2.405
2.405
2.406
2.407
2.408
2.411
2.412
2.414
2.414
2.418
2.418
2.418
2.418
2.419
2.428
2.429
2.430
2.430
2.430
2.431
2.431
2.431
2.432
2.432
2.432
2.435
2.436
2.436
2.437
2.437
2.438
2.440
2.441
2.442
2.443
2.444
2.444
2.444
2.445
2.445
2.447
2.447
2.447
2.448
2.448
2.451
2.451
2.453
2.454
2.454
2.454
2.454
2.455
2.455
2.456
2.457
2.457
2.458
2.458
2.459
2.459
2.459
2.459
2.460
2.460
2.460
2.460
2.461
2.461
2.464
2.464
2.465
2.465
2.466
2.466
2.467
2.469
2.470
2.470
2.470
2.471
2.471
2.471
2.472
2.472
2.473
2.473
2.473
2.473
2.474
2.475
2.475
2.476
2.477
2.477
2.477
2.478
2.478
2.479
2.480
2.480
2.481
2.481
2.481
2.482
2.482
2.482
2.483
2.484
2.485
2.485
2.485
2.486
2.486
2.486
2.487
2.488
2.489
2.489
2.489
2.490
2.492
2.493
2.493
2.493
2.494
2.494
2.494
2.494
2.495
2.495
2.495
2.496
2.496
2.496
2.497
2.498
2.498
2.499
2.499
2.500
2.500
2.500
2.501
2.502
2.502
2.502
2.503
2.503
2.504
2.506
2.507
2.507
2.507
2.507
2.508
2.508
2.508
2.508
2.510
2.511
2.511
2.512
2.512
2.512
2.512
2.513
2.513
2.513
2.514
2.514
2.514
2.514
2.515
2.516
2.516
2.517
2.518
2.518
2.518
2.519
2.519
2.519
2.519
2.520
2.520
2.520
2.521
2.522
2.524
2.524
2.524
2.524
2.525
2.525
2.526
2.526
2.527
2.527
2.527
2.528
2.529
2.529
2.529
2.530
2.530
2.531
2.531
2.532
2.532
2.532
2.533
2.533
2.533
2.534
2.536
2.536
2.536
2.537
2.537
2.538
2.538
2.539
2.539
2.540
2.540
2.541
2.541
2.542
2.542
2.542
2.543
2.544
2.545
2.545
2.546
2.546
2.546
2.546
2.546
2.547
2.547
2.547
2.547
2.547
2.549
2.549
2.549
2.549
2.550
2.550
2.550
2.550
2.551
2.551
2.551
2.552
2.552
2.553
2.553
2.554
2.554
2.554
2.556
2.556
2.556
2.556
2.557
2.558
2.558
2.559
2.559
2.559
2.560
2.560
2.561
2.561
2.561
2.561
2.561
2.561
2.561
2.562
2.562
2.562
2.563
2.563
2.563
2.563
2.563
2.563
2.563
2.563
2.564
2.564
2.565
2.565
2.565
2.565
2.566
2.566
2.566
2.567
2.568
2.568
2.568
2.568
2.569
2.570
2.571
2.571
2.571
2.572
2.572
2.573
2.573
2.573
2.574
2.575
2.575
2.576
2.576
2.576
2.576
2.576
2.576
2.576
2.576
2.577
2.577
2.577
2.577
2.577
2.578
2.578
2.579
2.579
2.579
2.580
2.580
2.580
2.580
2.581
2.581
2.582
2.583
2.584
2.584
2.585
2.585
2.586
2.587
2.587
2.589
2.589
2.589
2.590
2.590
2.590
2.590
2.591
2.591
2.591
2.591
2.592
2.593
2.594
2.594
2.595
2.595
2.595
2.595
2.595
2.596
2.596
2.597
2.597
2.598
2.599
2.599
2.599
2.599
2.600
2.601
2.601
2.601
2.603
2.603
2.603
2.603
2.603
2.603
2.604
2.604
2.605
2.605
2.606
2.606
2.606
2.606
2.607
2.607
2.607
2.608
2.609
2.609
2.609
2.610
2.610
2.610
2.611
2.611
2.612
2.612
2.612
2.612
2.612
2.613
2.613
2.614
2.615
2.615
2.615
2.615
2.617
2.617
2.617
2.618
2.618
2.619
2.620
2.620
2.620
2.620
2.621
2.622
2.622
2.622
2.622
2.622
2.622
2.623
2.623
2.623
2.624
2.624
2.625
2.625
2.625
2.626
2.627
2.627
2.627
2.629
2.631
2.632
2.632
2.633
2.633
2.633
2.635
2.635
2.635
2.635
2.635
2.635
2.636
2.637
2.637
2.638
2.638
2.639
2.639
2.639
2.639
2.640
2.640
2.641
2.641
2.642
2.643
2.643
2.643
2.644
2.645
2.646
2.646
2.647
2.647
2.647
2.647
2.647
2.648
2.648
2.648
2.648
2.649
2.650
2.651
2.651
2.651
2.651
2.651
2.652
2.652
2.653
2.653
2.654
2.654
2.654
2.655
2.655
2.656
2.656
2.656
2.657
2.657
2.658
2.659
2.659
2.660
2.663
2.663
2.663
2.663
2.664
2.664
2.664
2.664
2.665
2.665
2.666
2.666
2.667
2.667
2.667
2.668
2.668
2.669
2.669
2.670
2.670
2.670
2.670
2.670
2.670
2.671
2.671
2.671
2.672
2.674
2.674
2.676
2.676
2.677
2.677
2.677
2.677
2.679
2.681
2.682
2.682
2.682
2.682
2.682
2.683
2.685
2.686
2.686
2.687
2.689
2.690
2.691
2.692
2.692
2.692
2.693
2.694
2.694
2.696
2.699
2.702
2.702
2.702
2.703
2.703
2.703
2.703
2.705
2.705
2.705
2.705
2.707
2.708
2.708
2.708
2.710
2.710
2.711
2.715
2.716
2.717
2.718
2.719
2.720
2.720
2.722
2.722
2.723
2.724
2.724
2.724
2.725
2.725
2.726
2.728
2.729
2.730
2.731
2.739
2.740
2.740
2.741
2.741
2.742
2.742
2.744
2.745
2.745
2.748
2.748
2.749
2.750
2.753
2.753
2.754
2.755
2.761
2.762
2.762
2.765
2.771
2.771
2.771
2.774
2.776
2.778
2.779
2.781
2.783
2.785
2.786
2.793
2.814
2.818
2.823
2.826
2.828
2.841
2.852
2.858
2.863
2.875
2.889
2.913
2.955
