2.541
2.567
2.568
2.579
2.600
2.601
2.608
2.611
2.614
2.623
2.631
2.633
2.636
2.636
2.638
2.640
2.640
2.642
2.643
2.651
2.654
2.657
2.660
2.660
2.661
2.666
2.667
2.668
2.672
2.672
2.674
2.676
2.676
2.683
2.684
2.685
2.691
2.691
2.691
2.693
2.698
2.699
2.699
2.701
2.702
2.702
2.704
2.705
2.706
2.706
2.707
2.708
2.709
2.709
2.712
2.715
2.716
2.718
2.718
2.718
2.720
2.724
2.724
2.725
2.725
2.726
2.727
2.727
2.728
2.729
2.730
2.731
2.733
2.737
2.737
2.737
2.740
2.740
2.740
2.741
2.742
2.742
2.744
2.748
2.749
2.749
2.751
2.751
2.751
2.752
2.752
2.753
2.754
2.755
2.755
2.757
2.758
2.759
2.759
2.759
2.760
2.761
2.761
2.761
2.764
2.765
2.766
2.766
2.766
2.768
2.768
2.768
2.769
2.769
2.770
2.771
2.772
2.772
2.772
2.772
2.772
2.772
2.773
2.773
2.776
2.776
2.776
2.777
2.777
2.779
2.779
2.780
2.780
2.780
2.781
2.781
2.781
2.781
2.782
2.784
2.784
2.784
2.785
2.787
2.787
2.788
2.788
2.788
2.788
2.789
2.789
2.790
2.791
2.791
2.791
2.791
2.792
2.793
2.794
2.795
2.795
2.796
2.797
2.798
2.799
2.799
2.799
2.800
2.800
2.801
2.801
2.802
2.802
2.803
2.803
2.804
2.805
2.805
2.806
2.807
2.807
2.807
2.808
2.808
2.809
2.809
2.809
2.810
2.810
2.811
2.811
2.811
2.812
2.812
2.813
2.814
2.814
2.818
2.818
2.818
2.819
2.819
2.819
2.820
2.821
2.821
2.821
2.821
2.821
2.821
2.821
2.822
2.822
2.823
2.823
2.824
2.824
2.824
2.824
2.824
2.825
2.825
2.825
2.826
2.826
2.827
2.827
2.828
2.828
2.829
2.829
2.829
2.831
2.831
2.831
2.831
2.832
2.832
2.832
2.833
2.834
2.834
2.834
2.834
2.835
2.835
2.837
2.837
2.837
2.837
2.838
2.838
2.838
2.838
2.839
2.839
2.840
2.840
2.840
2.841
2.842
2.842
2.842
2.842
2.843
2.844
2.845
2.845
2.846
2.846
2.847
2.847
2.847
2.848
2.848
2.848
2.849
2.850
2.850
2.851
2.851
2.852
2.852
2.852
2.852
2.854
2.854
2.854
2.855
2.855
2.855
2.856
2.856
2.856
2.856
2.856
2.856
2.857
2.857
2.857
2.858
2.858
2.858
2.858
2.859
2.859
2.860
2.861
2.861
2.861
2.862
2.862
2.863
2.864
2.864
2.864
2.864
2.865
2.866
2.866
2.866
2.867
2.867
2.867
2.868
2.868
2.868
2.869
2.869
2.870
2.870
2.870
2.870
2.871
2.871
2.871
2.872
2.872
2.873
2.874
2.874
2.874
2.875
2.875
2.876
2.876
2.876
2.878
2.878
2.878
2.878
2.878
2.878
2.879
2.879
2.879
2.880
2.880
2.880
2.881
2.882
2.883
2.883
2.884
2.884
2.885
2.885
2.885
2.886
2.887
2.888
2.888
2.888
2.889
2.890
2.890
2.890
2.891
2.892
2.893
2.894
2.895
2.895
2.896
2.896
2.897
2.897
2.897
2.898
2.898
2.898
2.898
2.898
2.899
2.900
2.900
2.900
2.900
2.901
2.901
2.902
2.903
2.903
2.903
2.904
2.904
2.905
2.905
2.906
2.906
2.907
2.908
2.908
2.908
2.908
2.909
2.909
2.909
2.910
2.910
2.911
2.911
2.911
2.911
2.911
2.912
2.912
2.912
2.913
2.913
2.914
2.914
2.916
2.917
2.917
2.917
2.918
2.918
2.920
2.920
2.920
2.920
2.921
2.922
2.922
2.925
2.925
2.925
2.925
2.926
2.926
2.927
2.927
2.928
2.928
2.929
2.929
2.929
2.929
2.930
2.930
2.931
2.931
2.931
2.932
2.934
2.934
2.934
2.934
2.935
2.935
2.937
2.937
2.937
2.937
2.937
2.938
2.938
2.938
2.939
2.939
2.939
2.939
2.940
2.941
2.941
2.941
2.941
2.942
2.943
2.943
2.944
2.944
2.946
2.947
2.948
2.948
2.948
2.948
2.949
2.949
2.950
2.950
2.951
2.952
2.952
2.953
2.953
2.953
2.953
2.953
2.953
2.954
2.954
2.955
2.955
2.955
2.956
2.956
2.956
2.956
2.956
2.956
2.957
2.958
2.958
2.958
2.958
2.959
2.960
2.961
2.961
2.962
2.962
2.962
2.962
2.964
2.965
2.966
2.966
2.966
2.966
2.967
2.969
2.970
2.970
2.971
2.971
2.971
2.972
2.973
2.974
2.974
2.974
2.974
2.974
2.975
2.976
2.976
2.976
2.977
2.978
2.978
2.979
2.980
2.980
2.981
2.981
2.982
2.982
2.983
2.983
2.984
2.984
2.984
2.985
2.986
2.986
2.987
2.987
2.988
2.988
2.988
2.989
2.990
2.990
2.990
2.991
2.991
2.993
2.993
2.993
2.994
2.995
2.996
2.998
2.999
3.000
3.004
3.004
3.004
3.007
3.007
3.009
3.010
3.011
3.011
3.012
3.012
3.013
3.015
3.017
3.018
3.020
3.020
3.021
3.021
3.022
3.022
3.023
3.024
3.024
3.025
3.027
3.027
3.029
3.030
3.030
3.031
3.032
3.032
3.032
3.033
3.033
3.034
3.035
3.035
3.039
3.039
3.041
3.041
3.041
3.042
3.043
3.044
3.044
3.045
3.046
3.046
3.047
3.051
3.054
3.056
3.057
3.057
3.058
3.059
3.061
3.061
3.065
3.065
3.066
3.069
3.074
3.077
3.077
3.078
3.079
3.080
3.081
3.082
3.082
3.084
3.084
3.085
3.085
3.089
3.089
3.091
3.097
3.103
3.105
3.106
3.108
3.108
3.109
3.109
3.112
3.115
3.115
3.116
3.117
3.119
3.125
3.126
3.129
3.129
3.131
3.131
3.134
3.136
3.137
3.142
3.151
3.151
3.151
3.163
3.168
3.169
3.176
3.179
3.183
3.202
3.202
3.239
3.247
3.253
3.254
3.256
3.259
3.271
3.337
