2.426
2.435
2.442
2.455
2.479
2.487
2.492
2.497
2.515
2.524
2.529
2.529
2.560
2.563
2.567
2.570
2.571
2.585
2.590
2.593
2.594
2.596
2.596
2.597
2.601
2.608
2.610
2.616
2.617
2.622
2.625
2.626
2.628
2.629
2.629
2.631
2.631
2.631
2.635
2.640
2.641
2.645
2.649
2.649
2.650
2.650
2.654
2.655
2.658
2.660
2.661
2.661
2.662
2.662
2.664
2.664
2.665
2.666
2.669
2.669
2.669
2.670
2.670
2.672
2.674
2.676
2.676
2.677
2.677
2.677
2.678
2.680
2.681
2.681
2.686
2.687
2.689
2.690
2.690
2.692
2.693
2.698
2.698
2.699
2.700
2.700
2.700
2.702
2.705
2.706
2.710
2.711
2.712
2.713
2.713
2.713
2.714
2.715
2.715
2.715
2.715
2.715
2.716
2.716
2.718
2.719
2.720
2.721
2.722
2.723
2.724
2.724
2.725
2.726
2.727
2.727
2.727
2.728
2.729
2.733
2.735
2.736
2.736
2.736
2.736
2.736
2.737
2.737
2.738
2.738
2.739
2.739
2.739
2.740
2.742
2.742
2.744
2.745
2.745
2.746
2.746
2.746
2.747
2.748
2.750
2.751
2.751
2.753
2.754
2.755
2.755
2.756
2.757
2.757
2.758
2.758
2.759
2.759
2.761
2.761
2.762
2.762
2.763
2.766
2.766
2.767
2.768
2.768
2.768
2.769
2.769
2.769
2.769
2.771
2.772
2.772
2.772
2.773
2.774
2.774
2.774
2.775
2.776
2.776
2.776
2.777
2.777
2.778
2.778
2.779
2.780
2.780
2.780
2.781
2.781
2.783
2.784
2.785
2.787
2.787
2.788
2.788
2.788
2.788
2.789
2.789
2.790
2.790
2.790
2.790
2.790
2.791
2.791
2.792
2.792
2.793
2.793
2.794
2.795
2.795
2.796
2.796
2.797
2.797
2.797
2.798
2.798
2.798
2.799
2.799
2.800
2.801
2.801
2.801
2.802
2.802
2.802
2.803
2.803
2.804
2.805
2.806
2.807
2.808
2.809
2.811
2.811
2.812
2.812
2.812
2.813
2.813
2.814
2.814
2.814
2.815
2.815
2.816
2.816
2.817
2.817
2.818
2.819
2.819
2.819
2.819
2.819
2.820
2.821
2.822
2.824
2.825
2.826
2.826
2.827
2.827
2.828
2.828
2.828
2.829
2.829
2.830
2.830
2.830
2.830
2.831
2.832
2.832
2.832
2.832
2.834
2.834
2.834
2.835
2.835
2.836
2.836
2.837
2.838
2.838
2.838
2.839
2.839
2.840
2.840
2.841
2.842
2.842
2.842
2.844
2.844
2.844
2.844
2.844
2.845
2.845
2.845
2.845
2.848
2.849
2.849
2.850
2.850
2.851
2.851
2.851
2.852
2.852
2.853
2.853
2.853
2.853
2.853
2.854
2.854
2.854
2.854
2.855
2.855
2.856
2.856
2.857
2.858
2.858
2.859
2.859
2.860
2.860
2.861
2.861
2.862
2.862
2.862
2.863
2.863
2.863
2.863
2.864
2.867
2.867
2.867
2.867
2.868
2.868
2.869
2.869
2.870
2.870
2.870
2.871
2.871
2.871
2.872
2.873
2.875
2.875
2.876
2.876
2.876
2.877
2.877
2.878
2.878
2.878
2.879
2.879
2.881
2.881
2.882
2.883
2.884
2.884
2.884
2.884
2.884
2.885
2.885
2.885
2.885
2.886
2.886
2.886
2.886
2.886
2.887
2.887
2.887
2.887
2.887
2.888
2.888
2.889
2.890
2.890
2.890
2.890
2.890
2.891
2.891
2.892
2.892
2.893
2.896
2.896
2.897
2.897
2.898
2.898
2.898
2.899
2.899
2.900
2.901
2.901
2.902
2.902
2.902
2.903
2.903
2.904
2.904
2.904
2.905
2.905
2.905
2.906
2.906
2.907
2.907
2.908
2.908
2.909
2.909
2.909
2.909
2.909
2.910
2.910
2.911
2.911
2.912
2.912
2.914
2.914
2.914
2.914
2.915
2.915
2.916
2.916
2.917
2.917
2.918
2.918
2.918
2.919
2.919
2.919
2.920
2.921
2.921
2.921
2.923
2.923
2.924
2.925
2.926
2.926
2.927
2.927
2.928
2.928
2.929
2.930
2.930
2.931
2.931
2.932
2.932
2.933
2.933
2.933
2.933
2.933
2.934
2.934
2.934
2.935
2.935
2.936
2.936
2.936
2.937
2.938
2.939
2.940
2.941
2.941
2.942
2.944
2.944
2.946
2.946
2.946
2.947
2.948
2.951
2.952
2.953
2.953
2.953
2.953
2.954
2.954
2.954
2.956
2.957
2.958
2.959
2.960
2.960
2.961
2.961
2.961
2.962
2.964
2.964
2.965
2.965
2.965
2.967
2.968
2.968
2.969
2.970
2.970
2.970
2.971
2.972
2.973
2.973
2.974
2.974
2.974
2.975
2.975
2.975
2.975
2.976
2.977
2.977
2.977
2.978
2.980
2.980
2.980
2.982
2.982
2.982
2.983
2.983
2.983
2.985
2.986
2.988
2.989
2.990
2.990
2.990
2.990
2.991
2.991
2.991
2.992
2.993
2.993
2.995
2.996
2.996
2.997
3.000
3.000
3.001
3.001
3.001
3.003
3.005
3.005
3.006
3.007
3.007
3.009
3.010
3.010
3.010
3.011
3.011
3.011
3.012
3.012
3.017
3.018
3.019
3.019
3.019
3.020
3.021
3.021
3.023
3.023
3.023
3.024
3.026
3.026
3.027
3.027
3.028
3.029
3.030
3.031
3.032
3.034
3.040
3.041
3.043
3.044
3.050
3.051
3.051
3.053
3.053
3.053
3.053
3.054
3.055
3.055
3.055
3.057
3.058
3.062
3.065
3.067
3.068
3.069
3.070
3.070
3.073
3.073
3.073
3.075
3.076
3.078
3.079
3.079
3.079
3.081
3.084
3.084
3.085
3.086
3.090
3.090
3.092
3.093
3.094
3.096
3.097
3.098
3.100
3.102
3.102
3.104
3.109
3.113
3.114
3.118
3.119
3.120
3.130
3.132
3.135
3.137
3.140
3.142
3.144
3.148
3.154
3.162
3.168
3.174
3.174
3.182
3.183
3.185
3.186
3.188
3.205
3.213
3.226
3.227
3.237
3.275
