1374334.448297
1410899.528461
1695860.399414
1540556.432302
1515273.235505
1396158.666580
1519754.239120
1509243.837172
1362141.155321
1189932.416661
1397286.532957
1508042.180085
1736112.956246
1523658.823263
1318791.318523
1377617.460197
1636077.791416
1309119.851022
1773490.136562
1406535.030313
1253436.296700
1444616.363768
1636722.421920
1553143.322178
1350418.153499
1807602.461289
1548713.913678
1409108.733265
1146764.662477
1577626.179650
1409081.517148
1526138.538653
1852265.074876
1650753.083938
1429100.914505
1492733.004317
1526910.692025
1778083.280847
1297292.290346
1666192.992937
1529523.686983
1538371.228799
1535374.151985
1461449.104143
1482355.762755
1406795.598468
1446690.047366
1587504.273227
1389003.191995
1897866.411346
1478089.066907
1475676.032309
1623672.258225
1708837.415100
1635297.508177
1383015.476418
1453978.565333
1730881.286606
1369077.371322
1637298.824382
1488341.245621
1446473.384833
1463543.118098
1500571.516973
1642323.529155
1659177.299612
1827218.591417
1659257.319450
1624187.685043
1462984.835107
1656637.527470
1289427.118699
1478982.923301
1313187.928435
1497954.674666
1727304.420704
1690336.830991
1293509.802498
1456995.761156
1768027.494119
1520148.943945
1217646.702047
1419344.441189
1269257.923452
1483671.842674
1938367.265425
1626786.901172
1548038.621868
1587410.670090
1481766.914885
1435526.524198
1375681.001000
1480608.328574
1276737.978587
1338817.882142
1519943.931970
1371788.094971
1531330.444801
1351297.179536
