12.17
12.27
12.40
12.59
12.75
12.89
12.89
12.90
13.02
13.06
13.16
13.21
13.22
13.35
13.42
13.42
13.44
13.50
13.50
13.53
13.53
13.54
13.66
13.70
13.74
13.79
13.82
13.83
13.85
13.91
13.92
13.94
14.00
14.01
14.02
14.06
14.12
14.14
14.14
14.16
14.20
14.28
14.31
14.35
14.40
14.41
14.48
14.56
14.57
14.57
14.58
14.61
14.66
14.76
14.78
14.78
14.78
14.79
14.82
14.82
14.91
14.91
14.96
14.98
14.99
14.99
14.99
15.00
15.02
15.11
15.14
15.15
15.20
15.21
15.23
15.32
15.36
15.38
15.46
15.47
15.55
15.58
15.61
15.72
15.82
15.93
15.98
15.99
16.02
16.03
16.05
16.05
16.13
16.23
16.25
16.34
16.56
16.64
18.94
