12.30
12.76
12.77
12.99
12.99
13.00
13.09
13.11
13.23
13.28
13.29
13.31
13.35
13.36
13.41
13.50
13.53
13.59
13.61
13.65
13.72
13.73
13.78
13.79
13.80
13.81
13.83
13.87
13.90
13.95
13.96
14.01
14.11
14.12
14.13
14.20
14.22
14.25
14.26
14.28
14.31
14.32
14.34
14.35
14.36
14.37
14.37
14.39
14.46
14.47
14.48
14.49
14.51
14.52
14.56
14.62
14.64
14.65
14.67
14.69
14.71
14.79
14.80
14.83
14.87
14.91
14.92
14.93
14.96
14.97
14.97
15.01
15.14
15.15
15.19
15.24
15.25
15.25
15.31
15.32
15.33
15.34
15.41
15.46
15.48
15.51
15.53
15.54
15.57
15.60
15.65
15.67
16.12
16.16
16.32
16.57
16.92
17.17
17.32
