2.128
2.132
2.158
2.159
2.166
2.168
2.170
2.174
2.178
2.206
2.210
2.217
2.225
2.225
2.227
2.233
2.240
2.241
2.252
2.263
2.285
2.285
2.291
2.295
2.296
2.300
2.300
2.307
2.312
2.312
2.329
2.345
2.350
2.354
2.359
2.364
2.369
2.373
2.373
2.374
2.375
2.383
2.385
2.389
2.393
2.394
2.396
2.397
2.397
2.398
2.401
2.404
2.407
2.410
2.411
2.414
2.419
2.422
2.423
2.431
2.436
2.437
2.438
2.440
2.442
2.452
2.459
2.460
2.461
2.462
2.462
2.480
2.481
2.481
2.487
2.490
2.491
2.496
2.498
2.509
2.515
2.520
2.520
2.520
2.531
2.535
2.539
2.540
2.558
2.560
2.566
2.570
2.602
2.602
2.619
2.621
2.643
2.665
2.711
