1.577
1.617
1.656
1.667
1.676
1.711
1.712
1.725
1.739
1.752
1.755
1.759
1.767
1.772
1.777
1.777
1.778
1.780
1.782
1.793
1.795
1.809
1.819
1.832
1.847
1.848
1.849
1.857
1.858
1.877
1.883
1.885
1.889
1.893
1.902
1.907
1.917
1.925
1.933
1.943
1.985
2.015
2.019
2.037
2.048
2.068
2.070
2.116
2.121
2.122
2.130
2.130
2.169
2.185
2.187
2.207
2.250
2.262
2.269
2.271
2.276
2.278
2.288
2.294
2.297
2.329
2.329
2.340
2.345
2.346
2.348
2.358
2.362
2.363
2.369
2.371
2.390
2.393
2.398
2.401
2.409
2.410
2.417
2.430
2.438
2.439
2.441
2.442
2.444
2.454
2.469
2.490
2.497
2.501
2.515
2.521
2.543
2.553
2.710
