1.992
2.086
2.156
2.164
2.165
2.197
2.229
2.258
2.259
2.272
2.290
2.317
2.332
2.347
2.353
2.365
2.384
2.406
2.407
2.413
2.427
2.451
2.460
2.481
2.482
2.485
2.487
2.489
2.489
2.495
2.497
2.497
2.503
2.511
2.521
2.528
2.536
2.539
2.541
2.542
2.545
2.547
2.556
2.558
2.560
2.560
2.565
2.570
2.579
2.580
2.588
2.592
2.595
2.599
2.609
2.620
2.622
2.630
2.634
2.650
2.654
2.655
2.669
2.674
2.675
2.677
2.682
2.686
2.697
2.701
2.704
2.705
2.725
2.729
2.748
2.761
2.776
2.785
2.795
2.801
2.806
2.807
2.821
2.865
2.865
2.872
2.886
2.901
2.922
2.923
2.962
2.998
3.030
3.047
3.058
3.086
3.111
3.266
3.527
