2.283
2.297
2.311
2.335
2.353
2.385
2.397
2.405
2.406
2.418
2.423
2.434
2.436
2.442
2.445
2.446
2.451
2.459
2.474
2.475
2.475
2.480
2.481
2.484
2.489
2.490
2.492
2.493
2.495
2.497
2.497
2.499
2.500
2.513
2.513
2.516
2.518
2.519
2.519
2.519
2.523
2.524
2.530
2.532
2.537
2.543
2.544
2.547
2.548
2.554
2.557
2.578
2.578
2.579
2.584
2.587
2.588
2.594
2.594
2.598
2.605
2.608
2.609
2.612
2.613
2.620
2.622
2.625
2.633
2.633
2.634
2.638
2.643
2.645
2.650
2.651
2.657
2.661
2.664
2.666
2.686
2.695
2.696
2.699
2.717
2.722
2.723
2.724
2.730
2.731
2.739
2.748
2.774
2.776
2.781
2.787
2.791
2.854
2.906
