2.374
2.431
2.483
2.495
2.501
2.508
2.541
2.543
2.565
2.565
2.565
2.573
2.575
2.596
2.599
2.602
2.602
2.606
2.611
2.627
2.631
2.632
2.633
2.635
2.639
2.639
2.646
2.646
2.653
2.655
2.655
2.663
2.663
2.664
2.665
2.671
2.683
2.691
2.697
2.702
2.705
2.705
2.714
2.715
2.722
2.723
2.726
2.727
2.729
2.731
2.733
2.735
2.735
2.737
2.744
2.750
2.752
2.752
2.752
2.753
2.765
2.776
2.784
2.786
2.790
2.795
2.796
2.800
2.803
2.804
2.808
2.812
2.830
2.832
2.835
2.842
2.843
2.853
2.853
2.869
2.887
2.887
2.888
2.890
2.907
2.922
2.929
2.936
2.949
2.958
2.984
2.986
2.991
2.997
2.998
3.056
3.066
3.091
3.128
