2.114
2.138
2.177
2.189
2.229
2.237
2.238
2.252
2.268
2.270
2.271
2.281
2.299
2.300
2.303
2.305
2.306
2.330
2.331
2.345
2.347
2.347
2.352
2.359
2.365
2.370
2.370
2.373
2.375
2.378
2.382
2.398
2.403
2.404
2.412
2.412
2.427
2.431
2.433
2.438
2.439
2.444
2.449
2.459
2.465
2.467
2.477
2.480
2.489
2.492
2.492
2.498
2.502
2.514
2.518
2.522
2.522
2.559
2.562
2.563
2.572
2.573
2.575
2.585
2.592
2.592
2.604
2.613
2.616
2.618
2.638
2.640
2.641
2.641
2.652
2.663
2.664
2.672
2.676
2.678
2.692
2.695
2.708
2.708
2.716
2.739
2.747
2.748
2.753
2.755
2.776
2.778
2.782
2.835
2.844
2.860
2.863
2.924
2.967
