2.400
2.490
2.557
2.582
2.597
2.599
2.599
2.636
2.642
2.643
2.680
2.681
2.709
2.712
2.727
2.732
2.738
2.739
2.741
2.751
2.758
2.760
2.764
2.773
2.777
2.779
2.788
2.788
2.791
2.795
2.796
2.800
2.810
2.814
2.822
2.824
2.828
2.833
2.853
2.855
2.858
2.858
2.860
2.865
2.867
2.871
2.874
2.874
2.877
2.888
2.897
2.905
2.908
2.918
2.921
2.921
2.931
2.934
2.943
2.944
2.949
2.959
2.962
2.962
2.965
2.970
2.973
2.975
2.975
2.981
2.994
3.000
3.001
3.003
3.005
3.015
3.015
3.031
3.037
3.039
3.040
3.047
3.052
3.053
3.099
3.113
3.123
3.124
3.127
3.135
3.138
3.146
3.154
3.158
3.166
3.202
3.203
3.224
3.311
