1.600
1.648
1.664
1.674
1.699
1.699
1.707
1.710
1.714
1.751
1.753
1.754
1.757
1.758
1.764
1.764
1.771
1.773
1.773
1.776
1.779
1.779
1.779
1.780
1.781
1.782
1.793
1.800
1.804
1.808
1.809
1.809
1.814
1.819
1.823
1.825
1.825
1.830
1.830
1.832
1.835
1.835
1.837
1.840
1.841
1.845
1.847
1.847
1.849
1.853
1.857
1.859
1.861
1.862
1.863
1.873
1.873
1.873
1.873
1.876
1.878
1.881
1.882
1.888
1.891
1.897
1.901
1.903
1.904
1.905
1.909
1.910
1.911
1.915
1.917
1.920
1.922
1.923
1.930
1.939
1.939
1.940
1.940
1.946
1.946
1.958
1.963
1.974
1.991
1.995
2.009
2.032
2.054
2.056
2.061
2.063
2.064
2.094
2.107
