2.107
2.188
2.262
2.270
2.280
2.291
2.320
2.322
2.326
2.346
2.351
2.353
2.361
2.364
2.365
2.369
2.374
2.374
2.384
2.386
2.387
2.390
2.390
2.396
2.415
2.418
2.422
2.424
2.424
2.425
2.426
2.429
2.434
2.441
2.445
2.460
2.470
2.470
2.478
2.479
2.485
2.492
2.495
2.501
2.504
2.513
2.514
2.517
2.518
2.525
2.527
2.540
2.547
2.557
2.557
2.558
2.558
2.563
2.568
2.573
2.574
2.577
2.579
2.583
2.591
2.593
2.597
2.599
2.600
2.600
2.603
2.604
2.604
2.605
2.606
2.614
2.623
2.624
2.629
2.640
2.645
2.646
2.655
2.657
2.658
2.659
2.659
2.680
2.685
2.692
2.719
2.735
2.750
2.753
2.757
2.784
2.787
2.825
2.837
