1.581
1.818
1.821
1.838
1.847
1.860
1.890
1.896
1.922
1.922
1.927
1.930
1.944
1.953
1.959
1.965
1.967
1.969
1.970
1.976
1.976
1.976
1.980
1.983
1.987
1.991
1.992
1.992
1.993
1.994
1.995
1.999
1.999
2.003
2.005
2.008
2.008
2.009
2.013
2.014
2.015
2.015
2.015
2.020
2.023
2.027
2.029
2.029
2.031
2.036
2.043
2.047
2.063
2.066
2.068
2.072
2.073
2.080
2.085
2.086
2.089
2.092
2.094
2.095
2.098
2.101
2.105
2.110
2.115
2.116
2.126
2.126
2.127
2.129
2.143
2.144
2.147
2.152
2.155
2.161
2.163
2.176
2.179
2.180
2.181
2.184
2.186
2.192
2.212
2.226
2.228
2.249
2.255
2.261
2.267
2.272
2.277
2.338
2.341
