1.761
1.837
1.849
1.851
1.868
1.870
1.896
1.925
1.929
1.930
1.935
1.936
1.946
1.951
1.952
1.952
1.957
1.961
1.971
1.974
1.978
1.984
1.985
1.987
1.994
1.994
2.005
2.010
2.017
2.019
2.021
2.021
2.027
2.030
2.038
2.041
2.042
2.044
2.056
2.056
2.061
2.069
2.075
2.075
2.076
2.076
2.085
2.087
2.091
2.096
2.100
2.101
2.104
2.111
2.112
2.113
2.116
2.124
2.124
2.126
2.128
2.143
2.147
2.150
2.157
2.160
2.163
2.166
2.168
2.172
2.175
2.179
2.180
2.180
2.195
2.202
2.212
2.213
2.227
2.248
2.250
2.251
2.253
2.256
2.258
2.263
2.271
2.276
2.292
2.301
2.306
2.347
2.356
2.362
2.379
2.410
2.410
2.432
2.452
