1.779
1.904
2.045
2.118
2.140
2.162
2.166
2.172
2.207
2.223
2.224
2.254
2.260
2.321
2.326
2.328
2.344
2.356
2.361
2.365
2.416
2.440
2.452
2.455
2.455
2.461
2.498
2.501
2.514
2.515
2.525
2.526
2.529
2.543
2.543
2.556
2.594
2.594
2.596
2.597
2.604
2.609
2.609
2.615
2.618
2.620
2.623
2.624
2.636
2.636
2.639
2.653
2.663
2.664
2.667
2.670
2.672
2.689
2.692
2.696
2.698
2.701
2.727
2.750
2.759
2.760
2.761
2.763
2.769
2.780
2.784
2.789
2.796
2.803
2.804
2.806
2.807
2.813
2.814
2.815
2.836
2.837
2.838
2.838
2.841
2.844
2.864
2.875
2.883
2.894
2.894
2.900
2.954
2.970
2.973
2.987
3.009
3.033
3.117
