2.005
2.009
2.022
2.027
2.037
2.038
2.056
2.065
2.066
2.067
2.093
2.098
2.110
2.127
2.129
2.129
2.134
2.142
2.150
2.155
2.158
2.163
2.166
2.171
2.171
2.185
2.185
2.193
2.199
2.204
2.205
2.210
2.211
2.219
2.219
2.221
2.222
2.224
2.239
2.248
2.250
2.252
2.254
2.262
2.264
2.268
2.278
2.282
2.284
2.286
2.289
2.291
2.292
2.292
2.295
2.296
2.303
2.305
2.306
2.311
2.311
2.318
2.318
2.323
2.326
2.341
2.341
2.347
2.351
2.352
2.352
2.354
2.362
2.366
2.367
2.367
2.370
2.372
2.375
2.386
2.386
2.387
2.394
2.396
2.398
2.399
2.403
2.424
2.433
2.439
2.445
2.455
2.461
2.462
2.471
2.484
2.484
2.492
2.541
