1.825
1.848
1.883
1.900
1.930
1.963
1.996
2.011
2.027
2.078
2.080
2.086
2.090
2.094
2.099
2.101
2.111
2.117
2.122
2.123
2.123
2.127
2.131
2.133
2.134
2.135
2.138
2.145
2.147
2.150
2.162
2.165
2.180
2.182
2.183
2.188
2.189
2.193
2.194
2.197
2.206
2.206
2.208
2.210
2.213
2.214
2.216
2.219
2.223
2.241
2.242
2.254
2.256
2.257
2.259
2.263
2.265
2.265
2.266
2.267
2.269
2.286
2.305
2.307
2.318
2.319
2.319
2.324
2.324
2.327
2.332
2.333
2.337
2.339
2.354
2.360
2.363
2.374
2.376
2.393
2.401
2.404
2.406
2.407
2.418
2.427
2.429
2.440
2.457
2.470
2.487
2.493
2.493
2.506
2.521
2.534
2.538
2.562
2.640
