1.961
2.153
2.163
2.176
2.196
2.232
2.294
2.322
2.336
2.336
2.336
2.336
2.343
2.349
2.350
2.368
2.372
2.377
2.380
2.383
2.392
2.405
2.405
2.419
2.421
2.433
2.433
2.434
2.440
2.454
2.457
2.457
2.460
2.466
2.469
2.469
2.471
2.471
2.473
2.504
2.518
2.525
2.527
2.539
2.546
2.548
2.550
2.551
2.554
2.560
2.561
2.567
2.574
2.575
2.582
2.591
2.595
2.596
2.597
2.617
2.622
2.633
2.640
2.640
2.653
2.658
2.668
2.673
2.673
2.676
2.686
2.689
2.693
2.699
2.712
2.722
2.722
2.724
2.725
2.736
2.742
2.755
2.768
2.804
2.804
2.813
2.818
2.819
2.833
2.855
2.874
2.876
2.905
2.928
2.965
2.995
3.006
3.021
3.100
