1.701
1.728
1.741
1.741
1.741
1.745
1.748
1.749
1.755
1.761
1.762
1.764
1.769
1.776
1.779
1.780
1.783
1.792
1.795
1.797
1.799
1.800
1.804
1.808
1.812
1.815
1.821
1.825
1.829
1.831
1.832
1.837
1.838
1.844
1.845
1.852
1.854
1.855
1.857
1.867
1.868
1.869
1.875
1.880
1.886
1.897
1.899
1.902
1.904
1.904
1.904
1.910
1.910
1.914
1.916
1.916
1.919
1.920
1.924
1.925
1.925
1.925
1.927
1.929
1.930
1.930
1.933
1.934
1.937
1.944
1.948
1.959
1.970
1.971
1.972
1.973
1.977
1.980
1.981
1.981
1.982
1.985
1.992
1.993
2.001
2.002
2.004
2.010
2.027
2.028
2.035
2.050
2.052
2.057
2.068
2.113
2.170
2.254
2.263
