2.156
2.158
2.192
2.212
2.217
2.242
2.244
2.257
2.257
2.271
2.272
2.276
2.284
2.288
2.291
2.296
2.299
2.302
2.304
2.304
2.310
2.331
2.335
2.335
2.343
2.347
2.350
2.354
2.358
2.360
2.368
2.369
2.369
2.369
2.371
2.376
2.378
2.378
2.383
2.384
2.386
2.387
2.389
2.390
2.396
2.403
2.406
2.410
2.418
2.425
2.428
2.429
2.444
2.449
2.451
2.456
2.459
2.461
2.464
2.466
2.468
2.468
2.468
2.470
2.476
2.480
2.480
2.482
2.482
2.485
2.495
2.495
2.498
2.510
2.511
2.514
2.516
2.518
2.521
2.529
2.538
2.549
2.555
2.559
2.566
2.588
2.609
2.636
2.641
2.645
2.656
2.659
2.666
2.674
2.677
2.697
2.700
2.700
2.714
