1.909
1.988
2.043
2.047
2.059
2.070
2.076
2.081
2.101
2.106
2.107
2.107
2.115
2.127
2.134
2.149
2.149
2.155
2.155
2.165
2.170
2.172
2.176
2.180
2.186
2.189
2.190
2.198
2.204
2.204
2.205
2.211
2.217
2.221
2.221
2.223
2.224
2.231
2.234
2.239
2.240
2.242
2.246
2.251
2.259
2.262
2.263
2.265
2.266
2.270
2.270
2.272
2.272
2.274
2.275
2.279
2.280
2.283
2.292
2.299
2.301
2.304
2.304
2.320
2.322
2.323
2.327
2.328
2.329
2.343
2.346
2.347
2.356
2.357
2.364
2.367
2.368
2.370
2.371
2.381
2.382
2.386
2.389
2.395
2.403
2.421
2.427
2.428
2.434
2.436
2.436
2.436
2.449
2.463
2.474
2.475
2.515
2.541
2.587
