2.218
2.225
2.307
2.311
2.378
2.487
2.514
2.514
2.537
2.567
2.598
2.605
2.616
2.622
2.633
2.647
2.650
2.657
2.663
2.665
2.667
2.669
2.671
2.672
2.678
2.702
2.711
2.713
2.714
2.717
2.722
2.773
2.774
2.792
2.792
2.806
2.814
2.819
2.820
2.820
2.823
2.829
2.841
2.845
2.848
2.848
2.851
2.858
2.862
2.863
2.866
2.876
2.879
2.885
2.889
2.895
2.918
2.921
2.924
2.926
2.928
2.932
2.939
2.950
2.953
2.963
2.969
2.970
2.984
2.995
2.999
3.002
3.010
3.018
3.042
3.044
3.050
3.056
3.057
3.062
3.065
3.077
3.079
3.088
3.091
3.107
3.115
3.124
3.127
3.172
3.194
3.195
3.212
3.218
3.298
3.373
3.377
3.461
3.658
