2.219
2.307
2.315
2.321
2.328
2.328
2.337
2.369
2.370
2.387
2.388
2.389
2.394
2.400
2.407
2.421
2.422
2.430
2.434
2.453
2.455
2.482
2.482
2.483
2.488
2.489
2.496
2.498
2.503
2.507
2.509
2.510
2.520
2.523
2.538
2.539
2.543
2.548
2.551
2.555
2.557
2.557
2.562
2.576
2.577
2.580
2.582
2.584
2.584
2.590
2.593
2.596
2.597
2.603
2.617
2.625
2.625
2.628
2.632
2.635
2.636
2.638
2.639
2.640
2.642
2.644
2.653
2.662
2.668
2.669
2.680
2.684
2.685
2.685
2.689
2.699
2.700
2.702
2.706
2.717
2.718
2.721
2.730
2.735
2.737
2.740
2.760
2.769
2.770
2.771
2.776
2.795
2.810
2.819
2.822
2.829
2.836
2.844
2.865
