1.462
1.524
1.592
1.622
1.640
1.664
1.675
1.677
1.708
1.753
1.764
1.773
1.779
1.780
1.812
1.815
1.834
1.844
1.845
1.845
1.865
1.877
1.887
1.892
1.892
1.901
1.920
1.921
1.921
1.924
1.947
1.966
1.973
1.973
1.973
1.973
1.975
1.975
1.979
1.984
1.988
1.993
2.004
2.012
2.015
2.016
2.018
2.028
2.028
2.033
2.042
2.049
2.053
2.062
2.067
2.072
2.089
2.091
2.093
2.110
2.117
2.123
2.130
2.156
2.159
2.163
2.164
2.172
2.173
2.180
2.182
2.186
2.188
2.193
2.203
2.206
2.218
2.220
2.222
2.229
2.234
2.240
2.241
2.243
2.244
2.247
2.259
2.280
2.307
2.309
2.325
2.329
2.345
2.363
2.373
2.396
2.455
2.510
2.545
