12.42
12.48
12.72
12.84
13.06
13.07
13.10
13.11
13.23
13.36
13.39
13.46
13.50
13.60
13.77
13.82
13.83
13.85
13.97
13.97
14.03
14.06
14.08
14.10
14.13
14.14
14.16
14.17
14.19
14.23
14.23
14.23
14.25
14.28
14.31
14.33
14.33
14.36
14.39
14.39
14.39
14.40
14.42
14.47
14.48
14.48
14.55
14.64
14.66
14.73
14.74
14.78
14.79
14.84
14.86
14.86
14.91
14.93
14.95
14.96
14.98
14.99
15.03
15.04
15.11
15.13
15.13
15.14
15.17
15.17
15.19
15.19
15.20
15.21
15.23
15.27
15.31
15.34
15.40
15.48
15.52
15.55
15.57
15.57
15.59
15.60
15.74
15.81
15.84
15.87
15.90
16.08
16.16
16.29
16.64
16.66
16.97
17.27
17.51
