2.135
2.169
2.171
2.180
2.196
2.197
2.207
2.218
2.253
2.268
2.272
2.296
2.306
2.308
2.310
2.315
2.316
2.323
2.324
2.343
2.349
2.356
2.358
2.382
2.391
2.403
2.408
2.414
2.431
2.434
2.443
2.443
2.448
2.452
2.457
2.480
2.481
2.491
2.495
2.508
2.511
2.519
2.522
2.532
2.538
2.543
2.545
2.548
2.558
2.566
2.594
2.600
2.605
2.613
2.619
2.635
2.637
2.638
2.642
2.643
2.645
2.647
2.649
2.653
2.666
2.666
2.668
2.671
2.671
2.688
2.710
2.715
2.716
2.718
2.722
2.730
2.743
2.747
2.754
2.756
2.774
2.774
2.794
2.799
2.811
2.813
2.814
2.816
2.819
2.869
2.898
2.923
2.936
3.011
3.047
3.050
3.074
3.163
3.303
