1.377
1.607
1.626
1.628
1.639
1.646
1.668
1.672
1.674
1.685
1.686
1.694
1.701
1.727
1.738
1.741
1.741
1.753
1.763
1.768
1.774
1.809
1.819
1.822
1.871
1.887
1.889
1.890
1.891
1.896
1.896
1.900
1.901
1.901
1.904
1.909
1.930
1.950
2.022
2.024
2.028
2.030
2.033
2.050
2.051
2.058
2.062
2.071
2.143
2.151
2.191
2.193
2.211
2.211
2.213
2.234
2.260
2.267
2.281
2.295
2.297
2.305
2.306
2.307
2.310
2.319
2.355
2.360
2.364
2.366
2.367
2.369
2.373
2.385
2.393
2.400
2.403
2.409
2.412
2.416
2.425
2.426
2.428
2.446
2.457
2.478
2.486
2.488
2.493
2.493
2.496
2.497
2.505
2.514
2.515
2.523
2.525
2.527
2.567
