2.074
2.086
2.106
2.108
2.125
2.144
2.161
2.180
2.183
2.197
2.197
2.223
2.227
2.231
2.238
2.251
2.266
2.266
2.268
2.276
2.277
2.278
2.280
2.287
2.287
2.290
2.291
2.294
2.295
2.298
2.301
2.309
2.310
2.315
2.319
2.323
2.323
2.326
2.329
2.332
2.332
2.335
2.338
2.341
2.342
2.348
2.348
2.355
2.362
2.366
2.367
2.370
2.374
2.379
2.380
2.380
2.384
2.385
2.387
2.393
2.397
2.397
2.404
2.407
2.410
2.411
2.412
2.423
2.423
2.431
2.435
2.438
2.438
2.447
2.447
2.453
2.453
2.456
2.460
2.462
2.475
2.494
2.496
2.500
2.508
2.508
2.510
2.510
2.510
2.512
2.517
2.525
2.529
2.539
2.546
2.552
2.567
2.596
2.668
