2.285
2.352
2.394
2.395
2.423
2.436
2.442
2.447
2.451
2.465
2.468
2.472
2.476
2.480
2.482
2.483
2.488
2.489
2.492
2.500
2.502
2.502
2.506
2.513
2.516
2.517
2.519
2.520
2.525
2.528
2.528
2.530
2.539
2.540
2.542
2.545
2.557
2.561
2.563
2.568
2.569
2.569
2.569
2.571
2.572
2.573
2.576
2.577
2.580
2.590
2.593
2.594
2.595
2.598
2.602
2.606
2.609
2.609
2.614
2.618
2.619
2.626
2.627
2.631
2.636
2.643
2.644
2.645
2.653
2.669
2.670
2.671
2.673
2.679
2.687
2.691
2.693
2.693
2.695
2.704
2.712
2.721
2.747
2.749
2.750
2.753
2.765
2.769
2.771
2.775
2.800
2.801
2.829
2.836
2.839
2.859
2.887
2.978
3.021
