1.870
2.051
2.117
2.145
2.151
2.163
2.209
2.210
2.245
2.249
2.254
2.267
2.274
2.286
2.305
2.315
2.337
2.341
2.343
2.351
2.353
2.369
2.372
2.376
2.381
2.384
2.389
2.408
2.414
2.414
2.424
2.451
2.458
2.459
2.465
2.485
2.493
2.504
2.508
2.513
2.517
2.519
2.519
2.532
2.538
2.539
2.547
2.553
2.554
2.566
2.567
2.572
2.573
2.574
2.582
2.585
2.590
2.600
2.604
2.620
2.646
2.648
2.650
2.659
2.660
2.661
2.662
2.665
2.667
2.673
2.673
2.689
2.702
2.760
2.811
2.830
2.832
2.842
2.847
2.849
2.868
2.869
2.877
2.888
2.904
2.917
2.921
2.940
2.988
2.994
3.006
3.025
3.048
3.065
3.071
3.076
3.090
3.240
3.384
