1.994
2.007
2.067
2.078
2.080
2.082
2.091
2.094
2.106
2.111
2.114
2.140
2.145
2.150
2.152
2.153
2.159
2.160
2.168
2.170
2.173
2.176
2.178
2.183
2.188
2.191
2.193
2.203
2.209
2.211
2.212
2.219
2.223
2.226
2.228
2.228
2.229
2.233
2.234
2.248
2.250
2.250
2.261
2.263
2.273
2.273
2.282
2.283
2.283
2.289
2.291
2.294
2.298
2.300
2.303
2.308
2.308
2.308
2.318
2.321
2.325
2.326
2.328
2.332
2.342
2.343
2.355
2.355
2.357
2.362
2.365
2.367
2.371
2.374
2.379
2.380
2.380
2.384
2.385
2.388
2.393
2.412
2.426
2.430
2.448
2.449
2.454
2.456
2.495
2.496
2.518
2.523
2.537
2.538
2.542
2.547
2.560
2.567
2.665
