2.077
2.116
2.127
2.135
2.154
2.176
2.184
2.204
2.211
2.213
2.221
2.223
2.228
2.240
2.248
2.249
2.255
2.257
2.271
2.275
2.277
2.277
2.281
2.286
2.294
2.296
2.299
2.306
2.328
2.331
2.336
2.341
2.342
2.345
2.351
2.361
2.362
2.369
2.372
2.385
2.386
2.391
2.401
2.407
2.417
2.428
2.438
2.447
2.452
2.464
2.466
2.471
2.472
2.479
2.480
2.483
2.484
2.495
2.499
2.500
2.502
2.503
2.507
2.510
2.520
2.526
2.527
2.542
2.550
2.567
2.578
2.589
2.590
2.595
2.608
2.615
2.619
2.628
2.630
2.649
2.672
2.678
2.690
2.695
2.700
2.717
2.717
2.718
2.733
2.740
2.758
2.780
2.782
2.791
2.851
2.859
2.866
2.892
2.908
