2.507
2.617
2.638
2.642
2.671
2.673
2.684
2.702
2.703
2.709
2.718
2.727
2.738
2.742
2.744
2.749
2.756
2.772
2.775
2.778
2.786
2.787
2.791
2.810
2.819
2.825
2.826
2.828
2.843
2.843
2.848
2.849
2.850
2.851
2.857
2.857
2.869
2.870
2.880
2.894
2.901
2.908
2.915
2.923
2.923
2.934
2.937
2.938
2.939
2.942
2.944
2.948
2.948
2.952
2.952
2.952
2.954
2.962
2.982
2.982
2.982
2.989
2.996
2.996
3.007
3.008
3.014
3.015
3.016
3.017
3.024
3.033
3.036
3.043
3.046
3.048
3.050
3.063
3.068
3.073
3.078
3.079
3.098
3.099
3.106
3.112
3.117
3.118
3.127
3.131
3.157
3.166
3.173
3.175
3.193
3.235
3.268
3.299
3.300
