1.634
1.656
1.674
1.702
1.709
1.713
1.714
1.731
1.740
1.745
1.748
1.759
1.764
1.765
1.765
1.772
1.778
1.780
1.785
1.788
1.794
1.802
1.802
1.810
1.811
1.815
1.817
1.817
1.819
1.833
1.834
1.836
1.837
1.837
1.841
1.846
1.850
1.851
1.852
1.852
1.854
1.856
1.857
1.861
1.864
1.864
1.867
1.867
1.868
1.871
1.872
1.875
1.880
1.883
1.884
1.892
1.893
1.893
1.896
1.899
1.902
1.903
1.909
1.911
1.914
1.918
1.919
1.920
1.920
1.923
1.929
1.930
1.931
1.939
1.940
1.940
1.942
1.944
1.953
1.953
1.963
1.967
1.973
1.975
1.977
1.981
1.981
1.985
1.987
1.994
1.994
1.999
2.006
2.017
2.019
2.038
2.058
2.059
2.067
