1.967
1.992
2.019
2.033
2.034
2.045
2.052
2.053
2.060
2.073
2.079
2.091
2.123
2.124
2.133
2.142
2.143
2.158
2.166
2.167
2.172
2.191
2.196
2.197
2.197
2.200
2.203
2.208
2.215
2.218
2.220
2.220
2.221
2.221
2.229
2.230
2.231
2.232
2.238
2.246
2.250
2.255
2.255
2.259
2.263
2.274
2.277
2.284
2.297
2.298
2.306
2.307
2.309
2.315
2.319
2.323
2.325
2.335
2.335
2.338
2.339
2.350
2.358
2.361
2.365
2.367
2.375
2.376
2.383
2.389
2.409
2.412
2.415
2.427
2.442
2.442
2.458
2.484
2.488
2.492
2.498
2.513
2.534
2.536
2.553
2.566
2.571
2.573
2.575
2.577
2.628
2.639
2.648
2.648
2.672
2.699
2.745
2.802
2.928
