2.413
2.519
2.545
2.557
2.561
2.587
2.612
2.615
2.619
2.626
2.630
2.631
2.634
2.636
2.638
2.639
2.643
2.666
2.668
2.673
2.675
2.684
2.687
2.698
2.701
2.702
2.706
2.706
2.711
2.712
2.717
2.724
2.725
2.726
2.728
2.739
2.745
2.746
2.747
2.771
2.771
2.776
2.780
2.784
2.785
2.801
2.802
2.803
2.808
2.810
2.811
2.812
2.813
2.814
2.818
2.823
2.825
2.831
2.835
2.836
2.838
2.838
2.839
2.853
2.855
2.867
2.869
2.871
2.871
2.883
2.886
2.887
2.890
2.893
2.895
2.896
2.915
2.918
2.931
2.934
2.937
2.963
2.966
2.974
2.975
2.977
2.998
2.999
3.017
3.035
3.039
3.040
3.047
3.067
3.068
3.070
3.071
3.105
3.230
