1.331
1.930
2.005
2.036
2.104
2.191
2.218
2.285
2.287
2.294
2.312
2.328
2.345
2.347
2.389
2.398
2.421
2.424
2.431
2.431
2.443
2.449
2.463
2.475
2.478
2.488
2.493
2.499
2.504
2.506
2.515
2.515
2.524
2.524
2.544
2.549
2.552
2.556
2.565
2.572
2.575
2.577
2.579
2.582
2.583
2.589
2.605
2.611
2.636
2.638
2.643
2.647
2.655
2.667
2.668
2.687
2.687
2.694
2.702
2.703
2.703
2.705
2.716
2.722
2.730
2.734
2.741
2.745
2.760
2.772
2.777
2.780
2.790
2.804
2.808
2.808
2.817
2.842
2.846
2.851
2.857
2.860
2.861
2.872
2.884
2.891
2.892
2.912
2.920
2.955
2.981
2.983
3.011
3.019
3.026
3.030
3.073
3.112
3.327
