2.013
2.098
2.118
2.190
2.195
2.213
2.222
2.232
2.271
2.271
2.274
2.296
2.305
2.311
2.323
2.354
2.362
2.372
2.394
2.398
2.402
2.411
2.425
2.429
2.441
2.446
2.457
2.460
2.463
2.465
2.465
2.467
2.471
2.482
2.495
2.496
2.502
2.503
2.508
2.511
2.514
2.515
2.526
2.528
2.528
2.530
2.539
2.551
2.554
2.555
2.561
2.567
2.572
2.575
2.579
2.582
2.583
2.585
2.588
2.596
2.597
2.602
2.611
2.611
2.613
2.613
2.627
2.632
2.635
2.652
2.656
2.659
2.662
2.665
2.675
2.678
2.685
2.690
2.696
2.696
2.699
2.706
2.715
2.731
2.763
2.765
2.775
2.789
2.807
2.810
2.816
2.834
2.837
2.842
2.842
2.875
2.887
2.962
3.097
