1.845
1.907
1.918
1.988
2.002
2.040
2.053
2.058
2.064
2.074
2.077
2.086
2.095
2.098
2.104
2.109
2.118
2.122
2.131
2.133
2.139
2.145
2.147
2.151
2.152
2.152
2.156
2.161
2.161
2.162
2.171
2.177
2.183
2.184
2.189
2.191
2.208
2.209
2.215
2.216
2.220
2.220
2.222
2.225
2.230
2.233
2.238
2.240
2.249
2.250
2.260
2.264
2.273
2.275
2.280
2.281
2.282
2.283
2.287
2.289
2.293
2.295
2.296
2.299
2.300
2.304
2.305
2.315
2.315
2.317
2.326
2.334
2.339
2.348
2.356
2.358
2.364
2.372
2.375
2.375
2.378
2.385
2.389
2.396
2.399
2.423
2.440
2.443
2.443
2.444
2.450
2.462
2.464
2.469
2.475
2.517
2.519
2.559
2.661
