1.910
1.933
1.935
1.936
1.957
1.974
1.977
1.978
1.995
1.998
2.009
2.014
2.033
2.038
2.038
2.040
2.046
2.052
2.053
2.054
2.062
2.072
2.074
2.079
2.089
2.092
2.100
2.101
2.102
2.103
2.104
2.105
2.110
2.116
2.118
2.119
2.124
2.125
2.126
2.138
2.141
2.145
2.149
2.156
2.163
2.164
2.192
2.192
2.192
2.197
2.206
2.214
2.218
2.219
2.233
2.235
2.242
2.244
2.268
2.268
2.276
2.277
2.278
2.280
2.282
2.283
2.283
2.286
2.287
2.289
2.289
2.294
2.296
2.297
2.302
2.305
2.316
2.323
2.331
2.332
2.335
2.337
2.340
2.342
2.350
2.352
2.357
2.362
2.364
2.367
2.371
2.378
2.397
2.404
2.406
2.410
2.410
2.436
2.521
