1.519
1.574
1.602
1.623
1.628
1.631
1.656
1.657
1.663
1.664
1.679
1.680
1.681
1.681
1.689
1.695
1.700
1.702
1.710
1.717
1.720
1.720
1.721
1.722
1.737
1.744
1.746
1.749
1.753
1.757
1.759
1.763
1.764
1.766
1.766
1.773
1.776
1.777
1.778
1.781
1.784
1.788
1.790
1.804
1.806
1.808
1.809
1.812
1.814
1.817
1.822
1.824
1.827
1.830
1.835
1.844
1.846
1.848
1.850
1.851
1.852
1.855
1.868
1.876
1.879
1.886
1.889
1.891
1.893
1.894
1.897
1.898
1.898
1.898
1.903
1.907
1.908
1.910
1.914
1.916
1.927
1.939
1.948
1.950
1.969
1.973
1.980
1.980
1.998
2.003
2.022
2.030
2.050
2.053
2.063
2.091
2.098
2.098
2.192
