1.206
1.222
1.247
1.284
1.289
1.297
1.309
1.322
1.323
1.323
1.332
1.349
1.353
1.358
1.359
1.360
1.361
1.364
1.368
1.368
1.369
1.369
1.374
1.377
1.380
1.383
1.383
1.383
1.385
1.391
1.402
1.402
1.407
1.409
1.410
1.410
1.412
1.417
1.417
1.418
1.421
1.429
1.431
1.434
1.436
1.437
1.440
1.441
1.443
1.456
1.461
1.462
1.464
1.469
1.471
1.471
1.474
1.475
1.481
1.483
1.484
1.484
1.486
1.492
1.493
1.497
1.501
1.503
1.506
1.507
1.507
1.507
1.518
1.522
1.525
1.527
1.529
1.544
1.549
1.550
1.556
1.557
1.559
1.565
1.571
1.587
1.590
1.601
1.601
1.604
1.609
1.619
1.633
1.637
1.687
1.697
1.736
1.740
1.836
