1.791
1.848
1.902
1.924
1.926
1.929
1.929
1.933
1.940
1.956
1.986
1.993
2.003
2.015
2.015
2.024
2.024
2.025
2.025
2.032
2.032
2.036
2.055
2.056
2.060
2.063
2.065
2.065
2.073
2.077
2.078
2.081
2.086
2.086
2.089
2.090
2.090
2.093
2.093
2.096
2.099
2.102
2.111
2.114
2.116
2.124
2.126
2.126
2.130
2.140
2.147
2.148
2.153
2.155
2.156
2.157
2.159
2.163
2.165
2.166
2.167
2.173
2.185
2.188
2.191
2.192
2.199
2.200
2.200
2.202
2.203
2.207
2.215
2.219
2.221
2.238
2.238
2.252
2.253
2.264
2.275
2.276
2.279
2.284
2.306
2.308
2.315
2.330
2.353
2.354
2.372
2.372
2.375
2.380
2.385
2.410
2.427
2.465
2.554
