1.962
2.068
2.097
2.108
2.124
2.126
2.141
2.145
2.148
2.152
2.171
2.175
2.187
2.189
2.204
2.210
2.221
2.224
2.233
2.234
2.238
2.239
2.239
2.240
2.246
2.256
2.260
2.265
2.266
2.270
2.277
2.278
2.278
2.290
2.294
2.295
2.305
2.308
2.310
2.320
2.323
2.325
2.329
2.337
2.339
2.341
2.341
2.342
2.347
2.349
2.353
2.353
2.356
2.357
2.357
2.359
2.369
2.377
2.381
2.383
2.387
2.392
2.395
2.402
2.412
2.414
2.414
2.417
2.419
2.420
2.430
2.447
2.450
2.453
2.457
2.465
2.475
2.478
2.483
2.487
2.490
2.499
2.502
2.508
2.518
2.519
2.523
2.524
2.546
2.549
2.549
2.554
2.557
2.581
2.597
2.603
2.617
2.624
2.659
