2.035
2.148
2.164
2.201
2.208
2.213
2.228
2.229
2.230
2.233
2.238
2.243
2.244
2.247
2.252
2.253
2.258
2.259
2.263
2.263
2.267
2.276
2.289
2.290
2.297
2.306
2.315
2.315
2.317
2.317
2.318
2.318
2.324
2.325
2.330
2.348
2.360
2.363
2.364
2.368
2.368
2.371
2.379
2.379
2.387
2.392
2.398
2.399
2.402
2.416
2.416
2.418
2.423
2.425
2.427
2.429
2.430
2.432
2.432
2.434
2.434
2.444
2.452
2.453
2.456
2.457
2.459
2.469
2.474
2.474
2.485
2.486
2.488
2.490
2.491
2.492
2.498
2.509
2.522
2.524
2.530
2.537
2.539
2.541
2.550
2.561
2.565
2.568
2.569
2.575
2.593
2.614
2.615
2.624
2.629
2.656
2.663
2.664
2.752
