1.919
1.932
1.988
2.011
2.013
2.025
2.030
2.035
2.041
2.047
2.060
2.065
2.072
2.086
2.087
2.090
2.101
2.103
2.110
2.116
2.130
2.130
2.131
2.135
2.136
2.140
2.140
2.141
2.148
2.149
2.153
2.154
2.159
2.160
2.166
2.175
2.177
2.185
2.191
2.194
2.195
2.196
2.201
2.203
2.207
2.208
2.214
2.215
2.219
2.220
2.225
2.228
2.230
2.235
2.239
2.244
2.245
2.258
2.260
2.263
2.277
2.279
2.280
2.282
2.283
2.283
2.284
2.288
2.288
2.293
2.294
2.298
2.302
2.305
2.308
2.314
2.314
2.318
2.321
2.321
2.333
2.336
2.338
2.338
2.342
2.355
2.356
2.360
2.366
2.367
2.369
2.369
2.386
2.398
2.407
2.428
2.468
2.472
2.474
