2.199
2.343
2.423
2.498
2.550
2.555
2.556
2.572
2.591
2.610
2.614
2.626
2.632
2.633
2.634
2.635
2.638
2.643
2.645
2.654
2.654
2.659
2.660
2.664
2.681
2.688
2.692
2.697
2.713
2.716
2.728
2.734
2.747
2.762
2.767
2.768
2.769
2.775
2.776
2.780
2.783
2.794
2.795
2.796
2.797
2.804
2.804
2.806
2.807
2.813
2.813
2.830
2.837
2.843
2.857
2.861
2.867
2.881
2.881
2.888
2.890
2.891
2.901
2.901
2.905
2.911
2.921
2.925
2.925
2.944
2.971
2.984
2.989
2.992
2.994
2.995
3.002
3.002
3.005
3.008
3.014
3.020
3.046
3.051
3.091
3.101
3.106
3.127
3.129
3.130
3.141
3.159
3.185
3.215
3.264
3.304
3.332
3.695
3.905
