1.706
1.740
1.772
1.789
1.793
1.795
1.795
1.797
1.804
1.822
1.828
1.837
1.846
1.848
1.850
1.861
1.872
1.875
1.877
1.878
1.888
1.891
1.892
1.898
1.909
1.911
1.912
1.916
1.919
1.919
1.921
1.928
1.933
1.933
1.941
1.942
1.943
1.948
1.952
1.953
1.955
1.956
1.962
1.973
1.974
1.979
1.979
1.981
1.986
1.988
1.990
1.992
1.992
1.992
2.001
2.003
2.005
2.007
2.014
2.016
2.022
2.023
2.023
2.026
2.030
2.030
2.037
2.037
2.042
2.045
2.049
2.050
2.055
2.057
2.057
2.059
2.059
2.066
2.076
2.081
2.084
2.087
2.088
2.088
2.095
2.103
2.108
2.110
2.120
2.133
2.145
2.152
2.158
2.159
2.170
2.180
2.189
2.236
2.295
