2.146
2.234
2.238
2.264
2.289
2.338
2.354
2.357
2.365
2.378
2.396
2.405
2.407
2.418
2.419
2.424
2.431
2.432
2.444
2.445
2.454
2.457
2.459
2.466
2.474
2.475
2.480
2.486
2.486
2.486
2.492
2.492
2.492
2.504
2.514
2.517
2.520
2.521
2.523
2.523
2.527
2.528
2.539
2.547
2.549
2.553
2.558
2.558
2.560
2.570
2.570
2.575
2.579
2.580
2.581
2.584
2.586
2.590
2.595
2.603
2.603
2.604
2.606
2.617
2.619
2.622
2.622
2.625
2.629
2.633
2.640
2.646
2.647
2.648
2.653
2.654
2.665
2.666
2.667
2.667
2.673
2.675
2.679
2.689
2.690
2.706
2.717
2.718
2.720
2.730
2.737
2.738
2.741
2.757
2.758
2.774
2.803
2.837
2.847
