2.021
2.040
2.082
2.085
2.098
2.111
2.120
2.122
2.130
2.135
2.136
2.140
2.140
2.142
2.146
2.152
2.167
2.167
2.178
2.180
2.194
2.197
2.204
2.210
2.222
2.223
2.227
2.232
2.242
2.244
2.246
2.249
2.250
2.252
2.253
2.258
2.265
2.268
2.274
2.274
2.276
2.286
2.286
2.287
2.294
2.301
2.302
2.304
2.307
2.307
2.308
2.312
2.313
2.325
2.336
2.348
2.350
2.351
2.353
2.362
2.373
2.375
2.377
2.379
2.379
2.381
2.383
2.396
2.401
2.414
2.423
2.425
2.427
2.428
2.432
2.436
2.436
2.438
2.440
2.447
2.448
2.458
2.459
2.468
2.469
2.474
2.482
2.487
2.487
2.489
2.497
2.516
2.538
2.553
2.578
2.593
2.611
2.671
2.724
