2.141
2.223
2.304
2.310
2.342
2.355
2.362
2.373
2.378
2.391
2.402
2.406
2.413
2.415
2.422
2.436
2.448
2.454
2.459
2.463
2.470
2.470
2.473
2.479
2.498
2.501
2.506
2.511
2.514
2.518
2.520
2.521
2.529
2.535
2.536
2.539
2.545
2.551
2.552
2.554
2.564
2.566
2.567
2.567
2.569
2.570
2.573
2.583
2.584
2.585
2.585
2.587
2.589
2.595
2.597
2.599
2.610
2.612
2.612
2.613
2.617
2.622
2.626
2.628
2.638
2.639
2.641
2.642
2.647
2.649
2.656
2.657
2.662
2.664
2.665
2.669
2.675
2.675
2.677
2.681
2.688
2.690
2.699
2.711
2.711
2.713
2.726
2.734
2.741
2.741
2.749
2.752
2.756
2.761
2.801
2.833
2.843
2.854
2.886
