1.465
1.473
1.551
1.555
1.592
1.617
1.625
1.626
1.636
1.640
1.671
1.713
1.719
1.724
1.732
1.747
1.757
1.765
1.794
1.807
1.820
1.835
1.857
1.868
1.879
1.891
1.894
1.907
1.909
1.916
1.950
1.953
1.955
1.980
1.993
1.997
1.998
2.001
2.004
2.011
2.016
2.017
2.032
2.039
2.040
2.046
2.050
2.058
2.060
2.070
2.079
2.079
2.093
2.096
2.106
2.114
2.119
2.123
2.127
2.133
2.133
2.142
2.147
2.152
2.167
2.169
2.171
2.174
2.175
2.195
2.218
2.220
2.230
2.231
2.232
2.236
2.258
2.263
2.265
2.266
2.270
2.275
2.296
2.305
2.315
2.315
2.317
2.324
2.331
2.342
2.351
2.394
2.396
2.429
2.445
2.449
2.525
2.533
2.545
