2.517
2.659
2.662
2.687
2.694
2.809
3.001
3.022
3.030
3.042
3.054
3.108
3.124
3.162
3.208
3.230
3.232
3.257
3.259
3.260
3.264
3.266
3.273
3.283
3.294
3.300
3.301
3.305
3.306
3.354
3.354
3.364
3.376
3.379
3.380
3.407
3.431
3.447
3.451
3.458
3.460
3.466
3.481
3.482
3.484
3.488
3.489
3.499
3.504
3.507
3.509
3.515
3.536
3.555
3.555
3.555
3.558
3.565
3.566
3.585
3.611
3.613
3.620
3.633
3.634
3.644
3.645
3.650
3.656
3.656
3.674
3.681
3.688
3.699
3.709
3.716
3.722
3.739
3.741
3.742
3.743
3.745
3.764
3.770
3.773
3.808
3.817
3.820
3.852
3.883
3.891
3.902
4.001
4.005
4.019
4.035
4.101
4.127
4.130
