2.475
2.544
2.556
2.561
2.576
2.580
2.612
2.639
2.646
2.649
2.650
2.652
2.657
2.661
2.663
2.671
2.683
2.693
2.702
2.706
2.711
2.722
2.722
2.727
2.730
2.730
2.730
2.733
2.736
2.743
2.752
2.752
2.754
2.760
2.761
2.775
2.775
2.777
2.780
2.780
2.783
2.785
2.791
2.795
2.798
2.799
2.802
2.802
2.805
2.815
2.830
2.840
2.843
2.850
2.851
2.856
2.856
2.858
2.877
2.879
2.880
2.886
2.886
2.896
2.897
2.899
2.904
2.907
2.908
2.911
2.921
2.924
2.924
2.928
2.930
2.933
2.935
2.940
2.941
2.945
2.946
2.953
2.954
2.956
2.959
2.983
2.994
2.994
3.018
3.019
3.024
3.032
3.037
3.074
3.082
3.105
3.114
3.130
3.199
