2.178
2.206
2.250
2.255
2.267
2.273
2.292
2.293
2.294
2.296
2.307
2.316
2.318
2.326
2.327
2.328
2.338
2.342
2.347
2.348
2.353
2.361
2.385
2.389
2.403
2.406
2.413
2.414
2.422
2.425
2.427
2.428
2.431
2.431
2.431
2.437
2.441
2.446
2.447
2.448
2.450
2.450
2.453
2.454
2.455
2.465
2.470
2.489
2.489
2.490
2.491
2.492
2.494
2.503
2.504
2.505
2.507
2.507
2.512
2.519
2.523
2.523
2.525
2.527
2.529
2.531
2.532
2.539
2.544
2.547
2.550
2.554
2.554
2.558
2.560
2.563
2.571
2.578
2.579
2.581
2.595
2.597
2.621
2.626
2.646
2.650
2.660
2.662
2.663
2.666
2.689
2.734
2.760
2.789
2.798
2.802
2.809
2.839
2.843
