1.851
1.884
1.890
1.911
1.933
1.937
1.938
1.939
1.944
1.948
1.950
1.962
1.964
1.968
1.979
1.984
1.986
1.990
1.993
1.994
1.994
2.005
2.006
2.006
2.008
2.019
2.019
2.025
2.035
2.036
2.038
2.045
2.058
2.064
2.065
2.065
2.068
2.070
2.071
2.073
2.074
2.085
2.087
2.087
2.090
2.099
2.102
2.104
2.108
2.126
2.127
2.128
2.133
2.139
2.140
2.142
2.142
2.147
2.149
2.157
2.159
2.163
2.169
2.170
2.176
2.184
2.187
2.191
2.195
2.195
2.199
2.204
2.208
2.210
2.211
2.214
2.218
2.218
2.227
2.229
2.234
2.236
2.247
2.254
2.258
2.261
2.275
2.280
2.285
2.285
2.290
2.297
2.305
2.322
2.331
2.357
2.387
2.388
2.394
