1.725
1.788
1.891
1.915
1.927
1.933
1.949
1.965
1.965
1.990
1.991
2.001
2.003
2.031
2.040
2.045
2.065
2.072
2.074
2.078
2.081
2.082
2.083
2.088
2.088
2.089
2.105
2.105
2.116
2.116
2.121
2.122
2.125
2.131
2.132
2.133
2.149
2.151
2.158
2.163
2.167
2.176
2.181
2.186
2.192
2.196
2.201
2.202
2.203
2.206
2.211
2.211
2.213
2.218
2.222
2.224
2.228
2.233
2.238
2.244
2.246
2.250
2.251
2.254
2.256
2.259
2.260
2.260
2.262
2.265
2.266
2.273
2.276
2.288
2.294
2.299
2.300
2.303
2.311
2.320
2.324
2.326
2.338
2.348
2.357
2.362
2.375
2.400
2.404
2.415
2.460
2.464
2.471
2.478
2.479
2.481
2.510
2.519
2.521
