2.455
2.811
2.970
3.099
3.181
3.186
3.191
3.207
3.244
3.261
3.288
3.302
3.363
3.410
3.413
3.414
3.442
3.446
3.448
3.450
3.469
3.469
3.473
3.504
3.531
3.545
3.545
3.551
3.557
3.567
3.579
3.581
3.591
3.600
3.615
3.620
3.624
3.629
3.631
3.642
3.660
3.660
3.676
3.685
3.692
3.695
3.697
3.711
3.713
3.731
3.732
3.732
3.735
3.742
3.747
3.753
3.760
3.762
3.769
3.773
3.774
3.784
3.800
3.806
3.806
3.807
3.807
3.808
3.810
3.813
3.815
3.823
3.829
3.836
3.842
3.846
3.850
3.861
3.862
3.875
3.877
3.879
3.891
3.897
3.901
3.902
3.932
3.933
3.963
3.971
4.006
4.010
4.034
4.047
4.080
4.106
4.109
4.160
4.174
