1122567
1007919
1031370
1077185
1062898
1182129
989096
1070248
838195
1130296
1135396
1027360
1211987
1078457
1116244
968751
1123154
1015015
1129912
1208612
1212076
1134185
1291759
1201754
1094636
1050281
1209371
1002772
912084
1125436
1005677
1031312
1078087
914845
1078007
1089940
1115738
958355
1009392
1111807
1170160
1017916
1124440
1080960
1080320
897304
982897
1046122
940262
1050381
1388515
1250947
1223313
1076023
1005213
1138353
1068644
1040343
920166
1121002
1147213
985963
1101132
1248432
888525
965325
1125293
1195516
1088299
970198
1016642
1002318
1013176
1074220
1168599
1004618
866127
1212230
1167738
1221579
1248218
1262054
1067377
1306248
1211710
1078533
1121780
950159
966617
1164508
1080112
1181311
1014797
1292322
1274523
1022439
1245134
1014188
910752
1104889
1066541
1283812
1291077
1029714
1174451
1016905
1049448
1207972
1109366
1153823
1160075
1010116
1141580
918908
1165086
1026356
968883
