0.019206
0.038197
0.035644
0.010750
0.018478
0.031706
0.021092
0.031386
0.010983
0.043409
0.027338
0.020848
0.065353
0.031545
0.037363
0.018680
0.014951
0.027390
0.028189
0.016349
0.048483
0.036214
0.028093
0.012984
0.085365
0.018985
0.039971
0.027283
0.016511
0.066166
0.017026
0.026542
0.023444
0.019920
0.008025
0.087720
0.028342
0.051339
0.031119
0.037373
0.023543
0.038483
0.013605
0.018147
0.024089
0.030472
0.006203
0.018906
0.031941
0.019145
0.070438
0.015770
0.017874
0.035857
0.010176
0.031011
0.026608
0.018242
0.020660
0.039396
0.035746
0.024980
0.023620
0.031689
0.004729
0.025568
0.029782
0.013740
0.061670
0.022173
0.039894
0.007279
0.012073
0.020566
0.027403
0.021173
0.027348
0.020472
0.018535
0.023807
0.020132
0.031019
0.026580
0.033281
0.012598
0.021624
0.025731
0.019546
0.019732
0.076974
0.037477
0.016052
0.041259
0.045523
0.007055
0.018173
0.050293
0.004718
0.015996
0.018085
0.032385
0.022245
0.078714
0.046869
0.009113
0.016196
0.021829
0.049119
0.033189
0.071179
0.044515
0.020135
0.025238
0.014358
0.041845
0.021498
0.035502
