1.0373
0.85433
1.0912
1.0249
0.89123
0.90217
1.1019
0.98407
1.3634
0.96834
0.94805
1.0367
1.2364
1.1305
1.1532
1.0543
1.0484
1.0562
0.95427
1.2125
0.99051
0.95465
0.95017
1.2204
0.89617
0.85478
1.0362
1.0944
1.2428
0.78201
1.1323
1.0841
0.9657
1.1896
1.1103
1.1287
1.0619
1.0619
0.93124
0.78919
0.77126
1.2038
0.88883
0.99295
0.99785
1.2095
0.9528
1.0292
1.0239
0.78967
0.90668
0.96318
0.83988
1.0389
0.84392
1.0199
1.0742
1.3411
1.1236
1.0176
1.0678
0.97235
0.80742
1.1303
1.1442
0.78805
1.0731
1.0597
0.88707
1.2001
0.94127
1.1974
1.0039
0.96421
1.2992
0.88717
1.0875
0.78757
0.98708
1.0183
0.88455
1.3099
1.013
1.0777
1.302
1.2699
0.86356
0.95914
0.73836
0.8724
1.0042
1.0425
1.1176
1.1511
0.90385
1.1533
0.98433
0.83271
0.95043
0.78595
0.92669
0.89855
0.9279
1.0416
1.0818
0.96679
0.87049
0.97988
0.91334
1.0668
0.96342
0.94588
1.0071
1.1888
1.0198
1.2337
1.0664
0.98429
1.0417
0.94883
1.132
1.0036
1.1079
1.0956
1.085
0.85134
0.9574
1.0598
0.93375
1.0902
0.79823
1.032
0.9968
1.0517
1.0237
0.65019
0.90436
1.19
0.81677
0.93222
1.2139
1.0647
0.97452
0.86312
0.82203
0.94459
1.3496
1.043
1.0687
1.0739
0.8642
1.093
0.77917
1.0603
1.0051
0.96072
0.99693
0.98504
0.81342
1.0355
1.1102
0.97754
0.93564
1.4052
1.0222
0.92791
1.374
0.89886
1.2182
1.1453
0.93501
0.79804
0.90469
1.0666
1.1904
1.2017
0.96284
1.105
0.93036
0.91808
0.99001
1.2274
0.95625
1.0612
0.90813
1.1775
1.1688
1.1847
1.1711
0.84152
1.0236
1.122
1.0196
1.056
0.94177
1.049
0.89685
1.0684
0.95419
0.87203
0.9129
1.1728
0.87415
0.97229
1.005
0.83358
0.94423
1.2101
1.0158
1.1628
0.83445
0.81948
0.96321
0.83842
1.0387
1.0279
1.113
1.0649
0.92902
1.004
1.0469
1.1089
1.2023
0.86716
0.97812
1.005
1.039
0.91118
0.87015
1.0459
1.2083
1.0501
1.0388
1.0342
1.0107
0.85165
1.2563
0.90344
0.85573
0.80676
1.1704
0.85091
1.1273
0.96762
1.1254
1.0388
0.99016
0.99397
0.85783
0.98232
1.0158
1.2471
0.93499
1.1166
0.97856
1.1618
1.0235
1.2056
0.77415
1.2388
1.0274
1.065
0.83995
1.1129
1.0939
1.0287
0.88171
0.83645
1.1034
0.81644
1.1422
0.76987
1.0755
1.0672
0.87158
0.85966
1.0603
1.0419
1.2508
0.84763
0.98341
1.0837
1.0743
0.87563
0.91015
0.94555
0.98113
1.0901
1.0542
1.0565
1.2636
1.0494
0.75468
0.80231
1.1211
1.1335
1.0927
1.0646
0.97428
0.92295
1.1351
1.0481
1.0273
1.0107
0.81755
0.89349
1.1888
1.0536
0.89623
1.007
0.72111
1.1784
1.0511
0.9076
1.1442
0.85078
1.4744
1.0828
1.1883
0.98706
0.78662
1.2575
1.2016
1.051
1.1533
0.89458
1.1246
1.3169
0.98085
1.2112
1.1308
1.1732
1.1917
1.1097
1.0133
0.84332
0.67843
1.1291
0.81649
0.92536
0.86071
1.1247
0.87125
1.0981
1.052
1.1603
1.0966
1.054
1.1317
0.98597
0.89077
0.90818
1.0969
0.71583
1.0675
0.93529
1.1916
1.024
0.98141
1.0951
1.2201
0.94211
0.95749
0.76873
1.1662
0.84567
1.044
0.97099
0.96939
0.97563
1.0659
0.9224
0.95999
0.99766
1.0246
1.0532
1.1057
0.94217
0.9625
0.99018
1.249
1.1591
1.1259
1.1404
0.78856
0.9926
1.048
0.97707
1.2235
1.0845
1.0524
0.99096
0.75033
1.1427
1.006
1.1918
1.1046
1.3454
1.0189
1.4057
0.9498
0.79406
1.1268
1.1971
0.96326
1.0526
1.127
0.81777
0.91794
0.76456
0.96694
1.0156
0.92859
0.91684
0.98124
1.0279
1.0009
1.2031
1.1998
1.2486
0.84337
1.1673
0.96193
1.1136
1.1347
1.0461
0.78112
0.87164
0.99215
1.1202
1.1435
1.0915
1.1354
1.1344
0.92979
0.88812
0.88624
1.2918
1.2075
1.02
0.95674
1.0478
1.2304
1.0149
0.9419
1.1357
1.1895
0.94506
1.1339
0.98981
1.2252
1.1564
1.0916
0.85763
0.87497
1.1691
1.1144
0.75519
0.85684
1.0099
1.179
0.90442
0.85215
1.1635
1.154
1.0858
0.95861
0.91486
0.9401
1.0278
1.0116
0.90821
0.82185
1.094
1.0877
1.1605
1.1022
0.73775
1.2636
1.0459
1.1672
0.95308
0.89159
1.0136
1.256
1.0556
0.9978
1.1644
0.95275
1.0704
1.0952
0.90857
0.96375
1.011
0.92484
1.2876
1.1466
1.3126
1.0357
1.1518
1.1169
1.1268
1.2934
0.86142
1.2016
1.0166
1.0151
1.1542
0.84582
0.98645
0.65545
1.0904
1.1999
0.95677
1.2738
1.1676
1.2803
1.1501
1.1079
0.84772
0.9846
1.0684
0.96841
0.93531
1.2836
1.2014
1.0434
0.93234
0.88362
0.97065
1.1392
1.1863
1.0952
1.0329
0.98181
1.4134
0.79571
1.1029
1.0487
0.95568
1.2316
1.0381
1.0061
1.0683
1.0145
0.9959
1.2202
0.93261
1.1407
1.0866
1.0867
0.74595
0.97604
1.0722
0.93168
1.0548
1.0688
0.68739
0.94812
1.0318
0.9194
0.90027
1.0169
1.2024
1.0085
0.87936
1.1134
0.89725
1.0111
1.1863
0.91249
1.1525
1.2024
1.3014
0.7825
1.0848
1.0386
0.7511
0.9077
1.2998
0.90725
1.1333
1.0551
0.93922
0.88276
0.93365
1.084
0.76388
0.73603
1.0021
0.85389
1.0696
0.75441
1.1194
1.095
1.1097
1.201
1.118
1.1196
1.0469
1.0469
1.2148
0.97418
0.93976
0.8645
1.1552
1.1082
1.101
0.96728
1.0075
0.90648
1.0429
0.74221
0.88018
0.79511
1.147
1.1317
1.0808
1.2628
1.1048
0.84613
0.86708
1.0209
1.0485
1.1612
1.0116
0.98945
0.90596
1.0736
0.91031
0.9652
1.109
1.1278
1.0579
0.93412
0.66067
1.1552
1.1364
1.0793
0.75918
1.0143
1.0788
1.1464
0.8712
1.038
0.9502
0.94073
1.0131
1.054
1.098
1.0048
1.135
0.85664
1.0883
1.1836
1.0105
0.98795
0.88715
0.9584
0.95863
0.88709
0.87015
1.1817
1.1278
1.074
1.0998
1.039
1.1378
1.0256
1.0279
1.0495
0.77949
0.91728
1.0242
0.95202
1.1686
1.2099
1.0204
0.86409
0.80255
1.2907
0.97532
0.97155
0.9027
0.75044
1.1195
0.93329
1.1642
0.98494
1.0568
1.0659
1.0343
1.1773
1.1606
0.92222
1.0161
1.119
1.0393
1.0475
0.84285
0.84237
1.1019
1.2641
1.0906
1.1036
1.1878
1.145
0.87401
0.84069
0.9841
1.1439
0.95072
1.0687
0.97369
0.96919
0.89169
0.80151
1.1047
1.0972
1.05
1.0683
0.94501
