-0.015075
0.0017804
-0.0038294
-0.027698
0.0034109
0.01114
-0.012081
-0.0048626
-0.0085854
-0.029901
-0.038255
-0.020982
-0.05597
0.013288
-0.029392
-0.026846
-0.022162
-0.0087668
0.028958
-0.018628
-0.012911
-0.015928
-0.0010808
-0.03615
0.03566
0.0012314
0.0025264
-0.033373
-0.024913
0.011978
-0.00029038
-0.018915
0.018572
-0.023886
-0.028664
-0.012522
0.0050454
0.032486
-0.014396
0.16662
0.01062
-0.0096814
-0.0087082
-0.018037
-0.0143
-0.022672
-0.013152
-0.025179
-0.017689
-0.0033528
0.017756
-0.0050012
0.019806
0.00055976
0.0082921
-0.020804
0.029421
-0.032747
-0.005928
0.017542
-0.003124
0.016196
0.020714
-0.0344
-0.0081404
0.029768
-0.008696
-0.0049485
0.039382
-0.04332
0.029183
-0.034316
0.0065555
-0.016646
-0.01211
-0.0096704
-0.017255
0.024338
-0.025458
-0.016454
-0.0045834
-0.019734
-0.0095681
-0.031125
-0.040403
-0.015763
-0.0060473
0.0012635
0.077767
0.06312
0.0022547
-0.014727
-0.012731
-0.036797
-0.02744
-0.019894
0.030731
0.019377
0.021649
0.018879
0.03748
-0.001164
-0.0078919
-0.0039522
-4.0483e-05
-0.014833
0.083639
0.0086581
0.029242
-0.013096
-0.01697
0.085932
-0.021734
-0.025786
0.012617
-0.0471
0.0024547
-0.027591
-0.0036892
0.016985
-0.0074455
0.00010283
-0.017358
-0.027678
0.026205
-0.0081951
-0.014735
-0.0027542
0.02642
-0.015943
0.059249
-0.034487
-0.026263
-0.0056822
-0.0063689
0.12511
0.0022819
-0.0069454
0.025701
0.019937
-0.040154
-0.00065833
0.0014423
0.018418
0.019473
0.029222
-0.016121
-0.01633
-0.023669
-0.024204
0.0098493
-0.028433
0.029265
-0.0030843
0.0016085
-0.0053685
-0.028529
-0.02343
0.017338
-0.024971
-0.0082052
0.011715
-0.025088
-0.036158
-0.013018
0.10492
-0.034406
0.049818
-0.012648
-0.00079487
0.054015
0.018427
-0.00083848
-0.023318
-0.0281
-0.019726
-0.017759
-0.022872
-0.002922
-0.027851
-0.0082586
-0.0062373
-0.0013079
-0.0040174
0.018348
-0.026587
-0.011338
-0.021072
-0.010097
-0.012884
-0.032389
-0.016781
0.020473
-0.00060473
-0.023582
-0.031977
0.030658
0.00035463
0.019726
0.016003
-0.0090589
-0.034821
-0.0026192
-0.012415
-0.0055361
0.0020469
-0.029684
-0.01995
-0.022601
0.0098782
0.015969
-0.0047925
0.0071869
0.0030034
0.0014025
-0.018484
-0.029643
0.0030008
0.010295
-0.0087729
0.023355
0.052547
-0.0031937
0.024109
-0.0044838
0.0022843
-0.0060588
0.0071279
0.011859
-0.020673
-0.0099884
0.011527
-0.0055335
-0.016301
0.0044009
0.057621
0.0036288
0.028671
0.00098713
0.036188
-0.026756
0.010046
-0.021167
0.039032
-0.021873
-0.0093809
-0.0028123
0.021144
0.0082693
-0.010214
0.0012062
-0.027424
-0.0073054
-0.022795
-0.022367
-0.037647
-0.0096452
-0.033547
0.04393
-0.051801
-0.017126
-0.011272
0.01187
-5.211e-05
-0.0080838
0.058533
0.057958
0.028041
-0.0083318
-0.0017364
-0.025028
0.036176
0.079999
-0.0092086
0.014188
-0.0054083
-0.016426
0.038434
-0.0021086
0.058393
-0.0079632
-0.014711
-0.024625
0.029262
0.063978
-0.021128
0.010263
-0.0026024
0.010064
-0.010515
-0.01575
-0.013638
0.0087548
0.031611
-0.018934
-0.024696
-0.013597
-0.032475
-0.015471
0.014986
-0.031301
0.005808
0.011282
-0.028486
-0.0015513
-0.00036304
-0.017747
-0.022102
0.050021
-0.0028187
0.041547
-0.040405
-0.0012712
-0.015551
0.00029811
0.076106
-0.04017
-0.020754
-0.021156
0.0045411
-0.0024577
-0.017885
-0.023168
-0.0013826
-0.017779
0.00058999
-0.042662
-0.06176
-0.008725
-0.043828
-0.026099
-0.023055
-0.0049419
-0.022258
-0.012327
0.0066805
0.042013
-0.024237
0.046065
-0.0076781
0.050549
-0.014214
0.022362
-0.027369
-0.029918
0.0098648
0.018981
-0.0093451
-0.029163
0.012908
0.067073
-0.023252
0.0013448
0.034736
-0.010577
0.0075611
-0.022128
-0.011428
-0.00074236
-0.00061532
-0.047995
-0.00010227
0.01768
0.057538
-0.025988
0.01841
0.0058836
-0.025144
0.010019
0.026364
-0.010477
-0.0095411
-0.0061491
-0.027719
-0.018934
-0.012623
-0.014538
-0.0078478
-0.0045284
0.037773
0.0073006
-0.027128
-0.025566
-0.033606
-0.0027506
-0.031013
-0.0014075
-0.0068251
-0.031543
-0.023776
0.028534
-0.029258
0.10567
-0.016858
0.0040515
-0.034317
-0.0034938
-0.05328
-0.0041805
-0.049507
-0.036426
-0.011994
-0.021392
-0.021729
0.044076
-0.00027362
-0.0049862
0.025759
0.0010358
0.013764
0.019953
0.00030519
-0.016013
-0.026472
-0.00068955
-0.024218
0.0095277
-0.022499
-0.037353
-0.00095773
0.0067346
-0.011601
0.021216
-0.012337
-0.013077
0.031643
0.041726
0.018798
-0.023445
-0.0030156
-0.011523
0.037552
0.0068864
-0.030362
-0.0050931
-0.013754
0.065862
-0.040486
-0.015168
0.023443
0.058673
-0.0024507
-0.038027
-0.0302
-0.015829
-0.036863
-0.016778
-0.01558
-0.019174
-0.011505
-0.03448
-0.012908
-0.026811
0.047288
-0.0089247
-0.016556
-0.021837
0.21451
0.021
0.0044646
-0.028886
-0.014088
0.048713
-0.028043
0.023578
-0.021758
-0.00095891
0.040693
-0.0094023
-0.032905
0.017368
0.018292
0.094466
-0.024116
-0.017818
-0.012076
0.0063103
0.030696
-0.027225
-0.03592
0.030217
0.028474
0.0018346
-0.011315
-0.044206
-0.005072
-0.016437
-0.019874
0.020758
-0.019685
-0.029817
0.013831
-0.016767
-0.022911
-0.021008
-0.034892
-0.034766
-0.04039
-0.0045429
-0.021512
-0.027919
-0.029097
-0.028402
-0.020763
-0.054226
0.087222
-0.016449
-0.022347
0.012799
0.0071195
0.11903
-0.01134
-0.010089
0.020622
-0.035286
-0.030804
-0.036871
-0.0010231
0.028187
-0.01055
-0.023903
-0.023243
-0.0024385
0.083482
-0.026845
-0.021802
-0.047842
-0.038443
-0.0039183
-0.016355
-0.011184
-0.041035
-0.015655
-0.02538
0.0024653
-0.062147
0.023447
-0.028453
-0.016623
-0.013914
0.013212
-0.026439
0.0027004
0.0038499
-0.007671
-0.024129
-0.026724
0.003737
0.00017678
0.0080188
-0.025626
0.029873
-0.008594
-0.025268
0.0017783
-0.0081965
0.038379
0.017355
-0.015614
-0.0061532
-0.0013528
0.0040071
-0.029635
-0.019062
0.011465
-0.0064368
0.0019486
-0.010197
-0.017922
-0.022066
0.015936
-0.013283
-0.0072546
-0.039744
-0.0026844
-0.019682
-0.024491
-0.0033605
0.025918
-0.0057076
-0.0069554
-0.032093
-0.018144
0.086851
0.020806
0.02191
-0.0032407
0.076333
0.0535
-0.0057357
-0.0081315
-0.0036514
0.018556
-0.014123
-0.01569
-0.040374
0.0033294
0.0067131
-0.026318
0.0069733
-0.0080872
-0.051305
0.035343
0.037383
0.0068209
-0.044586
-0.0045461
-0.029064
0.027168
-0.0046584
0.00028325
-0.0035174
-0.00011638
0.062177
0.011746
-0.01507
0.024404
0.0045633
-0.029055
-0.016347
-0.010639
-0.0060828
-0.013988
-0.0067971
-0.017878
-0.029872
0.067891
-0.0054604
0.02665
-0.020161
-0.0015491
-0.023933
0.014608
0.014213
0.005145
0.024989
-0.035348
-0.012907
0.010129
0.028772
-0.017628
-0.019847
0.014684
-0.013409
-0.0027951
-0.017424
0.075554
0.0067337
0.0063791
-0.031309
0.035987
-0.032139
0.013681
-0.01926
-0.010693
0.0004094
0.0011974
0.049338
0.027978
-0.03171
0.053568
0.021965
-0.032564
0.021112
-0.017162
-0.02265
-0.014788
-0.029913
-0.031867
-0.014788
0.024056
0.0084013
0.099469
-0.00097094
-0.002393
-0.019179
-0.020359
-0.0065572
0.017139
-0.016127
-0.020464
0.044382
0.0097265
-0.0055462
0.049034
-0.03954
-0.0034679
-0.018232
-0.024047
0.0035365
-0.028457
-0.0010498
-0.0017566
-0.016964
0.0054584
0.0048033
-0.013475
-0.019
-0.0025303
0.051891
0.033386
-0.0074707
-0.031577
-0.025207
0.031498
-0.0061178
-0.023019
0.053318
-0.015517
0.013092
0.019316
0.016952
-0.022991
-0.0070029
0.003916
0.033585
0.0065692
-0.025891
-0.01191
0.0069607
-0.020326
-0.012944
