0.6872
0.67059
0.72683
0.76954
0.69765
0.67603
0.74265
0.69586
0.7412
0.70758
0.71113
0.67885
0.75942
0.70278
0.70958
0.75251
0.66621
0.6816
0.76877
0.75124
0.75545
0.66495
0.71536
0.78164
0.72523
0.71775
0.66988
0.69162
0.73199
0.61516
0.73661
0.72657
0.67801
0.76408
0.77564
0.70921
0.75956
0.79443
0.74698
0.66355
0.6277
0.73404
0.71455
0.73311
0.63915
0.75873
0.67281
0.75092
0.7727
0.55435
0.68272
0.80186
0.71538
0.64017
0.69134
0.66596
0.74091
0.80156
0.7957
0.76375
0.78047
0.72357
0.68037
0.76523
0.75195
0.59829
0.76653
0.74364
0.71032
0.69377
0.7637
0.71945
0.78022
0.71704
0.76707
0.63115
0.71515
0.60378
0.69934
0.72983
0.71538
0.7941
0.79373
0.70089
0.81389
0.70027
0.58803
0.63328
0.68354
0.70897
0.67595
0.68274
0.78371
0.72695
0.59009
0.75054
0.66389
0.60635
0.71666
0.64877
0.70235
0.6859
0.71458
0.68845
0.74473
0.73616
0.71008
0.7451
0.73412
0.711
0.6861
0.70729
0.71502
0.7543
0.77359
0.79207
0.72513
0.71422
0.68322
0.74248
0.73988
0.70876
0.76728
0.77553
0.77448
0.66382
0.75872
0.74324
0.75393
0.7689
0.67849
0.73648
0.63388
0.76379
0.75629
0.5462
0.6947
0.80613
0.69859
0.71851
0.79446
0.74146
0.75152
0.63911
0.66018
0.71101
0.72248
0.74388
0.76481
0.74292
0.72747
0.76319
0.65453
0.72924
0.76389
0.657
0.72707
0.75906
0.66347
0.74304
0.78192
0.68881
0.76047
0.77209
0.75234
0.67995
0.77562
0.69941
0.73405
0.76535
0.70054
0.6321
0.71967
0.72047
0.76707
0.77574
0.71422
0.74098
0.69771
0.72499
0.74613
0.79161
0.755
0.7767
0.77048
0.70572
0.79372
0.79224
0.80402
0.66625
0.70401
0.78978
0.75043
0.72339
0.72976
0.72687
0.70582
0.69006
0.65801
0.73975
0.75184
0.75777
0.7319
0.72987
0.7289
0.69109
0.65555
0.81625
0.75194
0.76492
0.68012
0.72089
0.75822
0.69481
0.75494
0.7717
0.7887
0.70108
0.70629
0.73882
0.72434
0.79201
0.78392
0.74057
0.7541
0.7879
0.77283
0.76512
0.68857
0.76918
0.75896
0.74485
0.78097
0.75605
0.74699
0.71009
0.77848
0.68827
0.62298
0.65197
0.76737
0.678
0.78032
0.70324
0.77972
0.75393
0.74307
0.74048
0.76416
0.75464
0.70065
0.77449
0.7507
0.7919
0.76297
0.72587
0.66219
0.74952
0.69054
0.75806
0.75444
0.73528
0.73596
0.74045
0.75067
0.72564
0.73843
0.71958
0.79364
0.6499
0.74725
0.63726
0.70621
0.78351
0.66984
0.59341
0.74798
0.76991
0.70705
0.67037
0.75962
0.79225
0.76213
0.6948
0.73009
0.73679
0.75021
0.72917
0.75479
0.71981
0.7362
0.73207
0.58981
0.65272
0.74458
0.76404
0.73601
0.77731
0.70251
0.6979
0.75309
0.69037
0.75249
0.71076
0.62245
0.64992
0.73908
0.73569
0.65505
0.6018
0.56479
0.71011
0.73875
0.71459
0.73213
0.71071
0.74409
0.75078
0.74981
0.79876
0.53697
0.78483
0.7689
0.76272
0.7832
0.69902
0.68728
0.74935
0.7346
0.80591
0.75978
0.77755
0.76972
0.76557
0.78239
0.67159
0.58967
0.76106
0.66514
0.74652
0.64151
0.72313
0.70193
0.74895
0.71851
0.80765
0.70938
0.764
0.72357
0.73283
0.64244
0.77529
0.6954
0.60072
0.69585
0.73327
0.76064
0.76634
0.73949
0.72797
0.76649
0.69781
0.75644
0.62335
0.80289
0.63404
0.76582
0.73167
0.73477
0.70546
0.75324
0.77006
0.73401
0.76561
0.75324
0.72165
0.73461
0.72945
0.75936
0.66194
0.73582
0.72569
0.81717
0.78945
0.67912
0.734
0.76384
0.70111
0.76173
0.66185
0.7352
0.70131
0.64085
0.68898
0.67143
0.78898
0.7599
0.75137
0.78054
0.70481
0.65067
0.60753
0.79238
0.73872
0.71424
0.74542
0.76326
0.62303
0.68848
0.69328
0.64787
0.71724
0.74297
0.70422
0.72602
0.69761
0.73473
0.79473
0.81131
0.75671
0.69599
0.76279
0.73228
0.72722
0.78713
0.70937
0.69897
0.57257
0.72372
0.77803
0.77792
0.71258
0.75523
0.77599
0.66539
0.74439
0.69384
0.80128
0.77944
0.6637
0.72806
0.68638
0.77338
0.69135
0.72116
0.78503
0.73479
0.71319
0.77847
0.72734
0.82018
0.70032
0.76437
0.71481
0.63931
0.73641
0.73007
0.54697
0.69746
0.69531
0.80353
0.70459
0.52305
0.7569
0.75152
0.66497
0.65364
0.6703
0.61494
0.78069
0.71453
0.61098
0.65695
0.6859
0.72112
0.76159
0.80715
0.64689
0.72872
0.71801
0.70875
0.71137
0.66304
0.78139
0.80079
0.76541
0.73077
0.79947
0.77514
0.72137
0.74642
0.6848
0.7518
0.78048
0.66487
0.71363
0.72004
0.78456
0.70787
0.73509
0.81616
0.69469
0.7244
0.675
0.81278
0.75079
0.65054
0.71497
0.68861
0.70589
0.48138
0.70486
0.80819
0.72614
0.7371
0.77973
0.71895
0.79937
0.74637
0.71245
0.69681
0.75476
0.71174
0.71705
0.70509
0.78645
0.6906
0.62573
0.67575
0.73426
0.76838
0.72357
0.77912
0.70692
0.67704
0.72175
0.66848
0.79429
0.78368
0.73898
0.78229
0.72681
0.69493
0.79679
0.72006
0.69362
0.78213
0.70021
0.76587
0.77235
0.7064
0.6097
0.6635
0.65953
0.68592
0.69092
0.78522
0.61628
0.66303
0.7949
0.69315
0.65827
0.7477
0.77084
0.73784
0.71517
0.77589
0.67935
0.70955
0.73104
0.70589
0.74715
0.71805
0.79376
0.60557
0.68896
0.69953
0.65445
0.7097
0.82207
0.65856
0.7361
0.7478
0.65871
0.72107
0.71988
0.7719
0.5568
0.5759
0.73312
0.54297
0.7419
0.66954
0.75898
0.75715
0.7866
0.81025
0.76786
0.78851
0.69881
0.70083
0.71866
0.7118
0.73775
0.68283
0.77553
0.79203
0.77965
0.73056
0.76494
0.72676
0.75119
0.64628
0.68696
0.65274
0.71525
0.6888
0.67585
0.79164
0.77884
0.66774
0.71074
0.73079
0.78719
0.71885
0.71381
0.75397
0.73702
0.73911
0.71908
0.69782
0.67639
0.78411
0.80352
0.72633
0.61569
0.80347
0.74212
0.78428
0.65283
0.72152
0.74582
0.79433
0.71272
0.79483
0.73673
0.7584
0.77255
0.78426
0.78425
0.7684
0.7867
0.71191
0.73533
0.75184
0.74247
0.72508
0.71644
0.76109
0.74453
0.68728
0.6963
0.80226
0.76857
0.73807
0.77881
0.7979
0.76487
0.74748
0.74704
0.63381
0.72486
0.72259
0.77271
0.77
0.75165
0.77968
0.76503
0.59434
0.61908
0.76155
0.74225
0.74238
0.70302
0.65261
0.73521
0.68635
0.80252
0.73807
0.79198
0.75188
0.74565
0.77309
0.74905
0.72205
0.74594
0.77579
0.76165
0.76912
0.67204
0.68745
0.80905
0.77764
0.73419
0.78256
0.78831
0.7744
0.66413
0.67708
0.75943
0.78141
0.72435
0.77545
0.68922
0.71517
0.69553
0.6551
0.72283
0.79537
0.7462
0.78741
0.77317
