238.02
220.95
188.85
155.64
175.86
196.785
215.37
146.01
184.39
206.41
178.855
206.64
231.22
165.27
199.96
179.46
185.12
211.63
162.05
225.43
208.625
133.18
173.08
185.215
136.93
188.69
76.75
216.31
146.39
147.74
175.41
206.97
216.80
221.865
266.45
152.17
166.82
175.355
248.605
95.825
166.37
138.12
154.135
201.495
193.885
238.265
142.92
175.76
204.075
179.84
144.08
170.35
194.51
140.24
140.845
200.85
179.325
208.735
194.19
190.495
112.22
148.73
135.835
168.22
168.64
145.91
182.965
200.18
95.88
150.12
148.82
210.77
188.945
156.995
199.42
195.68
160.57
129.69
148.515
168.48
123.92
200.93
202.32
154.695
190.32
147.92
110.77
120.40
127.71
162.91
103.15
145.21
161.2
138.23
112.905
214.27
133.87
156.19
125.44
133.71
138.79
136.995
159.985
180.48
202.785
208.845
111.795
149.405
144.66
218.045
166.6
144.44
192.795
167.675
162.695
206.06
140.46
198.97
146.745
108.445
164.81
142.33
227.22
181.01
149.27
140.64
200.61
176.575
190.135
181.295
87.385
193.075
162.84
204.1
156.785
92.095
162.675
167.475
160.92
98.37
191.48
194.465
188.59
168.18
146.935
183.68
207.64
207.075
210.575
210.345
147.625
158.505
178.75
218.81
151.605
208.79
223.005
134.02
126.64
150.39
176.365
138.59
164.285
171.175
160.14
134.35
227.80
145.185
145.73
148.455
176.725
172.31
137.55
200.52
199.17
153.62
191.975
219.335
175.245
178.235
179.66
145.38
181.88
204.935
162.565
168.46
151.33
194.095
165.185
118.045
208.065
208.38
186.32
196.6
178.86
192.92
118.62
280.83
219.27
272.405
182.48
196.3
154
214.35
179.42
126.315
136.88
205.125
213.315
189.585
233.94
158.02
122.815
200.64
152.225
187.165
196.14
179.91
180.21
201.66
182.755
170.925
232.045
153.47
156.06
201.115
176.185
167.48
168.585
195.47
193.66
173.06
234.065
163.175
200.48
197.225
184.57
143.28
180.2
133.525
227.28
231.85
192.475
201.01
145.125
234.135
208.075
204.285
165.82
184.475
229.13
182.725
179.445
180.84
175.605
208.99
157.05
173.18
133.93
271.935
211.42
181.295
153.24
264.695
230.045
153.535
130.655
127.645
236.625
147.07
235.73
107.965
83.05
232.995
180.52
136.945
186.68
174.545
215.68
219.195
172.93
241.49
211.28
162.115
116.91
176.555
130.08
148.97
174.625
192.58
156.355
128.545
108.87
203.84
168.935
233.93
179.605
202.92
169.095
183.295
165.38
211.2
162.46
191.27
168.62
225.83
202.35
165.10
121.86
163.57
184.61
172.615
141.88
162.475
197.70
93.245
156.70
233.88
159.51
188.025
145.24
176.62
188.525
164.02
142.24
209.155
187.1
153.18
279.97
198.82
206.125
164.26
228.3
182.685
249.46
156.965
132.24
154.355
152.76
175.18
189.91
143.33
165.775
208.18
178.08
163.575
120.89
222.37
240.045
154.155
88.04
188.195
158.94
80.335
174.385
157.38
210.26
200.605
155.265
188.99
190.355
223.375
159.025
114.985
151.135
185.62
183.52
162.54
142.08
157.65
152.485
253.985
142.91
180.125
192.645
205.88
202.68
122.09
187.785
131.97
145.96
216.125
189.305
148.18
130.68
224.635
207.275
173.37
173.54
144.46
132.34
179.93
99.61
179.82
314.34
235.96
181.67
212.89
133.9
183.84
270.50
151.38
250.91
207.36
190.035
160.92
158.135
179.56
164.085
126.245
159.87
112.385
205.395
128.03
141.525
178.195
175.305
190.865
190.205
266.535
120.185
207.935
157.545
225.815
187.65
191.94
157.125
43.83
247.715
149.085
149.61
107.71
206.90
173.895
137.03
133.82
132.355
208.215
181.19
203.35
147.87
205.30
169.13
212.78
242.52
204.845
204.125
188.14
133.075
255.95
185.125
313.14
175.105
141.485
166.68
187.79
147.04
62.625
126.735
165.47
186.32
136.095
134.80
247.44
143.875
201.68
218.70
107.88
183.55
195.365
115.93
121.55
113.995
190.28
182.50
268.29
157.43
122.13
174.55
215.12
199.39
151.36
154.82
181.795
223.615
138.115
222.715
164.585
211.31
230.6
147.53
136.26
166.615
268.05
219.28
174.65
170.295
222.96
178.905
230.505
191.655
185.55
236.24
255.28
190.3
68.14
211.44
170.54
164.92
216.10
78.99
228.52
170.715
157.635
209.825
182.06
232.06
155.16
214.7
146.015
197.085
150.245
253.80
156.755
240.32
200.585
232.67
267.49
188.86
183.195
174.99
213.84
206.315
220.98
223.34
207.91
176.53
209.505
178.18
202.045
166.36
195.95
190.98
179.145
168.615
230.315
213.34
195.26
169.995
152.345
221.03
170.17
238.69
147.33
256.03
214.95
169.725
124.25
222.52
120.3
126.66
172.97
193.72
204.605
168.185
135.055
249.895
202.86
134.87
265.76
144.89
141.7
213.425
217.53
177.79
188.02
244.17
233.805
225.785
168.14
140.31
147.36
206.64
102.95
140.35
139.68
213.425
128.38
129.17
207.03
171.39
186.645
175.655
204.54
176.24
229.515
170.34
137.415
168.875
115.75
163.24
227.23
165.48
169.77
201.45
203.185
171.295
223.13
145.17
179.595
162.09
187.015
151.345
133.11
105.325
187.43
49.58
198.46
213.27
173.64
147.115
140.215
227.265
157.965
165.33
166.03
168.95
179.415
150.195
171.08
100.96
205.69
128.225
181.105
189.255
170.77
248.665
201.09
103.72
140.57
163.655
217.03
130.085
142.99
153.58
235.31
82.58
134.975
140.2
153.645
143.765
228.51
186.775
204
202.465
250
196.645
130.655
239.435
143.405
170.38
131.05
166.54
246.96
287.00
164.31
189.82
138.15
169.755
176.55
160.81
180.04
97.06
155.54
157.69
201.59
199.215
150.215
185.09
164.58
132.80
137.745
134.285
136.545
113.85
149.11
152.3
192.305
227.7
140.725
147.105
150.15
157.4
199.435
164.76
202.29
238.875
186.045
207.515
120.70
102.275
183.625
180.61
208.665
156.77
242.78
172.615
107.19
174.735
145.945
143.14
112.335
130.275
188.72
165.185
200.21
150.96
185.165
210.66
227.485
183.795
193.24
