0.3996
0.3322
0.53732
0.51324
0.47132
0.34312
0.26148
0.71452
0.36052
0.53648
0.40212
0.44024
0.47348
0.4656
0.5096
0.52228
0.52264
0.40772
0.3852
0.54612
0.55944
0.53724
0.5506
0.5432
0.34288
0.6106
0.37916
0.52088
0.6644
0.55384
0.33792
0.43488
0.3536
0.57084
0.35976
0.39888
0.39732
0.7794
0.34172
0.53128
0.29492
0.68124
0.425
0.50712
0.42656
0.24892
0.43172
0.46084
0.37772
0.45616
0.64104
0.46588
0.34404
0.49124
0.7938
0.4918
0.50252
0.4038
0.3582
0.3938
0.48164
0.32916
0.58216
0.392
0.4756
0.58272
0.3642
0.60308
0.60444
0.45648
0.31968
0.35196
0.39228
0.37184
0.40336
0.61612
0.55948
0.51232
0.44776
0.557
0.26952
0.58252
0.46452
0.66
0.4502
0.59876
0.39624
0.54776
0.47596
