0.33473
0.26335
0.32076
0.29635
0.29808
0.35624
0.14743
0.46904
0.45796
0.30229
0.29002
0.25757
0.15822
0.32837
0.35937
0.44035
0.20188
0.17551
0.12022
0.32349
0.48545
0.24492
0.29869
0.23216
0.47659
0.36008
0.35355
0.2379
0.21759
0.2711
0.096204
0.34337
0.32753
0.24288
0.26712
0.20361
0.14757
0.31953
0.20127
0.27551
0.19796
0.13076
0.33896
0.24455
0.24855
0.1938
0.29922
0.3642
0.28149
0.37312
0.32624
0.2458
0.28261
0.44908
0.45755
0.20118
0.26316
0.30388
0.21192
0.18482
0.15222
0.24584
0.4081
0.11169
0.23029
0.2621
0.28449
0.30543
0.31857
0.29263
0.13365
0.24706
0.3849
0.29641
0.15416
0.25904
0.14341
0.31667
0.22029
0.5331
0.26788
0.29914
0.31157
0.33853
0.17165
0.30443
0.36257
0.26214
0.31322
