0.313
0.17825
0.29375
0.31825
0.15
0.222
0.1755
0.4055
0.2835
0.49
0.1955
0.2965
0.29175
0.502
0.4225
0.44025
0.31425
0.20875
0.4085
0.3785
0.48625
0.307
0.129
0.46575
0.402
0.45825
0.349
0.23425
0.4785
0.3235
0.1575
0.29125
0.4045
0.245
0.24075
0.238
0.1705
0.263
0.10625
0.3365
0.28875
0.28075
0.1615
0.4
0.3215
0.0615
0.34325
0.43125
0.45375
0.14475
0.15575
0.5785
0.47775
0.519
0.25525
0.38425
0.41775
0.5155
0.357
0.35925
0.18825
0.4095
0.2585
0.2565
0.066
0.28075
0.13975
0.24125
0.312
0.386
0.16925
0.3275
0.12375
0.37075
0.234
0.29375
0.47375
0.36375
0.32875
0.36725
0.32825
0.391
0.42375
0.5035
0.14525
0.39325
0.544
0.26675
0.27575
