0.37533
0.20889
0.47011
0.41433
0.471
0.53456
0.28867
0.50756
0.59867
0.55511
0.48878
0.49478
0.474
0.40678
0.469
0.41778
0.40911
0.273
0.30622
0.38278
0.44656
0.13844
0.26333
0.31322
0.38011
0.54733
0.61956
0.41489
0.41367
0.31267
0.32622
0.70722
0.37122
0.40022
0.50567
0.28656
0.465
0.51767
0.624
0.60022
0.19833
0.17911
0.34322
0.57567
0.41444
0.23267
0.59644
0.26267
0.28789
0.49956
0.41833
0.37444
0.39533
0.38367
0.60578
0.55689
0.55011
0.33556
0.25622
0.158
0.46844
0.43056
0.546
0.33222
0.445
0.45633
0.42789
0.245
0.33967
0.44789
0.39167
0.25244
0.27567
0.29089
0.27122
0.551
0.41778
0.28011
0.14
0.58511
0.56644
0.54044
0.672
0.40544
0.523
0.64689
0.791
0.466
0.45811
