0.165
0.1385
0.2135
0.06375
0.30275
0.22075
0.08975
0.2375
0.08525
0.068
0.32375
0.188
0.09775
0.2345
0.3095
0.22425
0.199
0.1305
0.25025
0.24
0.2835
0.43825
0.01025
0.31825
0.50925
0.21525
0.36725
0.12225
0.06825
0.135
0.0595
0.332
0.10125
0.2575
0.13775
0.24375
0.1425
0.31475
0.20275
0.16525
0.0265
0.11075
0.24325
0.117
0.071
0.18025
0.226
0.37875
0.3465
0.02275
0.039
0.2615
0.262
0.27
0.4425
0.19025
0.2165
0.20625
0.074
0.14975
0.079
0.2215
0.149
0.1535
0.06225
0.0355
0.22425
0.158
0.00525
0.179
0.28825
0.21975
0.11325
0.14125
0.1555
0.335
0.04275
0.09675
0.13075
0.2575
0.093
-0.16
0.1225
0.012
0.23125
0.17275
0.38325
0.071
0.289
