0.28358
0.41006
0.36675
0.40278
0.20422
0.40322
0.46453
0.4655
0.36203
0.37692
0.43856
0.30597
0.36992
0.44253
0.44347
0.381
0.46956
0.21217
0.38083
0.33253
0.47572
0.22186
0.31783
0.54319
0.33547
0.34939
0.50403
0.38708
0.35875
0.38414
0.21306
0.51822
0.33633
0.23519
0.31264
0.095278
0.33386
0.50853
0.28844
0.49347
0.29531
0.52642
0.44981
0.55139
0.38208
0.60106
0.19972
0.39708
0.26422
0.47072
0.34222
0.36406
0.29358
0.55086
0.50303
0.45758
0.48744
0.37528
0.15794
0.41733
0.44553
0.49264
0.4805
0.33767
0.30447
0.58431
0.46178
0.31925
0.28936
0.44147
0.44692
0.26944
0.35558
0.28547
0.24464
0.50375
0.55767
0.30097
0.17792
0.30497
0.52372
0.52008
0.75481
0.24886
0.36683
0.43172
0.47511
0.40553
0.42558
