0.32
0.49833
0.35744
0.42978
0.061444
0.17711
0.36433
0.37478
0.36944
0.21967
0.24478
0.51911
0.38278
0.43711
0.47167
0.195
0.18122
0.38222
0.24767
0.48589
0.42478
0.376
0.30378
0.32689
0.48
0.54244
0.31867
0.21033
0.387
0.17433
0.082111
0.54222
0.295
0.12233
0.25822
0.20556
0.21778
0.23211
0.383
0.27133
0.30122
0.37967
0.22978
0.31133
0.38467
0.40833
0.29289
0.25711
0.65467
0.42289
0.35889
0.40556
0.151
0.291
0.39389
0.46311
0.33467
0.30944
0.121
0.30844
0.17322
0.30244
0.25144
0.30411
0.18622
0.39033
0.543
0.34589
0.31667
0.40278
0.21167
0.29233
0.33822
0.14744
0.20256
0.37267
0.47911
0.42478
0.21544
0.19944
0.34367
0.41
0.385
0.21989
0.28144
0.29122
0.14733
0.30189
0.19111
