0.35681
0.12406
0.27056
0.40056
0.19475
0.38912
0.29475
0.39556
0.503
0.36481
0.42238
0.37981
0.45588
0.57619
0.45788
0.54425
0.34519
0.283
0.20825
0.24731
0.39213
0.28581
0.28819
0.70075
0.3475
0.41287
0.2975
0.27675
0.45569
0.21413
0.37919
0.36175
0.38281
0.38087
0.277
0.20225
0.4625
0.15025
0.39894
0.39
0.14637
0.52844
0.31769
0.18781
0.44294
0.43844
0.13944
0.16531
0.16
0.6885
0.46144
0.35169
0.30575
0.36781
0.60619
0.2785
0.31538
0.31437
0.23188
0.43575
0.33394
0.38113
0.5195
0.24613
0.38631
0.442
0.29544
0.45813
0.22669
0.24894
0.30688
0.20831
0.40662
0.62594
0.21369
0.30831
0.32481
0.42212
0.45019
0.43825
0.39669
0.3615
0.48538
0.51112
0.38256
0.36575
0.69612
0.33744
0.57862
