0.43256
0.276
0.397
0.47056
0.44667
0.21778
0.49767
0.49144
0.43744
0.51211
0.59367
0.472
0.45978
0.67444
0.58744
0.40911
0.47978
0.29244
0.28756
0.385
0.36144
0.45344
0.41167
0.71178
0.57122
0.59333
0.45356
0.73256
0.82189
0.55767
0.412
0.67178
0.38578
0.44511
0.38467
0.34756
0.42522
0.43989
0.35856
0.56411
0.17378
0.35667
0.404
0.34767
0.51789
0.49956
0.18333
0.47889
0.44933
0.69622
0.39456
0.27822
0.45578
0.34089
0.43622
0.62278
0.53011
0.46811
0.31456
0.28078
0.62911
0.54922
0.62989
0.45911
0.473
0.79133
0.59467
0.32433
0.52344
0.562
0.63511
0.47544
0.59789
0.43667
0.29033
0.42956
0.29244
0.41789
0.50689
0.33078
0.60389
0.58911
0.66811
0.36567
0.33378
0.54311
0.49744
0.44222
0.56667
