0.4415
0.0705
0.212
0.10225
0.00775
0.14525
0.09
-0.01425
0.057
0.17575
0.09875
0.34425
0.13675
0.087
0.17025
0.34325
0.0955
0.10975
0.17
0.11425
0.25975
0.1495
0.0835
0.311
0.16075
0.281
0.2975
0.288
0.0545
0.356
0.053
0.271
0.059
0.0115
0.189
0.13025
0.4885
0.17625
0.1915
0.324
0.2825
0.37975
0.188
0.13625
-0.01325
0.24675
0.2045
0.227
0.3115
0.39175
0.28625
0.1555
0.2995
0.27425
0.009
0.1445
0.1645
0.069
0.31075
0.22975
0.2125
0.1015
0.09675
0.3285
0.112
0.2515
0.12575
0.301
0.1195
0.17175
0.39525
0.275
0.276
-0.00125
0.43575
0.19375
0.09825
0.17775
0.064
0.08625
0.31475
0.19225
0.4
0.29625
0.28375
-0.2595
0.48225
0.0745
0.19925
