0.40044
0.36608
0.3692
0.55328
0.23232
0.23016
0.35152
0.4394
0.34744
0.43284
0.33108
0.5564
0.36916
0.37476
0.30544
0.4492
0.37844
0.34676
0.37828
0.58136
0.32828
0.29052
0.28572
0.268
0.20896
0.3968
0.58308
0.38568
0.45196
0.4002
0.339
0.41424
0.3802
0.14284
0.39624
0.31148
0.3174
0.38092
0.26008
0.60324
0.28156
0.4132
0.33012
0.41696
0.44948
0.39576
0.40252
0.42132
0.24124
0.34436
0.28016
0.45356
0.43668
0.26468
0.44296
0.47164
0.45092
0.4014
0.23092
0.40912
0.2072
0.32784
0.50676
0.42592
0.43236
0.46768
0.32432
0.47984
0.35816
0.25792
0.24772
0.48844
0.3046
0.24528
0.19828
0.34288
0.24404
0.42496
0.39868
0.25252
0.2396
0.41824
0.3832
0.46436
0.33256
0.53076
0.38004
0.35596
0.24092
