0.45875
0.53244
0.422
0.56944
0.43044
0.59062
0.52506
0.49875
0.60712
0.681
0.3255
0.37775
0.67819
0.57787
0.39812
0.41463
0.57237
0.64281
0.57675
0.5155
0.54219
0.60425
0.52725
0.41469
0.69969
0.70256
0.37613
0.28344
0.54287
0.41563
0.57588
0.356
0.39906
0.42363
0.37125
0.3565
0.63475
0.56769
0.47169
0.89206
0.60619
0.54312
0.38656
0.46175
0.50269
0.36106
0.44581
0.513
0.41644
0.56662
0.44856
0.37256
0.45469
0.46037
0.5475
0.399
0.43506
0.44431
0.62344
0.6435
0.37869
0.71337
0.50431
0.34625
0.53869
0.62538
0.67956
0.52531
0.56844
0.49731
0.45337
0.44106
0.30538
0.45219
0.53044
0.64013
0.51856
0.6805
0.50425
0.53006
0.51306
0.71062
0.47787
0.4955
0.48475
0.56856
0.57356
0.44438
0.64012
