0.2445
0.2555
0.12975
0.351
0.386
0.25525
0.279
0.28125
0.383
0.5295
0.3135
0.206
0.33925
0.35
0.271
0.47375
0.49025
0.41225
0.3755
0.395
0.32875
0.18375
0.2835
0.37875
0.228
0.61175
0.238
0.222
0.34875
0.25575
0.149
0.39875
0.2715
0.37675
0.1905
0.2135
0.312
0.21825
0.236
0.4055
0.37475
0.154
0.26625
0.14125
0.03975
0.173
0.478
0.42325
0.40625
0.25275
0.25175
0.4585
0.29825
0.33325
0.55175
0.41525
0.2905
0.22875
0.388
0.44775
0.1445
0.324
0.09475
0.0885
0.5315
0.619
0.381
0.38525
0.267
0.4045
0.15925
0.4225
0.46675
0.2225
0.26825
0.31175
0.3425
0.3055
0.352
0.40975
0.37875
0.276
0.2175
0.31625
0.3355
0.39925
0.3755
0.235
0.28675
