0.42341
0.33063
0.3842
0.51202
0.3128
0.4638
0.39417
0.45089
0.48689
0.44787
0.48119
0.44984
0.37677
0.50148
0.49313
0.6152
0.43588
0.31131
0.31286
0.3218
0.52908
0.47278
0.50378
0.49652
0.3807
0.47811
0.49666
0.39806
0.42384
0.38906
0.3845
0.47897
0.50745
0.29148
0.29491
0.16595
0.53163
0.58691
0.40025
0.30167
0.18419
0.52386
0.29603
0.31434
0.3378
0.40203
0.31477
0.26439
0.192
0.36505
0.49463
0.4235
0.29259
0.29839
0.48645
0.56573
0.55598
0.35945
0.50489
0.56931
0.27272
0.35483
0.61852
0.2808
0.31833
0.5048
0.51536
0.5392
0.28891
0.31303
0.34025
0.28844
0.21656
0.38994
0.26331
0.41098
0.38669
0.40159
0.31658
0.51914
0.55877
0.3012
0.32195
0.52581
0.52044
0.50158
0.72611
0.47159
0.527
