0.3185
0.252
0.29675
0.3375
0.2445
-0.12525
0.4645
0.57025
0.34325
0.369
0.16
0.34675
0.24975
0.36425
0.3955
0.52425
0.318
0.33225
0.3325
0.48525
0.213
0.353
0.193
0.466
0.3705
0.277
0.3795
0.49525
0.221
0.32425
0.2835
0.222
0.45375
0.346
0.25975
0.227
0.27375
0.5955
0.3415
0.307
0.3355
0.31625
0.0785
0.0065
0.41075
0.27225
0.45575
0.14775
0.40275
0.25925
0.43225
0.35675
0.537
0.1655
0.577
0.279
0.5245
0.4785
0.3145
0.201
0.33725
0.1735
0.365
0.082
0.06875
0.226
0.677
0.2075
0.17
0.39625
0.4595
0.36725
0.1825
0.3955
0.362
0.10975
0.2965
0.47425
0.262
0.418
0.12625
0.06325
0.47525
0.48825
0.13525
0.29825
0.21825
0.4415
0.26425
