0.82478
0.51556
0.511
0.73378
0.67833
0.30556
0.863
0.80511
0.75333
0.87344
0.72933
0.80444
0.46944
0.69333
0.86822
0.94033
0.62433
0.75211
0.78578
0.63144
0.56322
0.51011
0.605
0.76167
0.70289
0.63378
0.69667
0.571
0.878
0.49822
0.29778
0.69122
0.82444
0.50089
0.57656
0.58744
0.75067
0.61
0.83389
0.87356
0.62389
0.878
0.40844
0.48833
0.90233
0.47567
0.65678
0.53011
0.59667
0.96333
0.79311
0.55533
0.646
0.58478
0.71967
0.829
0.97733
0.66822
0.45144
0.65267
0.73589
0.634
0.82189
0.36144
0.66189
0.76133
0.80922
0.78089
0.63322
0.543
0.76856
0.76344
0.294
0.86733
0.831
0.798
0.77
0.65089
0.59056
0.77178
0.65067
0.62533
0.83511
0.734
0.65922
0.66478
0.60133
0.95211
0.81111
