0.058041
0.033534
-0.010768
-0.0043294
0.055599
-0.0025902
0.025132
0.049444
0.057268
-0.019088
-0.0011517
0.024858
0.031391
0.05521
0.030497
0.022397
-0.00090666
0.055372
0.0078467
0.019345
0.035978
0.086729
0.024507
0.035626
0.010908
0.010511
0.013049
0.012747
0.036356
-0.032001
0.12054
0.013057
0.068138
0.032821
-0.0095131
-0.015539
0.022576
0.05326
0.00059251
-0.01821
0.0032663
-0.0061285
-0.03796
0.0022844
0.0048554
0.017053
-0.017833
-0.011882
0.046834
-0.013656
0.015888
-0.0073319
0.025622
0.017117
0.024193
0.0082755
0.047439
-0.020477
