1577327.267388
1488157.325719
1426203.256484
1451741.685764
1378490.983780
1692312.396121
1339744.689107
1466768.015968
1225861.532922
1573051.233782
1633806.629990
1456027.080781
1632034.655882
1485131.828446
1586932.494880
1376037.545839
1514289.103569
1403209.299093
1634597.426243
1585447.550865
1576886.034527
1628571.836239
1878007.100025
1599497.144431
1726813.440366
1379044.001117
1737474.632142
1453303.340106
1303060.255348
1695284.417482
1430563.117401
1475823.292438
1483616.751706
1281729.821899
1457160.754715
1674330.491719
1492082.479430
1550439.217312
1489453.186832
1632142.072201
1699774.184744
1465269.267237
1511881.842710
1452446.570700
1523926.227823
1264583.589131
1442539.320870
1557420.305740
1348175.976796
1375082.657479
2284772.740996
1672152.639008
1679651.369579
1490714.454278
1397193.350512
1610052.177411
1374069.359108
1423178.373514
1243483.792603
1608899.783724
1636434.454786
1406215.748033
1497314.682457
1724598.742439
1137478.097141
1394260.288446
1513632.697380
1651020.091354
1534345.881816
1348838.851990
1441806.617111
1386248.886120
1373560.845290
1536410.012549
1589481.922759
1344612.525154
1182311.232284
1622335.675332
1598702.557622
1679575.757640
1661439.018995
1689811.596143
1416677.119424
1850721.593018
1712994.888389
1526397.404608
1699990.614359
1313171.994503
1338188.486319
1596472.145328
1546490.449349
1677980.518634
1403495.636095
1849564.517344
1657216.616814
1370034.042017
1751776.906613
1339029.494677
1161385.197999
1499873.945961
1517569.405086
1731188.784603
1851744.979334
1544863.436454
1673684.871128
1163019.503967
1464596.117877
1784869.707785
1539052.315341
1741220.306286
1762326.775138
1443867.260962
1554086.985904
1121368.221661
1698620.646992
1618301.115463
1466681.132212
