2.30
2.53
2.67
2.69
2.69
2.72
2.74
2.75
2.76
2.78
2.80
2.81
2.81
2.82
2.83
2.83
2.84
2.84
2.86
2.87
2.88
2.88
2.89
2.89
2.91
2.92
2.93
2.94
2.94
2.94
2.94
2.95
2.95
2.96
2.96
2.96
2.97
2.97
2.98
2.98
2.98
2.99
3.00
3.00
3.01
3.01
3.01
3.02
3.03
3.03
3.04
3.04
3.04
3.05
3.06
3.06
3.06
3.07
3.08
3.09
3.10
3.10
3.11
3.11
3.11
3.11
3.11
3.11
3.12
3.13
3.14
3.15
3.15
3.15
3.16
3.16
3.16
3.17
3.17
3.19
3.19
3.20
3.20
3.21
3.22
3.22
3.22
3.24
3.25
3.25
3.25
3.26
3.29
3.29
3.30
3.30
3.30
3.31
3.31
3.40
3.41
3.42
3.43
3.43
3.43
3.43
3.47
3.49
3.50
3.55
3.57
3.61
3.69
3.70
3.74
3.77
4.06
