0.29
0.38
0.38
0.39
0.43
0.47
0.48
0.48
0.54
0.54
0.54
0.54
0.55
0.59
0.59
0.60
0.61
0.61
0.64
0.64
0.65
0.66
0.66
0.66
0.68
0.69
0.69
0.71
0.71
0.71
0.74
0.75
0.77
0.77
0.77
0.78
0.79
0.80
0.80
0.80
0.81
0.83
0.84
0.85
0.87
0.87
0.87
0.89
0.89
0.92
0.92
0.92
0.93
0.96
0.98
0.98
0.99
0.99
0.99
1.00
1.01
1.03
1.03
1.04
1.06
1.06
1.07
1.07
1.10
1.10
1.11
1.12
1.12
1.13
1.16
1.18
1.21
1.21
1.22
1.23
1.24
1.25
1.27
1.28
1.31
1.32
1.34
1.34
1.35
1.35
1.35
1.36
1.39
1.46
1.49
1.50
1.51
1.54
1.57
1.57
1.58
1.65
1.73
1.82
1.88
1.93
1.94
2.01
2.05
2.24
2.25
2.27
2.82
2.88
2.90
2.93
3.03
