2.501
2.553
2.576
2.650
2.686
2.704
2.760
2.770
2.806
2.818
2.827
2.885
2.898
2.905
2.927
2.954
2.980
3.015
3.017
3.050
3.072
3.075
3.079
3.088
3.093
3.099
3.103
3.108
3.112
3.123
3.135
3.135
3.140
3.162
3.165
3.185
3.188
3.199
3.207
3.208
3.210
3.214
3.221
3.226
3.227
3.229
3.239
3.246
3.255
3.258
3.266
3.279
3.279
3.283
3.289
3.290
3.295
3.297
3.303
3.308
3.309
3.314
3.320
3.321
3.333
3.336
3.339
3.348
3.355
3.358
3.360
3.366
3.369
3.376
3.378
3.384
3.390
3.397
3.400
3.415
3.421
3.427
3.436
3.451
3.481
3.490
3.494
3.504
3.513
3.514
3.519
3.536
3.565
3.576
3.587
3.588
3.596
3.603
3.603
3.604
3.608
3.612
3.650
3.673
3.701
3.707
3.734
3.751
3.774
3.804
3.841
3.893
3.903
3.915
4.033
4.137
4.244
