2.020
2.051
2.192
2.221
2.228
2.231
2.238
2.248
2.279
2.295
2.299
2.315
2.318
2.336
2.350
2.354
2.354
2.359
2.365
2.367
2.371
2.376
2.390
2.395
2.398
2.400
2.404
2.420
2.430
2.435
2.436
2.436
2.437
2.451
2.458
2.462
2.464
2.474
2.482
2.482
2.483
2.485
2.489
2.492
2.499
2.503
2.506
2.510
2.518
2.526
2.536
2.536
2.546
2.550
2.559
2.574
2.581
2.590
2.592
2.593
2.597
2.602
2.605
2.620
2.633
2.641
2.657
2.662
2.662
2.665
2.665
2.667
2.668
2.669
2.669
2.679
2.681
2.683
2.700
2.701
2.719
2.737
2.743
2.745
2.749
2.752
2.753
2.761
2.767
2.776
2.778
2.783
2.802
2.807
2.807
2.834
2.835
2.842
2.913
2.925
2.930
2.946
2.955
2.959
2.972
2.978
2.979
3.009
3.015
3.025
3.038
3.110
3.111
3.172
3.175
3.224
3.445
