2.474
2.498
2.510
2.534
2.550
2.594
2.604
2.608
2.611
2.611
2.616
2.625
2.628
2.632
2.633
2.664
2.670
2.671
2.688
2.691
2.692
2.696
2.700
2.702
2.712
2.716
2.723
2.726
2.734
2.735
2.735
2.741
2.742
2.747
2.748
2.748
2.750
2.752
2.753
2.759
2.772
2.775
2.779
2.782
2.783
2.789
2.789
2.801
2.805
2.806
2.810
2.816
2.816
2.817
2.818
2.820
2.825
2.841
2.843
2.844
2.848
2.853
2.854
2.856
2.857
2.859
2.864
2.868
2.879
2.881
2.883
2.898
2.898
2.899
2.901
2.902
2.908
2.909
2.911
2.912
2.915
2.915
2.918
2.930
2.934
2.940
2.948
2.959
2.963
2.964
2.967
2.968
2.974
2.993
3.008
3.011
3.016
3.022
3.034
3.035
3.041
3.044
3.045
3.067
3.073
3.074
3.090
3.094
3.098
3.100
3.101
3.107
3.127
3.133
3.167
3.216
3.239
