2.144
2.169
2.176
2.190
2.203
2.217
2.239
2.239
2.254
2.254
2.259
2.262
2.272
2.279
2.280
2.283
2.295
2.300
2.305
2.306
2.308
2.311
2.320
2.321
2.321
2.322
2.324
2.328
2.334
2.335
2.344
2.375
2.376
2.377
2.379
2.385
2.386
2.392
2.393
2.394
2.398
2.399
2.407
2.409
2.411
2.413
2.414
2.419
2.422
2.422
2.422
2.434
2.436
2.437
2.438
2.442
2.442
2.444
2.446
2.449
2.450
2.450
2.453
2.454
2.457
2.459
2.470
2.473
2.473
2.479
2.497
2.498
2.502
2.502
2.502
2.505
2.512
2.513
2.514
2.516
2.522
2.528
2.536
2.542
2.543
2.546
2.547
2.548
2.550
2.552
2.553
2.554
2.554
2.558
2.561
2.569
2.578
2.579
2.584
2.586
2.591
2.603
2.613
2.615
2.627
2.631
2.631
2.640
2.654
2.655
2.659
2.684
2.705
2.717
2.724
2.752
2.912
