1.754
1.764
1.803
1.838
1.840
1.844
1.851
1.856
1.870
1.874
1.885
1.885
1.886
1.887
1.889
1.899
1.901
1.910
1.922
1.929
1.931
1.932
1.935
1.937
1.943
1.943
1.948
1.954
1.958
1.960
1.962
1.965
1.967
1.971
1.975
1.975
1.977
1.978
1.981
1.982
1.986
1.986
1.987
1.989
2.003
2.008
2.009
2.011
2.012
2.014
2.016
2.021
2.022
2.026
2.030
2.030
2.032
2.033
2.034
2.035
2.036
2.040
2.040
2.041
2.043
2.049
2.050
2.057
2.060
2.060
2.060
2.067
2.067
2.069
2.069
2.074
2.080
2.081
2.083
2.085
2.090
2.091
2.093
2.094
2.098
2.099
2.101
2.114
2.117
2.124
2.124
2.134
2.137
2.138
2.140
2.146
2.148
2.149
2.158
2.179
2.183
2.192
2.203
2.205
2.210
2.223
2.232
2.234
2.234
2.244
2.247
2.251
2.271
2.275
2.276
2.285
2.326
