1.979
1.991
2.015
2.043
2.055
2.070
2.090
2.115
2.125
2.132
2.137
2.144
2.148
2.151
2.153
2.169
2.172
2.182
2.185
2.189
2.199
2.214
2.217
2.220
2.228
2.238
2.239
2.242
2.242
2.247
2.249
2.250
2.253
2.262
2.263
2.263
2.264
2.265
2.266
2.270
2.273
2.278
2.279
2.280
2.285
2.285
2.290
2.298
2.298
2.300
2.300
2.302
2.304
2.306
2.309
2.311
2.314
2.316
2.321
2.337
2.341
2.342
2.351
2.354
2.356
2.356
2.356
2.360
2.361
2.361
2.381
2.384
2.384
2.385
2.388
2.388
2.397
2.399
2.401
2.414
2.423
2.424
2.427
2.428
2.432
2.433
2.434
2.435
2.438
2.461
2.474
2.479
2.481
2.486
2.486
2.490
2.504
2.520
2.520
2.529
2.550
2.550
2.551
2.558
2.560
2.569
2.589
2.591
2.595
2.601
2.605
2.607
2.653
2.682
2.713
2.731
2.771
