2.372
2.386
2.395
2.510
2.519
2.520
2.523
2.529
2.546
2.568
2.589
2.591
2.592
2.593
2.598
2.599
2.599
2.603
2.606
2.607
2.608
2.611
2.614
2.618
2.620
2.622
2.626
2.627
2.627
2.634
2.637
2.645
2.646
2.649
2.650
2.652
2.660
2.661
2.666
2.667
2.668
2.670
2.674
2.676
2.678
2.678
2.679
2.682
2.684
2.687
2.687
2.688
2.688
2.689
2.692
2.693
2.698
2.699
2.710
2.719
2.719
2.721
2.723
2.723
2.724
2.726
2.728
2.729
2.731
2.736
2.737
2.737
2.741
2.743
2.744
2.745
2.751
2.754
2.757
2.762
2.763
2.768
2.778
2.778
2.778
2.780
2.783
2.785
2.793
2.809
2.815
2.817
2.850
2.854
2.855
2.855
2.867
2.888
2.894
2.898
2.901
2.913
2.924
2.927
2.929
2.932
2.934
2.935
2.951
2.964
2.980
3.003
3.010
3.020
3.034
3.050
3.077
