1.893
1.902
1.905
1.943
1.975
1.995
2.025
2.050
2.056
2.072
2.107
2.122
2.142
2.142
2.150
2.162
2.214
2.234
2.248
2.266
2.273
2.311
2.327
2.332
2.341
2.342
2.346
2.351
2.354
2.356
2.374
2.379
2.383
2.383
2.384
2.387
2.387
2.396
2.411
2.414
2.420
2.424
2.427
2.434
2.442
2.446
2.452
2.458
2.470
2.474
2.500
2.502
2.504
2.512
2.514
2.518
2.521
2.534
2.539
2.545
2.559
2.559
2.566
2.569
2.584
2.584
2.584
2.601
2.604
2.613
2.616
2.620
2.623
2.640
2.642
2.648
2.653
2.654
2.662
2.664
2.669
2.683
2.689
2.694
2.718
2.718
2.725
2.726
2.731
2.747
2.760
2.760
2.761
2.770
2.771
2.780
2.783
2.790
2.800
2.837
2.837
2.839
2.853
2.858
2.862
2.881
2.885
2.885
2.905
2.907
2.971
2.976
2.982
3.133
3.148
3.207
3.275
