1.820
1.837
1.844
1.853
1.855
1.856
1.876
1.879
1.881
1.883
1.886
1.897
1.901
1.901
1.907
1.917
1.932
1.940
1.943
1.943
1.944
1.946
1.955
1.962
1.963
1.964
1.980
1.982
1.982
1.983
1.989
1.994
1.994
1.997
1.998
1.999
2.000
2.004
2.006
2.014
2.015
2.019
2.020
2.021
2.023
2.025
2.025
2.026
2.030
2.030
2.033
2.034
2.034
2.037
2.037
2.042
2.044
2.045
2.049
2.051
2.051
2.055
2.065
2.066
2.074
2.083
2.091
2.093
2.103
2.107
2.110
2.116
2.118
2.124
2.124
2.125
2.125
2.125
2.127
2.135
2.140
2.142
2.150
2.156
2.158
2.160
2.165
2.173
2.176
2.179
2.185
2.186
2.196
2.204
2.205
2.213
2.213
2.214
2.217
2.224
2.237
2.245
2.248
2.249
2.272
2.278
2.286
2.310
2.346
2.361
2.366
2.379
2.385
2.420
2.432
2.436
2.491
