1.975
2.039
2.066
2.103
2.106
2.126
2.133
2.144
2.146
2.159
2.168
2.172
2.182
2.194
2.198
2.208
2.215
2.221
2.228
2.233
2.235
2.254
2.262
2.263
2.263
2.265
2.269
2.271
2.291
2.294
2.295
2.296
2.299
2.304
2.323
2.336
2.337
2.343
2.345
2.351
2.356
2.358
2.360
2.360
2.364
2.365
2.380
2.391
2.399
2.399
2.406
2.408
2.409
2.409
2.413
2.415
2.416
2.417
2.421
2.423
2.426
2.427
2.430
2.433
2.433
2.438
2.441
2.448
2.451
2.454
2.458
2.461
2.463
2.463
2.467
2.480
2.480
2.484
2.488
2.489
2.493
2.495
2.500
2.503
2.503
2.504
2.504
2.508
2.519
2.519
2.520
2.525
2.540
2.543
2.551
2.555
2.557
2.560
2.566
2.569
2.570
2.571
2.573
2.574
2.577
2.600
2.626
2.644
2.671
2.676
2.701
2.711
2.721
2.729
2.737
2.775
2.804
