1.723
1.772
1.795
1.814
1.829
1.849
1.851
1.853
1.871
1.871
1.873
1.882
1.886
1.886
1.886
1.890
1.895
1.896
1.909
1.916
1.924
1.931
1.941
1.942
1.942
1.958
1.963
1.972
1.975
1.985
1.987
1.989
1.991
1.992
1.992
1.994
1.999
2.006
2.010
2.011
2.012
2.012
2.018
2.026
2.027
2.030
2.030
2.042
2.042
2.049
2.052
2.072
2.077
2.079
2.079
2.080
2.082
2.084
2.092
2.093
2.094
2.094
2.095
2.097
2.106
2.126
2.127
2.127
2.130
2.130
2.131
2.131
2.131
2.137
2.141
2.141
2.144
2.144
2.149
2.153
2.165
2.165
2.183
2.190
2.190
2.193
2.193
2.211
2.217
2.240
2.244
2.245
2.246
2.248
2.254
2.254
2.254
2.259
2.263
2.268
2.270
2.280
2.305
2.306
2.322
2.330
2.339
2.339
2.368
2.371
2.371
2.394
2.401
2.409
2.430
2.482
2.519
