1.217
1.232
1.244
1.245
1.250
1.278
1.284
1.287
1.292
1.298
1.298
1.302
1.303
1.306
1.311
1.314
1.316
1.317
1.320
1.325
1.326
1.328
1.330
1.336
1.337
1.339
1.339
1.339
1.339
1.342
1.342
1.342
1.347
1.349
1.351
1.358
1.359
1.362
1.363
1.364
1.364
1.367
1.367
1.368
1.371
1.382
1.388
1.389
1.389
1.389
1.397
1.397
1.401
1.404
1.411
1.416
1.416
1.417
1.417
1.419
1.420
1.420
1.430
1.431
1.432
1.443
1.450
1.451
1.451
1.452
1.454
1.456
1.458
1.459
1.461
1.465
1.466
1.470
1.470
1.472
1.472
1.475
1.476
1.480
1.482
1.483
1.491
1.503
1.509
1.512
1.520
1.522
1.529
1.531
1.532
1.537
1.538
1.542
1.542
1.548
1.549
1.554
1.555
1.561
1.569
1.578
1.593
1.594
1.599
1.603
1.610
1.616
1.629
1.637
1.664
1.738
1.797
