1.818
1.890
1.964
1.991
1.992
2.004
2.008
2.009
2.011
2.021
2.027
2.030
2.035
2.037
2.038
2.053
2.058
2.062
2.068
2.076
2.084
2.088
2.088
2.090
2.090
2.091
2.093
2.097
2.097
2.105
2.108
2.117
2.119
2.119
2.121
2.122
2.134
2.143
2.144
2.144
2.149
2.150
2.151
2.155
2.161
2.161
2.165
2.167
2.167
2.170
2.174
2.178
2.187
2.190
2.194
2.201
2.201
2.201
2.202
2.204
2.208
2.211
2.211
2.212
2.214
2.222
2.227
2.229
2.237
2.238
2.239
2.241
2.246
2.249
2.253
2.259
2.260
2.267
2.270
2.270
2.271
2.272
2.273
2.286
2.294
2.295
2.297
2.302
2.309
2.324
2.324
2.332
2.332
2.336
2.338
2.339
2.351
2.353
2.359
2.360
2.364
2.367
2.379
2.389
2.408
2.410
2.424
2.433
2.440
2.440
2.461
2.464
2.466
2.549
2.596
2.601
2.642
