1.878
1.914
1.919
1.927
1.944
1.949
1.953
1.955
1.977
1.986
2.015
2.054
2.068
2.089
2.089
2.096
2.104
2.107
2.110
2.112
2.113
2.116
2.117
2.118
2.120
2.120
2.122
2.124
2.125
2.126
2.126
2.127
2.133
2.134
2.135
2.142
2.146
2.152
2.153
2.157
2.157
2.160
2.160
2.163
2.165
2.176
2.183
2.185
2.187
2.192
2.197
2.205
2.215
2.216
2.216
2.223
2.223
2.224
2.225
2.231
2.235
2.237
2.240
2.241
2.244
2.245
2.246
2.247
2.251
2.252
2.253
2.253
2.254
2.254
2.261
2.263
2.264
2.265
2.266
2.269
2.269
2.271
2.278
2.284
2.287
2.287
2.288
2.289
2.292
2.294
2.296
2.298
2.301
2.304
2.315
2.320
2.325
2.326
2.328
2.329
2.334
2.345
2.348
2.352
2.366
2.367
2.370
2.372
2.383
2.386
2.401
2.414
2.429
2.440
2.443
2.473
2.505
