1.858
2.033
2.036
2.054
2.059
2.071
2.082
2.082
2.083
2.084
2.094
2.096
2.111
2.111
2.113
2.130
2.133
2.134
2.140
2.148
2.151
2.152
2.167
2.173
2.173
2.182
2.187
2.190
2.193
2.195
2.204
2.204
2.204
2.207
2.208
2.209
2.211
2.213
2.214
2.215
2.216
2.218
2.219
2.224
2.226
2.230
2.237
2.238
2.242
2.246
2.247
2.251
2.252
2.255
2.256
2.257
2.258
2.258
2.271
2.272
2.274
2.275
2.278
2.281
2.282
2.286
2.297
2.299
2.299
2.300
2.301
2.308
2.310
2.312
2.312
2.312
2.316
2.320
2.321
2.326
2.328
2.330
2.331
2.340
2.345
2.345
2.347
2.349
2.360
2.362
2.364
2.370
2.370
2.380
2.386
2.389
2.414
2.427
2.427
2.431
2.432
2.432
2.440
2.450
2.451
2.470
2.484
2.489
2.496
2.501
2.506
2.551
2.586
2.604
2.613
2.632
2.648
