2.179
2.277
2.320
2.363
2.373
2.436
2.439
2.443
2.448
2.507
2.537
2.538
2.553
2.566
2.580
2.580
2.605
2.610
2.611
2.617
2.623
2.627
2.627
2.640
2.654
2.668
2.670
2.672
2.675
2.680
2.697
2.713
2.719
2.730
2.731
2.733
2.742
2.743
2.746
2.767
2.781
2.786
2.789
2.798
2.803
2.809
2.818
2.828
2.830
2.834
2.834
2.845
2.854
2.865
2.866
2.871
2.872
2.873
2.875
2.892
2.903
2.905
2.906
2.913
2.920
2.921
2.925
2.932
2.932
2.935
2.935
2.936
2.948
2.950
2.952
2.952
2.957
2.964
2.969
2.972
2.975
2.981
2.981
2.984
2.992
3.000
3.003
3.004
3.005
3.011
3.032
3.037
3.038
3.041
3.045
3.047
3.060
3.064
3.070
3.123
3.124
3.126
3.134
3.135
3.140
3.147
3.157
3.175
3.220
3.230
3.312
3.318
3.358
3.378
3.388
3.397
3.445
