1.881
1.966
1.976
2.002
2.018
2.025
2.032
2.054
2.061
2.061
2.065
2.074
2.081
2.088
2.093
2.096
2.103
2.104
2.108
2.119
2.126
2.128
2.131
2.135
2.138
2.138
2.143
2.148
2.154
2.156
2.159
2.160
2.163
2.164
2.165
2.169
2.169
2.170
2.170
2.174
2.177
2.182
2.186
2.187
2.188
2.188
2.192
2.196
2.197
2.197
2.197
2.201
2.203
2.206
2.210
2.213
2.215
2.216
2.218
2.218
2.218
2.220
2.221
2.223
2.224
2.227
2.232
2.248
2.248
2.248
2.249
2.249
2.252
2.256
2.259
2.263
2.266
2.266
2.269
2.272
2.273
2.276
2.296
2.297
2.299
2.302
2.314
2.316
2.318
2.321
2.327
2.332
2.335
2.347
2.347
2.352
2.352
2.363
2.369
2.378
2.382
2.389
2.394
2.401
2.403
2.404
2.411
2.414
2.419
2.471
2.479
2.508
2.512
2.527
2.541
2.541
2.550
