2.266
2.278
2.290
2.325
2.348
2.355
2.361
2.384
2.385
2.391
2.393
2.397
2.405
2.410
2.411
2.411
2.415
2.416
2.418
2.427
2.428
2.428
2.429
2.437
2.438
2.438
2.438
2.439
2.444
2.456
2.458
2.458
2.458
2.462
2.464
2.464
2.466
2.467
2.471
2.471
2.472
2.474
2.475
2.476
2.479
2.485
2.490
2.493
2.497
2.503
2.505
2.509
2.509
2.510
2.513
2.515
2.517
2.520
2.523
2.528
2.531
2.532
2.534
2.543
2.544
2.548
2.550
2.552
2.555
2.559
2.572
2.574
2.577
2.580
2.588
2.589
2.591
2.596
2.596
2.604
2.607
2.607
2.614
2.614
2.616
2.621
2.625
2.627
2.628
2.647
2.647
2.649
2.651
2.653
2.658
2.660
2.667
2.680
2.687
2.687
2.692
2.702
2.708
2.719
2.723
2.737
2.745
2.753
2.755
2.756
2.772
2.831
2.851
2.857
2.881
2.950
3.041
