1.654
1.669
1.710
1.726
1.728
1.739
1.745
1.751
1.756
1.761
1.769
1.771
1.777
1.785
1.803
1.809
1.831
1.831
1.832
1.845
1.845
1.850
1.850
1.851
1.856
1.861
1.864
1.865
1.869
1.871
1.872
1.873
1.883
1.885
1.887
1.889
1.890
1.896
1.900
1.901
1.904
1.911
1.912
1.917
1.922
1.931
1.934
1.935
1.937
1.938
1.939
1.941
1.942
1.943
1.947
1.952
1.953
1.958
1.959
1.959
1.960
1.962
1.968
1.972
1.978
1.984
1.985
1.986
1.991
1.994
1.999
2.000
2.000
2.002
2.005
2.006
2.016
2.018
2.018
2.020
2.022
2.024
2.028
2.029
2.032
2.036
2.040
2.040
2.045
2.053
2.055
2.056
2.056
2.078
2.083
2.085
2.095
2.095
2.101
2.116
2.128
2.134
2.136
2.149
2.162
2.164
2.168
2.174
2.205
2.215
2.216
2.231
2.257
2.367
2.504
2.509
2.529
