1.945
2.028
2.031
2.045
2.057
2.058
2.072
2.093
2.096
2.101
2.115
2.118
2.124
2.140
2.148
2.149
2.150
2.150
2.154
2.155
2.160
2.169
2.170
2.171
2.181
2.183
2.185
2.187
2.190
2.192
2.193
2.195
2.202
2.203
2.204
2.209
2.211
2.215
2.217
2.219
2.225
2.226
2.229
2.230
2.233
2.233
2.239
2.243
2.253
2.255
2.262
2.263
2.263
2.265
2.266
2.268
2.270
2.283
2.285
2.285
2.286
2.287
2.287
2.289
2.289
2.297
2.302
2.303
2.313
2.315
2.316
2.319
2.322
2.327
2.329
2.330
2.333
2.338
2.342
2.342
2.345
2.346
2.348
2.348
2.353
2.353
2.354
2.355
2.355
2.356
2.359
2.361
2.369
2.369
2.370
2.384
2.396
2.399
2.402
2.403
2.410
2.424
2.431
2.434
2.459
2.478
2.482
2.492
2.498
2.508
2.511
2.517
2.568
2.577
2.586
2.593
2.611
