2.205
2.238
2.244
2.248
2.259
2.296
2.298
2.328
2.328
2.334
2.335
2.336
2.337
2.338
2.341
2.342
2.345
2.358
2.367
2.369
2.383
2.385
2.387
2.396
2.397
2.397
2.397
2.397
2.404
2.404
2.405
2.407
2.413
2.415
2.416
2.416
2.428
2.430
2.431
2.433
2.440
2.443
2.445
2.445
2.448
2.449
2.451
2.453
2.454
2.454
2.455
2.455
2.456
2.459
2.460
2.461
2.467
2.468
2.472
2.472
2.484
2.493
2.499
2.502
2.502
2.508
2.512
2.517
2.519
2.524
2.527
2.527
2.528
2.531
2.535
2.536
2.542
2.543
2.546
2.547
2.547
2.548
2.555
2.578
2.580
2.589
2.593
2.599
2.599
2.607
2.608
2.609
2.619
2.622
2.622
2.629
2.637
2.642
2.643
2.645
2.646
2.658
2.666
2.673
2.694
2.700
2.700
2.707
2.715
2.716
2.736
2.738
2.754
2.787
2.847
2.862
2.867
