2.734
2.978
3.024
3.043
3.048
3.090
3.212
3.224
3.243
3.244
3.246
3.262
3.264
3.291
3.303
3.305
3.317
3.329
3.339
3.355
3.357
3.360
3.362
3.363
3.403
3.409
3.410
3.429
3.436
3.437
3.441
3.446
3.449
3.450
3.468
3.479
3.480
3.493
3.498
3.498
3.503
3.506
3.516
3.518
3.524
3.543
3.549
3.549
3.555
3.564
3.584
3.586
3.589
3.591
3.598
3.601
3.602
3.619
3.623
3.630
3.632
3.638
3.639
3.641
3.642
3.642
3.662
3.663
3.671
3.675
3.689
3.706
3.714
3.717
3.724
3.728
3.755
3.764
3.769
3.775
3.776
3.785
3.796
3.804
3.805
3.820
3.827
3.845
3.855
3.857
3.868
3.877
3.878
3.878
3.884
3.893
3.910
3.915
3.918
3.931
3.964
3.972
3.972
3.980
3.988
3.996
4.003
4.010
4.083
4.085
4.120
4.137
4.156
4.162
4.178
4.254
4.342
