10.89
11.42
11.55
12.01
12.02
12.06
12.12
12.18
12.18
12.18
12.30
12.33
12.37
12.41
12.47
12.51
12.58
12.59
12.65
12.69
12.72
12.85
12.87
12.87
12.88
12.88
12.91
13.02
13.02
13.05
13.06
13.07
13.08
13.14
13.15
13.16
13.34
13.37
13.38
13.42
13.59
13.59
13.70
13.71
13.74
13.75
13.75
13.79
13.82
13.83
13.86
13.92
13.96
14.00
14.02
14.06
14.12
14.19
14.23
14.25
14.32
14.33
14.41
14.42
14.43
14.46
14.47
14.47
14.50
14.51
14.55
14.62
14.63
14.69
14.73
14.74
14.74
14.76
14.84
14.88
14.88
14.91
14.94
14.95
14.98
14.98
15.02
15.02
15.03
15.07
15.07
15.08
15.11
15.16
15.20
15.20
15.26
15.31
15.33
15.34
15.38
15.42
15.46
15.48
15.49
15.52
15.63
15.69
15.82
15.88
15.89
15.92
15.92
16.07
16.18
16.21
17.16
