0.31
0.33
0.35
0.40
0.43
0.44
0.45
0.46
0.47
0.47
0.52
0.54
0.54
0.54
0.55
0.55
0.55
0.57
0.58
0.58
0.60
0.60
0.60
0.60
0.61
0.62
0.62
0.62
0.62
0.63
0.65
0.67
0.69
0.70
0.71
0.71
0.71
0.72
0.73
0.75
0.75
0.76
0.76
0.78
0.78
0.79
0.79
0.80
0.80
0.81
0.82
0.82
0.82
0.83
0.83
0.84
0.86
0.89
0.90
0.90
0.91
0.92
0.92
0.93
0.94
0.95
0.95
0.95
0.96
0.97
0.99
1.00
1.01
1.03
1.07
1.07
1.08
1.09
1.13
1.13
1.14
1.16
1.21
1.21
1.22
1.23
1.24
1.25
1.25
1.27
1.27
1.27
1.28
1.29
1.30
1.30
1.30
1.31
1.39
1.41
1.41
1.46
1.48
1.49
1.51
1.57
1.82
1.90
1.96
1.99
2.06
2.36
2.36
2.37
2.37
2.47
2.57
