0.14
0.14
0.15
0.15
0.15
0.16
0.18
0.20
0.20
0.20
0.21
0.21
0.21
0.21
0.21
0.21
0.21
0.21
0.21
0.22
0.22
0.22
0.22
0.22
0.22
0.22
0.22
0.22
0.22
0.23
0.23
0.23
0.23
0.23
0.23
0.23
0.23
0.23
0.23
0.23
0.23
0.23
0.23
0.23
0.24
0.24
0.24
0.24
0.24
0.24
0.24
0.24
0.24
0.24
0.24
0.24
0.24
0.24
0.24
0.24
0.24
0.24
0.24
0.24
0.24
0.25
0.25
0.25
0.25
0.25
0.25
0.25
0.25
0.25
0.25
0.25
0.25
0.25
0.25
0.25
0.25
0.25
0.25
0.25
0.25
0.25
0.25
0.25
0.26
0.26
0.26
0.26
0.26
0.26
0.26
0.26
0.26
0.26
0.26
0.26
0.26
0.26
0.26
0.26
0.26
0.27
0.27
0.27
0.27
0.27
0.27
0.27
0.28
0.28
0.28
0.28
0.29
