1.563
1.576
1.630
1.667
1.723
1.737
1.741
1.742
1.759
1.761
1.762
1.763
1.767
1.770
1.773
1.776
1.777
1.796
1.813
1.818
1.823
1.824
1.827
1.837
1.848
1.852
1.877
1.878
1.883
1.883
1.892
1.909
1.921
1.922
1.923
1.927
1.934
1.940
1.940
1.960
1.971
1.976
1.978
1.979
1.981
1.981
1.984
1.988
1.997
1.998
2.010
2.013
2.015
2.026
2.039
2.047
2.077
2.079
2.121
2.186
2.230
2.242
2.255
2.276
2.286
2.295
2.324
2.324
2.326
2.328
2.328
2.330
2.332
2.334
2.334
2.360
2.361
2.365
2.367
2.377
2.377
2.381
2.383
2.391
2.391
2.392
2.394
2.401
2.405
2.409
2.415
2.417
2.421
2.434
2.442
2.447
2.457
2.465
2.472
2.494
2.495
2.496
2.499
2.503
2.508
2.519
2.523
2.526
2.536
2.538
2.541
2.546
2.552
2.566
2.567
2.591
2.654
