2.639
2.670
2.764
2.822
2.845
2.853
2.873
2.890
2.900
2.916
2.937
2.942
3.000
3.028
3.044
3.051
3.053
3.054
3.066
3.090
3.110
3.119
3.126
3.130
3.136
3.143
3.181
3.200
3.203
3.205
3.206
3.230
3.243
3.249
3.268
3.268
3.270
3.276
3.302
3.321
3.321
3.340
3.342
3.344
3.363
3.373
3.374
3.376
3.397
3.397
3.400
3.400
3.407
3.412
3.412
3.413
3.422
3.425
3.447
3.465
3.468
3.473
3.474
3.484
3.492
3.500
3.508
3.510
3.563
3.564
3.567
3.574
3.579
3.580
3.581
3.582
3.586
3.588
3.588
3.597
3.608
3.612
3.613
3.625
3.628
3.630
3.634
3.638
3.643
3.645
3.660
3.684
3.705
3.711
3.717
3.735
3.739
3.764
3.766
3.790
3.790
3.799
3.800
3.822
3.826
3.829
3.842
3.857
3.885
3.902
3.990
4.019
4.028
4.092
4.269
4.286
4.323
