1.632
1.910
1.984
2.020
2.024
2.040
2.044
2.053
2.058
2.059
2.060
2.070
2.075
2.075
2.076
2.076
2.079
2.086
2.087
2.095
2.097
2.098
2.098
2.100
2.101
2.108
2.123
2.125
2.129
2.136
2.142
2.143
2.146
2.148
2.154
2.156
2.157
2.161
2.165
2.165
2.174
2.178
2.180
2.188
2.189
2.193
2.194
2.202
2.202
2.202
2.207
2.211
2.215
2.215
2.216
2.220
2.222
2.223
2.240
2.241
2.243
2.245
2.248
2.258
2.263
2.266
2.267
2.270
2.272
2.274
2.276
2.276
2.285
2.290
2.291
2.292
2.292
2.293
2.294
2.295
2.295
2.301
2.308
2.309
2.315
2.321
2.325
2.328
2.331
2.332
2.334
2.339
2.343
2.350
2.359
2.360
2.363
2.371
2.374
2.380
2.387
2.391
2.391
2.395
2.396
2.398
2.407
2.414
2.424
2.433
2.449
2.466
2.471
2.503
2.507
2.525
2.543
