2.011
2.454
2.492
2.517
2.517
2.539
2.551
2.567
2.584
2.596
2.615
2.618
2.618
2.620
2.629
2.631
2.642
2.646
2.648
2.648
2.669
2.670
2.683
2.683
2.683
2.684
2.687
2.688
2.693
2.693
2.695
2.698
2.701
2.704
2.704
2.711
2.718
2.719
2.720
2.726
2.730
2.731
2.735
2.735
2.742
2.748
2.748
2.754
2.756
2.760
2.763
2.772
2.780
2.783
2.784
2.786
2.787
2.788
2.790
2.791
2.795
2.796
2.796
2.803
2.810
2.811
2.814
2.815
2.822
2.838
2.842
2.857
2.860
2.866
2.867
2.868
2.873
2.874
2.879
2.887
2.889
2.891
2.900
2.903
2.906
2.909
2.911
2.916
2.922
2.931
2.932
2.937
2.947
2.958
2.965
2.975
2.978
2.982
2.982
2.983
2.991
2.992
3.002
3.007
3.008
3.024
3.025
3.037
3.043
3.069
3.078
3.081
3.137
3.165
3.186
3.187
3.191
