1.512
1.757
1.812
1.826
1.879
1.897
1.905
1.907
1.908
1.909
1.913
1.915
1.916
1.923
1.926
1.934
1.938
1.940
1.949
1.950
1.963
1.963
1.968
1.970
1.979
1.984
1.991
1.993
1.994
2.004
2.006
2.011
2.014
2.016
2.020
2.021
2.021
2.024
2.026
2.029
2.029
2.029
2.031
2.034
2.038
2.046
2.047
2.049
2.050
2.051
2.052
2.053
2.063
2.074
2.075
2.075
2.076
2.084
2.089
2.089
2.089
2.092
2.093
2.093
2.095
2.095
2.096
2.102
2.103
2.110
2.112
2.112
2.116
2.117
2.117
2.119
2.124
2.125
2.130
2.132
2.135
2.139
2.139
2.140
2.142
2.151
2.152
2.153
2.157
2.173
2.181
2.182
2.182
2.184
2.188
2.195
2.199
2.200
2.203
2.204
2.205
2.223
2.227
2.228
2.235
2.237
2.250
2.264
2.268
2.269
2.278
2.284
2.291
2.344
2.351
2.396
2.839
