2.190
2.501
2.503
2.546
2.553
2.586
2.603
2.603
2.609
2.611
2.620
2.624
2.633
2.641
2.642
2.644
2.650
2.651
2.659
2.664
2.670
2.672
2.678
2.679
2.681
2.681
2.682
2.686
2.695
2.698
2.699
2.704
2.705
2.709
2.711
2.713
2.714
2.714
2.714
2.718
2.719
2.722
2.728
2.732
2.733
2.735
2.739
2.742
2.743
2.745
2.749
2.749
2.753
2.756
2.761
2.766
2.769
2.777
2.778
2.781
2.789
2.790
2.790
2.792
2.793
2.794
2.805
2.812
2.815
2.816
2.819
2.819
2.820
2.821
2.831
2.831
2.831
2.832
2.835
2.836
2.843
2.846
2.851
2.851
2.853
2.857
2.857
2.871
2.872
2.879
2.882
2.886
2.887
2.887
2.897
2.900
2.903
2.907
2.909
2.913
2.921
2.926
2.927
2.929
2.944
2.951
2.951
2.975
2.999
3.029
3.037
3.048
3.067
3.073
3.076
3.102
3.107
