1.869
1.947
1.970
1.987
2.002
2.011
2.022
2.022
2.046
2.051
2.060
2.063
2.076
2.077
2.086
2.091
2.094
2.094
2.098
2.099
2.101
2.108
2.114
2.115
2.115
2.115
2.130
2.137
2.156
2.160
2.163
2.175
2.176
2.178
2.180
2.182
2.183
2.186
2.189
2.190
2.191
2.194
2.206
2.207
2.209
2.224
2.227
2.233
2.234
2.235
2.237
2.239
2.241
2.243
2.243
2.245
2.249
2.252
2.252
2.252
2.258
2.259
2.270
2.273
2.277
2.278
2.279
2.281
2.291
2.293
2.294
2.297
2.298
2.302
2.308
2.309
2.316
2.331
2.336
2.338
2.342
2.344
2.349
2.354
2.357
2.373
2.383
2.390
2.396
2.398
2.404
2.417
2.423
2.424
2.448
2.453
2.459
2.485
2.496
2.500
2.511
2.518
2.530
2.537
2.543
2.559
2.564
2.573
2.575
2.598
2.618
2.626
2.668
2.698
2.699
2.703
2.714
