1.915
1.999
2.085
2.086
2.115
2.124
2.125
2.141
2.164
2.176
2.186
2.199
2.201
2.203
2.208
2.217
2.232
2.235
2.241
2.246
2.247
2.247
2.251
2.253
2.260
2.262
2.263
2.263
2.270
2.272
2.276
2.277
2.277
2.282
2.283
2.289
2.295
2.296
2.297
2.298
2.299
2.303
2.307
2.307
2.312
2.314
2.314
2.317
2.320
2.321
2.331
2.332
2.338
2.338
2.339
2.346
2.346
2.353
2.360
2.366
2.366
2.369
2.373
2.378
2.379
2.386
2.391
2.401
2.422
2.424
2.428
2.429
2.430
2.430
2.438
2.439
2.445
2.447
2.457
2.457
2.466
2.470
2.473
2.478
2.496
2.503
2.512
2.512
2.515
2.516
2.519
2.520
2.520
2.521
2.522
2.527
2.531
2.534
2.538
2.540
2.541
2.550
2.551
2.555
2.557
2.563
2.583
2.586
2.586
2.589
2.602
2.613
2.618
2.658
2.685
2.834
2.926
