2.040
2.163
2.166
2.209
2.227
2.231
2.286
2.289
2.296
2.298
2.302
2.303
2.305
2.317
2.354
2.354
2.360
2.369
2.380
2.399
2.408
2.408
2.412
2.417
2.432
2.433
2.437
2.441
2.443
2.445
2.454
2.458
2.465
2.470
2.471
2.472
2.478
2.482
2.485
2.486
2.488
2.488
2.489
2.490
2.491
2.495
2.497
2.504
2.521
2.522
2.527
2.531
2.539
2.540
2.545
2.556
2.568
2.569
2.571
2.572
2.573
2.574
2.587
2.591
2.596
2.596
2.600
2.613
2.626
2.627
2.629
2.631
2.631
2.638
2.641
2.646
2.655
2.656
2.657
2.663
2.669
2.670
2.679
2.683
2.686
2.693
2.693
2.695
2.695
2.696
2.697
2.701
2.715
2.717
2.726
2.729
2.739
2.750
2.757
2.778
2.792
2.803
2.805
2.828
2.838
2.869
2.879
2.881
2.917
2.925
2.926
2.926
2.931
2.935
2.997
3.131
3.164
