1.183
1.225
1.243
1.246
1.246
1.271
1.274
1.277
1.279
1.283
1.286
1.288
1.308
1.313
1.316
1.320
1.321
1.322
1.322
1.324
1.330
1.332
1.333
1.338
1.342
1.343
1.346
1.347
1.349
1.352
1.354
1.359
1.360
1.360
1.366
1.369
1.373
1.373
1.375
1.375
1.375
1.377
1.380
1.380
1.381
1.382
1.386
1.386
1.386
1.387
1.395
1.396
1.400
1.402
1.403
1.404
1.404
1.405
1.417
1.419
1.420
1.422
1.424
1.425
1.425
1.431
1.434
1.436
1.442
1.448
1.449
1.449
1.461
1.461
1.463
1.464
1.469
1.473
1.476
1.477
1.477
1.479
1.481
1.482
1.484
1.484
1.490
1.497
1.499
1.500
1.502
1.510
1.513
1.516
1.518
1.521
1.521
1.529
1.530
1.538
1.547
1.568
1.573
1.578
1.587
1.599
1.602
1.609
1.611
1.615
1.618
1.624
1.625
1.669
1.707
1.720
3.082
