1.775
1.778
1.876
1.882
1.927
1.941
1.948
1.950
1.967
1.973
1.974
1.983
1.989
1.999
2.003
2.004
2.010
2.013
2.014
2.021
2.045
2.048
2.049
2.058
2.059
2.062
2.063
2.064
2.065
2.066
2.068
2.071
2.071
2.072
2.073
2.074
2.077
2.078
2.078
2.079
2.079
2.085
2.086
2.092
2.098
2.103
2.103
2.107
2.112
2.113
2.113
2.113
2.120
2.123
2.126
2.128
2.130
2.134
2.134
2.141
2.144
2.148
2.153
2.159
2.160
2.165
2.169
2.183
2.184
2.187
2.188
2.190
2.193
2.194
2.199
2.210
2.211
2.213
2.215
2.216
2.221
2.227
2.228
2.228
2.238
2.239
2.246
2.249
2.249
2.260
2.260
2.260
2.263
2.265
2.275
2.290
2.291
2.292
2.296
2.298
2.305
2.305
2.312
2.314
2.314
2.328
2.330
2.331
2.333
2.334
2.344
2.363
2.391
2.427
2.452
2.456
2.488
