1.626
1.802
1.813
1.840
1.866
1.889
1.892
1.902
1.918
1.923
1.925
1.931
1.935
1.935
1.937
1.945
1.974
1.974
1.978
1.980
1.980
1.985
1.986
1.992
1.992
1.995
1.996
1.999
2.000
2.003
2.007
2.010
2.011
2.015
2.017
2.020
2.023
2.024
2.024
2.030
2.033
2.037
2.040
2.045
2.050
2.051
2.051
2.052
2.057
2.058
2.058
2.066
2.067
2.072
2.074
2.074
2.076
2.080
2.081
2.081
2.084
2.085
2.088
2.093
2.098
2.099
2.102
2.110
2.115
2.115
2.122
2.123
2.126
2.129
2.129
2.133
2.134
2.135
2.145
2.149
2.164
2.167
2.174
2.175
2.178
2.178
2.179
2.182
2.184
2.186
2.188
2.188
2.192
2.194
2.198
2.202
2.207
2.210
2.212
2.217
2.221
2.227
2.259
2.259
2.270
2.274
2.296
2.301
2.338
2.341
2.351
2.358
2.380
2.463
2.475
2.499
2.506
