1.891
1.954
1.984
2.024
2.087
2.093
2.176
2.179
2.224
2.257
2.265
2.280
2.281
2.282
2.310
2.315
2.319
2.320
2.332
2.336
2.343
2.349
2.362
2.369
2.382
2.383
2.389
2.398
2.400
2.406
2.417
2.418
2.420
2.433
2.435
2.435
2.443
2.446
2.448
2.461
2.472
2.472
2.494
2.508
2.512
2.536
2.547
2.550
2.550
2.553
2.553
2.555
2.556
2.561
2.576
2.585
2.586
2.593
2.599
2.600
2.602
2.606
2.613
2.614
2.616
2.617
2.617
2.618
2.629
2.630
2.634
2.637
2.637
2.644
2.665
2.665
2.673
2.674
2.676
2.681
2.685
2.693
2.697
2.701
2.703
2.704
2.705
2.711
2.713
2.725
2.737
2.739
2.745
2.747
2.747
2.747
2.750
2.766
2.768
2.779
2.806
2.831
2.840
2.847
2.857
2.869
2.870
2.905
2.915
2.916
2.922
2.952
2.962
2.968
3.046
3.049
3.104
