1.939
2.013
2.044
2.049
2.059
2.066
2.068
2.069
2.071
2.084
2.085
2.100
2.101
2.106
2.109
2.120
2.132
2.140
2.145
2.161
2.163
2.169
2.173
2.175
2.175
2.185
2.202
2.205
2.212
2.214
2.217
2.217
2.220
2.224
2.226
2.227
2.228
2.229
2.232
2.235
2.236
2.238
2.245
2.246
2.248
2.253
2.257
2.258
2.263
2.267
2.268
2.273
2.273
2.276
2.276
2.277
2.284
2.290
2.292
2.293
2.296
2.298
2.299
2.301
2.307
2.307
2.334
2.337
2.340
2.349
2.350
2.350
2.355
2.358
2.359
2.370
2.373
2.376
2.380
2.381
2.382
2.385
2.387
2.390
2.397
2.398
2.405
2.406
2.409
2.411
2.414
2.420
2.420
2.423
2.426
2.427
2.427
2.442
2.448
2.448
2.448
2.448
2.460
2.469
2.475
2.481
2.493
2.495
2.502
2.502
2.506
2.533
2.536
2.569
2.579
2.649
2.679
