1.847
1.878
1.915
1.994
2.006
2.011
2.020
2.025
2.034
2.040
2.051
2.052
2.063
2.063
2.065
2.079
2.083
2.085
2.089
2.092
2.094
2.095
2.107
2.108
2.110
2.116
2.119
2.127
2.129
2.133
2.133
2.135
2.141
2.143
2.144
2.149
2.155
2.159
2.161
2.163
2.166
2.169
2.169
2.170
2.171
2.171
2.172
2.187
2.193
2.211
2.215
2.220
2.221
2.221
2.223
2.224
2.227
2.229
2.231
2.233
2.236
2.238
2.243
2.246
2.247
2.248
2.253
2.258
2.258
2.270
2.271
2.272
2.278
2.280
2.287
2.291
2.300
2.306
2.306
2.309
2.315
2.317
2.322
2.327
2.329
2.330
2.335
2.336
2.337
2.345
2.358
2.369
2.371
2.371
2.375
2.380
2.385
2.386
2.389
2.395
2.397
2.402
2.404
2.410
2.414
2.420
2.422
2.437
2.440
2.444
2.483
2.492
2.493
2.501
2.536
2.554
2.667
