2.150
2.195
2.273
2.285
2.305
2.319
2.332
2.339
2.342
2.353
2.354
2.367
2.375
2.381
2.382
2.386
2.391
2.406
2.409
2.409
2.410
2.411
2.412
2.412
2.419
2.423
2.424
2.424
2.425
2.428
2.430
2.431
2.432
2.432
2.434
2.436
2.440
2.449
2.452
2.456
2.460
2.464
2.464
2.470
2.472
2.472
2.478
2.479
2.483
2.483
2.484
2.487
2.494
2.496
2.499
2.500
2.500
2.505
2.510
2.515
2.517
2.517
2.524
2.526
2.531
2.531
2.533
2.534
2.536
2.547
2.548
2.551
2.551
2.557
2.557
2.560
2.567
2.579
2.584
2.593
2.593
2.594
2.597
2.598
2.600
2.605
2.607
2.609
2.610
2.610
2.610
2.621
2.624
2.625
2.631
2.640
2.650
2.660
2.668
2.668
2.673
2.676
2.678
2.681
2.683
2.684
2.688
2.715
2.727
2.751
2.760
2.762
2.825
2.843
2.872
2.973
3.100
