1.867
1.926
2.028
2.038
2.043
2.044
2.046
2.077
2.089
2.090
2.093
2.106
2.108
2.121
2.124
2.126
2.127
2.130
2.130
2.132
2.143
2.143
2.147
2.147
2.149
2.156
2.162
2.172
2.173
2.173
2.175
2.176
2.178
2.179
2.182
2.184
2.189
2.189
2.192
2.193
2.198
2.199
2.199
2.212
2.213
2.215
2.215
2.215
2.219
2.220
2.224
2.225
2.226
2.226
2.230
2.230
2.234
2.235
2.241
2.242
2.242
2.244
2.244
2.245
2.245
2.245
2.246
2.251
2.252
2.254
2.255
2.268
2.268
2.269
2.270
2.271
2.271
2.272
2.275
2.279
2.287
2.297
2.298
2.301
2.302
2.302
2.309
2.311
2.312
2.323
2.326
2.327
2.334
2.334
2.336
2.352
2.355
2.355
2.358
2.361
2.379
2.386
2.390
2.391
2.413
2.419
2.422
2.428
2.431
2.434
2.440
2.454
2.471
2.474
2.527
2.537
2.571
