1.524
1.680
1.697
1.716
1.759
1.769
1.775
1.776
1.787
1.792
1.797
1.798
1.800
1.805
1.811
1.811
1.819
1.822
1.832
1.845
1.845
1.846
1.847
1.849
1.853
1.858
1.861
1.865
1.866
1.882
1.882
1.884
1.885
1.886
1.892
1.896
1.900
1.904
1.905
1.905
1.906
1.906
1.908
1.912
1.913
1.915
1.916
1.917
1.918
1.918
1.922
1.922
1.924
1.924
1.928
1.932
1.933
1.941
1.948
1.950
1.953
1.953
1.954
1.960
1.962
1.963
1.964
1.964
1.969
1.974
1.978
1.980
1.980
1.983
1.984
1.985
1.992
1.992
1.992
1.996
2.000
2.004
2.005
2.011
2.014
2.022
2.022
2.024
2.026
2.027
2.040
2.042
2.049
2.059
2.068
2.075
2.076
2.079
2.083
2.086
2.087
2.095
2.095
2.102
2.111
2.113
2.136
2.144
2.152
2.176
2.207
2.255
2.275
2.363
2.373
2.374
2.403
