1.599
1.604
1.613
1.613
1.613
1.614
1.621
1.625
1.636
1.652
1.660
1.689
1.695
1.696
1.697
1.703
1.720
1.724
1.731
1.736
1.743
1.764
1.772
1.786
1.790
1.793
1.804
1.811
1.819
1.833
1.835
1.835
1.847
1.848
1.860
1.891
1.894
1.896
1.896
1.903
1.908
1.909
1.920
1.943
1.957
1.958
1.960
1.962
1.969
1.970
1.972
1.973
1.974
1.977
1.978
1.982
1.986
1.992
1.993
1.996
2.000
2.001
2.010
2.023
2.027
2.032
2.037
2.043
2.065
2.069
2.072
2.072
2.076
2.095
2.101
2.106
2.111
2.112
2.112
2.114
2.128
2.131
2.144
2.148
2.159
2.159
2.160
2.160
2.161
2.164
2.167
2.173
2.177
2.199
2.205
2.214
2.221
2.229
2.230
2.233
2.237
2.257
2.258
2.267
2.276
2.298
2.306
2.314
2.352
2.375
2.394
2.422
2.435
2.460
2.518
2.537
2.572
