1.77
3.3
2.77
1.1
1.61
2.69
1.69
3.12
1.35
3.49
2.35
2.11
5.35
2.73
3.09
1.48
1.63
2.25
2.45
1.41
4.1
2.96
2.54
1.44
5.71
1.65
3.03
2.34
1.52
5.05
1.84
2.46
1.85
2.01
0.97
5.94
2.06
4.13
2.55
2.92
1.96
2.95
1.4
2.28
2.42
2.83
1.3
2.15
2.71
1.73
4.68
2.19
1.6
2.86
1.3
2.69
2.36
1.62
1.63
3.04
2.63
2.15
2.01
2.77
0.95
2.22
2.49
1.53
4.71
1.95
3.04
1.09
1.35
1.83
2.19
1.58
2.14
2.15
1.57
1.99
1.53
2.99
2.08
2.83
1.43
2.07
2.3
2.19
1.28
5.94
3.22
1.73
3.31
3.52
0.95
1.5
4.15
0.76
1.52
1.43
2.65
2.22
5.77
3.46
1.12
1.42
2.02
3.87
2.56
5.06
3.21
1.83
2.22
1.2
3.25
2.06
2.91
