0.031213
0.024213
0.025020
0.048163
0.037558
0.036623
0.040367
0.030892
0.038821
0.020940
0.023676
0.041786
0.047944
0.041418
0.047694
0.072020
0.023360
0.028538
0.025567
0.021894
0.041664
0.044773
0.050523
0.056621
0.026944
0.025517
0.037096
0.077166
0.021802
0.048736
0.041028
0.039252
0.041756
0.029209
0.024893
0.044545
0.032841
0.052113
0.022161
0.023022
0.033598
0.062727
0.045878
0.048883
0.030771
0.020091
0.025426
0.023486
0.026452
0.017943
0.009530
0.031956
0.014447
0.056185
0.029388
0.051206
0.056917
0.054055
