1049958
1129779
1302718
1136618
1350335
1070691
1365742
1430904
1354013
1099179
1061098
1313351
1311922
1270934
1087105
1159201
1041993
1506690
1208075
1300740
1257474
1318023
1038715
1189344
1116195
1585857
1001194
1425636
1144025
1189761
1086404
1342833
1465036
1149066
1207892
1049945
1395049
1358961
1353684
1332541
1169608
1185244
1114161
1338131
1215457
1272989
1158011
1199365
1196039
1118159
1189905
1121805
1364501
1222194
1344075
1412232
1085927
1486694
1193798
1398323
1213482
1470475
1153729
1270830
1191615
1164467
1207982
1106837
1233899
1224905
1142773
1281899
1449085
1217516
1120199
1170828
1208518
1287445
1321571
1502928
1042098
1426702
1311933
1295445
1123734
1324562
1409752
1307917
1131495
1177328
1410468
1171675
1342747
1212421
1362908
1134923
1091529
1197653
1028353
1218940
1150482
1214597
1305401
1172100
1128678
1294527
1333253
1244098
1148217
1473439
1257963
1140572
1126895
1276329
1239348
1344034
1199726
1305219
1055946
1468284
1193920
1561568
1280635
1211682
1140838
1135087
1116740
1255532
1283336
1179911
1268659
1294795
1240908
1130798
1340644
1135344
1251307
1126318
1242862
1164469
1200154
1362778
1095632
1215443
1361129
1204609
1222326
1285275
1439416
1259852
1443214
1171902
1157000
1101472
1195157
1211891
1232284
1201915
1392572
1252248
1296431
1333808
1066154
1286938
1325490
1334022
1329163
1477366
1433341
1263550
1433039
1160629
1125154
1172377
1181169
1304123
1145658
1428017
1094641
1273928
1169101
1219926
1257620
1095196
1142115
1432386
1353365
1454416
1174336
1523036
1243523
1025624
1388467
1234050
1089306
1192949
1301721
898913
1524990
1201180
1293608
1232084
1225399
1220061
1321478
1222050
1071062
1147618
1129705
1057082
1334106
1238339
1188516
1126154
1279109
1382726
1159862
1130805
1048096
1233569
1294991
1361169
1305928
1300173
1381063
1188386
1191019
1060364
1502046
1353686
1303870
1277602
1151875
1387993
1126958
1376667
1265856
1277757
1444312
1186839
1416785
1162126
1050100
1467271
1246025
1419676
1134995
1322275
1016525
1267327
1407522
1396471
1069738
1476080
1402947
1171389
1191402
1260089
1055089
1470792
1348860
1400812
1132419
1321969
1385416
1387276
1324994
1294719
977859
1238001
1200531
1211223
1283405
1143105
1491515
1068374
1196671
1243979
1125296
1043305
1164398
1355574
1309745
1216896
1301912
1500491
1444779
1191078
1564104
1445530
1207651
1087273
1155776
1124090
1381501
1140672
1342238
1144169
1278359
1361009
1159371
1398527
1270209
1322753
1371500
1252181
1086146
1275862
1388825
1504731
1464833
1242729
1134953
1187162
1071771
1422079
1213077
1251930
1168104
1070051
1425270
1193968
1144923
1162514
1343762
1232907
1208993
1243799
1085011
1614354
1335617
1344696
1198101
1285306
1211207
1420292
1466026
1346629
1217085
1213203
1043115
1163231
1091935
1164744
1370670
1328503
1069355
1215098
1151131
1215135
1262783
1106351
1173499
1473032
1230438
1483024
1309905
1139338
1487521
1228792
1334827
1295782
1251530
1304927
1204369
1391885
1214192
1272051
1095539
1128084
1059023
1206155
1139605
1008873
1241178
1144618
1338371
1219500
1319371
1288841
1302767
1155720
1402180
1114981
1139594
1426161
1269887
1352981
1297796
1080355
1097600
1169329
1377519
1459338
1226617
1281800
1213738
1630501
1136263
1369127
1462313
1170748
1309375
1072038
1104361
1432543
1146959
1130172
1185488
1507390
1342867
1232483
1187091
1113763
1485315
1224593
1404856
1284442
1298203
1438605
1092634
1158910
1027701
1257075
1228871
1499966
1169907
1172598
1347985
1139146
1636312
1380334
1358479
1370564
1164763
1197054
1126298
1508007
1188946
1226812
1081903
1245200
1266696
1107295
1123265
1240608
1015507
1294266
1341823
1214604
1121264
1262726
1296970
1273815
1281096
1268417
1283403
1505141
1205817
1268219
1148327
1219121
1394107
1060101
1045705
1103352
1041504
1522874
1115812
1280409
1286084
1102679
1198552
1114478
1271920
1100327
1110694
1269178
1271699
1217915
1199926
1057942
1199299
1084989
1247450
1344014
1052325
1185837
1145977
1144258
1042814
1302192
1263332
1205890
994647
1205571
1386844
1396831
1223031
1200729
1173356
1122482
1384352
1153485
1240710
1233758
1376622
1285641
1071923
1219597
1320660
1244633
1435449
1462165
1167556
1075900
1241262
1097100
1176707
1207973
1443074
1100626
1254647
1262405
1389235
1243479
1101089
1083694
1444660
1238682
1133868
1251602
1097499
1337499
1163850
1179117
1282845
1154513
1204044
1207477
1154913
1174517
1327180
1330815
1075740
1032127
1295370
1067445
1288511
1086406
1367257
1044382
1247772
1267761
1047942
1338303
1254367
1134394
1179712
1225412
1176754
1186199
1162371
1217256
1234302
1166099
1192279
1204220
1138696
1142649
1189329
1312392
1041196
1161407
1169960
1175674
1559771
1132514
1361538
1129551
1537700
1184907
1151252
1120220
1325594
1393083
1503745
1389349
1198901
1254307
1389095
1115443
1194255
1146607
1076368
1245441
1393771
1388562
1466707
1243127
1394656
1399715
1185383
1139347
1046883
1214399
1457355
1255379
1181135
1201179
1221401
1328879
1252898
1509167
1463277
1279995
1348099
1060559
1322127
1531597
1117583
1227423
1195850
1367699
1251066
1264325
1103460
1115682
1095263
1305543
1586407
1403337
1494122
1204703
1234031
1051197
1229600
1185062
1403396
1427258
1193419
1255310
1278865
1260933
1100236
1478106
1299035
1120999
1249882
1173747
1128802
1324248
1011068
1215791
1137733
1295687
1303789
1230418
1187901
1111689
1391348
1392964
1232411
1231432
1365848
1105109
1097679
1494390
1348323
1173234
1131009
1608300
1201444
1305020
1278987
1256851
1460904
1267701
1325108
1392615
1012461
1358712
1221820
1209621
1306389
1075201
1218006
1166555
1527910
1105698
1207233
1375531
1122444
1304791
1206798
1245423
1336277
1344454
1332308
1313387
1125629
1364803
1376903
1393466
1338866
1307675
1267346
1212329
1366571
1205473
1368505
1162169
1203933
1256017
1170055
1238341
1492548
1326806
1226855
1129028
1167192
1319103
1358049
1188380
1200849
1318885
1254543
986629
1117626
1224916
1045060
1363438
1395676
1038993
1310641
1372025
1248005
1252629
1254031
1207589
1506090
1416837
1077734
1388375
1349550
1146335
1546923
1171579
1215960
993767
1180394
1314895
1319478
1268810
1320819
1027159
1448246
1206860
1319577
1065338
1163424
1111781
1460858
1149195
1116328
1118316
1407915
1164142
1144486
1159639
1336676
1378401
1114540
1029279
1347758
1039719
1221582
1283154
1227627
1209274
1202416
1047854
1289475
1318913
1515916
1106987
1237760
1298714
1100431
1437694
1245140
1413205
1189101
1017440
1435730
1183612
1320871
1224867
1251595
1122980
1400443
965283
1422181
1123569
1222488
1075390
1143926
1457908
1433278
1152711
1327628
1225195
1229176
1249570
1287762
1251156
1318020
1144855
1364456
1225267
1335182
1201958
1284622
1377328
1272572
1217654
1332569
1211840
1489790
1079183
1326372
1329957
1226287
1401026
1170046
1164070
1258921
1260320
1104617
1221891
1397532
1230594
1275784
1297005
1353583
1037014
1155806
1276190
1208992
1367332
1167810
1019149
1151397
1247210
1165868
1137382
1495585
1111085
1186345
1394630
1392557
1106228
1324688
1093460
1280616
1188831
1486643
1159281
1178411
1288767
1280191
1306193
1076941
1150871
1499683
1386809
1166450
1169096
1326211
1272373
1434955
1479793
1155863
1373146
1325397
1335903
1223141
1520923
1378394
1310033
1219324
1280179
1169738
1358236
1298015
1459717
1129966
1136632
1294970
1391383
1216474
1295117
1164841
1116954
1141574
1106412
1220968
1184744
1435213
1388253
1341795
1172575
1112330
1236501
1247966
1280647
1169945
1292771
1201240
1140870
1263817
1095434
1208639
1231018
1286470
1311990
1327708
1052167
1476998
1130839
1503308
1130147
1406691
1432205
1449894
1070382
1513985
1196838
1127239
1186366
1289028
1124622
1085421
1423027
1050693
1202845
1208947
1174116
1118827
1295841
1212034
1508866
1554312
1318391
1192062
1193424
1258850
1348705
1201413
1378277
1430410
1121526
1290961
1137379
1230674
1446350
1217087
1232993
1247257
1314325
1338235
1378708
1244697
1259277
1250090
1341900
1189106
1330673
1125290
1205790
1223632
1314851
1265229
1231152
1189114
1261533
1475984
1265346
1106128
1239339
1186085
1257950
1290993
1208441
1064138
1289689
1349342
1396863
1290220
1402537
1150189
1465613
1498089
1196014
1185812
1076186
1407403
1183322
1276601
1251427
1293503
1411195
1169529
1243849
1129266
1307644
1216493
1146123
1394433
1304028
1179230
1289245
1447377
1126532
1144339
1373321
1289666
1295833
1462973
1198572
1355252
1204165
1207846
1327450
1251280
1191059
1263174
1115166
1295147
1004526
1117083
1139670
1213459
1334894
1125315
1005003
1279811
1334351
1543008
1159394
1137120
1250985
1335049
1175817
1086902
1397707
1115517
1298523
1335576
1106443
1356697
1229632
1374695
1335823
1374893
1108530
1443031
1252383
1333348
1124403
1240446
1086911
1247870
1161746
1128481
1301756
1238546
1227638
1078958
1209980
1236086
1183547
1112993
1349192
1479920
1146464
1217802
1192654
1340382
1341081
1194937
1206261
1126706
1158985
1339862
1356790
1313382
1099581
1206289
1091693
1098758
1136506
1047405
1217449
1204778
1401668
1507747
1202999
1247013
1035798
1238010
1324310
991008
1375499
1370522

1328542
1427387
1396890
1161031
1148197
1182082
1436637
1081199
1481791
1250242
1325076
1283994
1354875
1137866
1093223
1229312
1168374
993594
1388810
1150320
1176025
1182154
1317938
1294034
1020247
1302348
1178291
1313929
1248211
1141560
1253730
1330302
1317104
1104426
1298674
1088407
1168866
1327902
995025
1194748
1160218
1450440
1186246
1205217
1327453
1410796
1003110
1296312
1398361
1133205
1096744
1301666
1145391
1118684
1190892
1254959
1299012
1175892
1174902
1346437
1312749
1261444
1219365
1266475
1338999
1141491
1060538
1315872
1037430
1235319
1044621
1154463
1192349
1392817
1287880
1218611
1164950
1195350
1550272
1068090
1211465
1375554
1213529
1218633
1316965
1202647
1310354
1129814
1292972
1283431
1265696
1192039
1194130
1093822
1418789
1026952
1165762
1141818
1303966
1073711
1223204
1243362
1332549
1369458
1310935
1438373
1345397
1154983
1112292
1333655
1133543
1232464
1321932
1465579
1363617
1212038
1217692
1053371
1180225
1419593
1235635
1343605
1368974
1419470
1241562
1356868
1404081
1181659
1350488
1006265
1213416
1136397
1318080
1149689
1387736
1060718
1130344
1352688
1186290
1249550
1188119
941122
1184546
1133951
1191938
1184840
1199217
1458647
1149427
1556501
1207269
1336545
1166771
1290077
1046462
1373942
1408366
1340724
1203922
1281436
1037396
1240147
1135641
1364695
1129090
1346059
1504079
1325094
1418040
1293064
1284078
1261568
1408261
1202951
1265105
1300271
1464850
1175714
1311336
1317968
1542989
1201869
1268396
1053438
1282593
1335466
1047932
1302498
1009458
1249895
1441616
1427264
1387598
1419423
1171590
1313369
1077941
1080233
1111463
1156205
1136608
1211925
1356833
1239020
1161764
1040159
1212772
1114118
1084040
1179909
1299105
1140410
1046284
1174482
1168029
961168
1239447
1053727
1395975
1476439
1291652
1502555
1481441
1032664
1230852
1157638
1247514
1402563
1177926
1233982
1439506
1163252
1219131
1365050
1385198
1398883
1193604
1430680
1245767
1045152
1305363
1199170
1229186
1239809
1046433
1333673
992487
1234114
1433771
1088543
1161909
1378730
1195287
1335177
1137630
1385157
990302
1355755
1334811
1311001
1228697
1357021
1217090
1393066
1368150
1289894
1099368
1293708
1123336
1269549
1290619
1062242
1338915
1316349
1278046
1264011
1340931
1211113
1281863
1042355
1428143
1113471
1155222
1656898
1325399
1345051
1165238
1182010
1157377
1196604
1300866
1256596
1390183
1375953
1058638
1202239
1432327
1083021
1337214
1183614
1156672
1054767
1280402
1149439
1226505
1312933
1436433
1283104
1311264
1241649
1279945
1031981
1273372
1344456
1328219
1483285
1446598
1173296
1303597
1208951
1357277
1016249
1047594
1269479
1235703
1325175
1330990
1071403
1115063
1106368
1414942
1164408
1381401
1137076
1327356
1041106
1185744
1445432
1167953
1424389
1130283
1333497
1127619
1405509
1330124
1162692
1355675
1316733
1200144
1480965
1275570
1227979
1524660
1317452
1208569
1294466
1094230
919722
1116880
1318715
1357620
1069455
1112449
1238501
1378733
1348874
1284806
1340113
1193179
1131039
977817
1399604
1118581
1366260
1461595
1156981
1308362
1113876
1382389
1094883
1261701
1312897
