0.008432
0.008637
0.011798
0.011302
0.011180
0.005571
0.004281
0.007658
0.008267
0.005043
0.007144
0.018792
0.011543
0.010719
0.005826
0.007811
0.013300
0.011394
0.012450
0.011084
0.012172
0.018003
0.014870
0.006747
0.009944
0.005999
0.009274
0.006696
0.005572
0.003222
0.006811
0.015865
0.007100
0.006207
0.008195
0.011302
0.020073
0.017141
0.009513
0.008283
0.009211
0.006378
0.015012
0.011793
0.005244
0.012242
0.007764
0.010811
0.005191
0.008776
0.016106
0.014224
0.013684
0.015833
0.015806
0.004540
0.007433
0.014139
0.007658
0.011107
0.008256
0.005221
0.005264
0.011920
0.010343
0.004088
0.011907
0.012539
0.009573
0.015413
0.020230
0.016032
0.010355
0.009760
0.006019
0.005548
0.009959
0.012727
0.007590
0.005861
0.006645
0.008140
0.013049
0.008781
0.017893
0.013120
0.005993
0.005763
0.012659
0.005304
0.008691
0.007123
0.007461
0.012775
0.009717
0.007908
0.008823
0.005932
0.006761
0.017673
0.013638
0.011970
0.009260
0.008687
0.011673
0.015636
0.011632
0.008230
0.018999
0.011920
0.020082
0.014300
0.007687
0.020373
0.008763
0.005207
0.008404
0.012082
0.008871
0.009587
0.006924
0.008429
0.019993
0.007018
0.008517
0.008575
0.007807
0.019255
0.012749
0.003344
0.007835
0.008931
0.017230
0.004763
0.012370
0.005479
0.016938
0.010864
0.011744
0.024579
0.017261
0.005513
0.011375
0.014563
0.010255
0.009002
0.016856
0.007321
0.008808
0.015220
0.012145
0.014902
0.025182
0.012469
0.008394
0.008119
0.004458
0.007829
0.013647
0.010731
0.016387
0.011397
0.009146
0.011089
0.014920
0.007507
0.009800
0.004513
0.030704
0.006515
0.015224
0.008712
0.007545
0.009289
0.004933
0.003079
0.010516
0.029913
0.008865
0.015944
0.005811
0.011260
0.011221
0.011409
0.010097
0.012666
0.014058
0.008705
0.013792
0.012306
0.013775
0.011468
0.014414
0.011439
0.004299
0.009401
0.029637
0.007866
0.012202
0.010744
0.016110
0.014455
0.011420
0.012416
0.006173
0.006763
0.021417
0.004407
0.006601
0.014861
0.013500
0.017737
0.013135
0.010728
0.006304
0.012003
0.006666
0.014134
0.011024
0.009865
0.011773
0.010543
0.006309
0.007969
0.006630
0.010416
0.007143
0.010340
0.026595
0.007717
0.013711
0.015262
0.011955
0.008188
0.027317
0.017383
0.009169
0.007284
0.006373
0.009309
0.011271
0.011771
0.013815
0.010264
0.006908
0.012818
0.011330
0.010269
0.007898
0.006309
0.022229
0.006506
0.011938
0.007893
0.010551
0.010862
0.003362
0.010070
0.013364
0.009812
0.013580
0.012324
0.015711
0.010425
0.010425
0.006266
0.004998
0.009604
0.010609
0.013972
0.009400
0.010002
0.011018
0.011506
0.027081
0.008010
0.009765
0.009400
0.007089
0.005638
0.006749
0.015248
0.005174
0.015012
0.008537
0.019588
0.011814
0.006428
0.010283
0.006019
0.001184
0.018505
0.005441
0.009708
0.009911
0.010153
0.007089
0.006249
0.011699
0.016297
0.018599
0.018893
0.015235
0.015736
0.014058
0.007400
0.005699
0.009997
0.019617
0.028216
0.013796
0.006513
0.004596
0.004265
0.005568
0.011764
0.005892
0.007360
0.007586
0.007105
0.019007
0.010221
0.008139
0.011005
0.012966
0.016279
0.006268
0.009024
0.011285
0.011636
0.008413
0.008004
0.013153
0.007595
0.005915
0.012531
0.015212
0.013935
0.010538
0.015143
0.010737
0.010793
0.007264
0.012742
0.006748
0.015190
0.007452
0.004494
0.004403
0.014096
0.008321
0.015099
0.006415
0.009061
0.005952
0.007075
0.015481
0.012615
0.007919
0.015064
0.017434
0.009968
0.013557
0.006042
0.011825
0.008708
0.009466
0.008767
0.008863
0.011370
0.015842
0.021401
0.011484
0.012792
0.009843
0.006898
0.011511
0.006474
0.012440
0.008903
0.010315
0.007797
0.010932
0.007627
0.010438
0.005440
0.012741
0.011556
0.004088
0.004746
0.010324
0.010673
0.009039
0.004564
0.013579
0.015434
0.007600
0.010770
0.005462
0.005975
0.017651
0.005909
0.017384
0.017138
0.008841
0.005018
0.023655
0.002631
0.028943
0.014221
0.006928
0.011129
0.007539
0.008322
0.019904
0.007286
0.008154
0.006680
0.011809
0.012272
0.019192
0.010546
0.007779
0.009471
0.013346
0.020870
0.014812
0.006061
0.004766
0.005873
0.011098
0.007637
0.010875
0.008962
0.010017
0.010711
0.008064
0.004399
0.008134
0.005650
0.006222
0.009308
0.014318
0.008176
0.009050
0.012687
0.019020
0.009942
0.010768
0.001649
0.012400
0.005844
0.016913
0.018399
0.007179
0.007821
0.007612
0.011839
0.009566
0.019463
0.013919
0.008785
0.021289
0.005340
0.011164
0.005646
0.008287
0.011180
0.009537
0.011624
0.010529
0.005686
0.009516
0.010041
0.017731
0.014048
0.018174
0.006250
0.005513
0.007960
0.014855
0.007115
0.013494
0.007386
0.011112
0.023850
0.006426
0.009286
0.016422
0.011775
0.015524
0.006172
0.007948
0.008386
0.013201
0.009657
0.013313
0.012795
0.014371
0.003383
0.007593
0.017105
0.004437
0.009649
0.003470
0.016423
0.011737
0.016458
0.018151
0.008344
0.014235
0.007630
0.006661
0.017097
0.007201
0.010807
0.007036
0.014995
0.006245
0.012794
0.010299
0.008792
0.013849
0.007562
0.025022
0.013831
0.013491
0.017642
0.008183
0.005553
0.015179
0.008412
0.011931
0.007254
0.012140
0.011024
0.008327
0.010667
0.003222
0.003381
0.011485
0.005131
0.012312
0.011422
0.007123
0.013227
0.006885
0.012807
0.013476
0.009663
0.012782
0.004718
0.038655
0.010961
0.003574
0.003969
0.011096
0.016348
0.007958
0.009657
0.013227
0.013008
0.010448
0.004895
0.010570
0.011828
0.008456
0.011462
0.010360
0.005016
0.004561
0.016911
0.007934
0.014065
0.007993
0.002730
0.005259
0.016477
0.009056
0.011843
0.007695
0.005171
0.001833
0.008173
0.015509
0.008255
0.006465
0.005622
0.005789
0.014598
0.008075
0.008954
0.014038
0.006483
0.014893
0.008961
0.009965
0.018233
0.009281
0.017117
0.022603
0.018134
0.007464
0.009443
0.006925
0.013148
0.005728
0.013896
0.017035
0.018128
0.024225
0.005875
0.007232
0.014901
0.011064
0.009964
0.005890
0.008192
0.022344
0.016209
0.012196
0.016847
0.009774
0.016350
0.010908
0.020750
0.009937
0.004842
0.007271
0.018425
0.007499
0.012239
0.016128
0.007807
0.008152
0.003186
0.004112
0.007384
0.019044
0.018046
0.016159
0.005797
0.007956
0.003576
0.013423
0.011804
0.012176
0.009957
0.005695
0.004827
0.011930
0.011592
0.012121
0.014013
0.006758
0.005979
0.008550
0.009732
0.006942
0.011750
0.003925
0.034676
0.010544
0.005044
0.014824
0.003736
0.012241
0.023048
0.009645
0.008896
0.007511
0.011130
0.007858
0.010666
0.014276
0.009732
0.021517
0.011642
0.008626
0.005686
0.010003
0.008454
0.017525
0.017882
0.011036
0.005499
0.005207
0.007895
0.019927
0.014324
0.006922
0.016386
0.013565
0.021141
0.009194
0.014808
0.014207
0.004314
0.007608
0.009895
0.015713
0.008743
0.016491
0.009078
0.012270
0.010366
0.013565
0.002143
0.003182
0.023678
0.013561
0.006220
0.009748
0.009915
0.012444
0.009108
0.021172
0.007406
0.004612
0.008183
0.015146
0.010215
0.007108
0.005853
0.009043
0.010811
0.014188
0.007569
0.013044
0.006471
0.005830
0.002795
0.013205
0.008922
0.007443
0.012051
0.011720
0.024072
0.008741
0.004459
0.013026
0.013700
0.004025
0.008781
0.005451
0.012735
0.009209
0.006560
0.003604
0.007330
0.007707
0.012142
0.029340
0.008168
0.007954
0.007885
0.010513
0.013386
0.003739
0.009165
0.011268
0.014162
0.007833
0.012772
0.011838
0.007635
0.016495
0.007596
0.009255
0.006881
0.004766
0.015381
0.013387
0.009494
0.011172
0.007851
0.005601
0.008723
0.004347
0.011638
0.012852
0.003099
0.025225
0.006682
0.010384
0.017252
0.007983
0.009416
0.005062
0.010916
0.008975
0.007430
0.008025
0.009994
0.014526
0.007465
0.005723
0.009116
0.004155
0.007048
0.012070
0.010120
0.023899
0.002894
0.005184
0.007819
0.011070
0.009920
0.005204
0.010534
0.005126
0.009255
0.014930
0.011167
0.010158
0.009693
0.016546
0.003581
0.002910
0.015320
0.012888
0.008193
0.004979
0.011438
0.006290
0.016939
0.014946
0.013847
0.009023
0.007786
0.011103
0.014394
0.020030
0.018852
0.007365
0.011055
0.004225
0.013319
0.007640
0.005990
0.005217
0.012241
0.005834
0.012114
0.013407
0.008308
0.010672
0.009325
0.011863
0.014956
0.008661
0.006544
0.007004
0.009908
0.011152
0.014651
0.011099
0.008609
0.005283
0.016726
0.012287
0.000963
0.012903
0.012445
0.014585
0.003232
0.019665
0.010600
0.006863
0.030424
0.013835
0.013097
0.006112
0.004616
0.004578
0.014026
0.011837
0.011410
0.019512
0.010704
0.010205
0.008257
0.005524
0.006049
0.010178
0.010198
0.009253
0.008443
0.007532
0.016382
0.018017
0.022948
0.008069
0.013487
0.008361
0.009120
0.007231
0.009152
0.009588
0.018260
0.006845
0.009469
0.008301
0.011545
0.009985
0.007992
0.011376
0.004759
0.010021
0.007929
0.009270
0.011162
0.005057
0.013999
0.022052
0.009387
0.004438
0.002170
0.029347
0.006991
0.009297
0.011985
0.012378
0.012053
0.016010
0.011592
0.016246
0.009901
0.005147
0.010439
0.015610
0.008109
0.018509
0.021635
0.013740
0.010866
0.007693
0.008606
0.016687
0.010197
0.006980
0.007898
0.012640
0.023619
0.009091
0.010475
0.005257
0.008918
0.013295
0.012510
0.004437
0.023649
0.012138
0.014226
0.004620
0.015977
0.012898
0.015487
0.013289
0.025777
0.008264
0.010364
0.016513
0.019445
0.002694
0.054830
0.004072
0.008302
0.008097
0.006592
0.005479
0.005617
0.013345
0.007322
0.022318
0.011469
0.010711
0.008316
0.003868
0.019819
0.006213
0.006357
0.010219
0.009048
0.010090
0.012560
0.011318
0.011648
0.006458
0.009776
0.015611
0.008976
0.004250
0.015614
0.007666
0.006116
0.005065
0.013822
0.003471
0.015503
0.016258
0.009889
0.012495
0.006096
0.011487
0.002457
0.005783
0.016788
0.008832
0.007126
0.005202
0.009308
0.024490
0.012782
0.010249
0.013917
0.010477
0.011599
0.016665
0.012033
0.029851
0.017209
0.004013
0.010440
0.015460
0.015658
0.012690
0.009386
0.017859
0.011917
0.007423
0.013247
0.010929
0.020999
0.008546
0.007181
0.010242
0.016109
0.013018
0.009610
0.009668
0.003619
0.016113
0.009937
0.011331
0.009802
0.006781
0.006225
0.010114
0.007934
0.001921
0.007906
0.011316
0.006918
0.007253
0.017170
0.027740
0.012245
0.020819
0.010423
0.007139
0.013215
0.010009
0.011949
0.006757
0.011566
0.008961
0.004484
0.006718
0.005265
0.013872
0.006020
0.009587
0.002855
0.011524
0.010033
0.011596
0.012338
0.015653
0.008954
0.011472
0.006286
0.008964
0.006135
0.015499
0.009484
0.006623
0.004980
0.016277
0.025200
0.011583
0.005366
0.010037
0.008093
0.010499
0.018761
0.011270
0.008625
0.007071
0.009715
0.012500
0.003892
0.016050
0.006016
0.011547
0.007692
0.005478
0.009638
0.009451
0.010336
0.011472
0.004890
0.006859
0.009234
0.010762
0.011035
0.011305
0.004984
0.007811
0.012217
0.010866
0.009467
0.007839
0.012614
0.016348
0.005444
0.006947
0.010699
0.011343
0.006466
0.007233
0.012072
0.011965
0.015150
0.004388
0.018717
0.005156
0.021933
0.009640
0.008603
0.018066
0.004372
0.010614
0.008712
0.004346
0.005574
0.013127
0.010229
0.014423
0.022130
0.010039
0.005612
0.014394
0.007008
0.013630
0.012917
0.008280
0.011850
0.012446
0.008356
0.011131
0.008048
0.010776
0.015357
0.020388
0.010538
0.007287
0.010205
0.013973
0.010433
0.014953
0.008078
0.010082
0.013415
0.017088
0.011609
0.020637
0.010522
0.014328
0.013069
0.010480
0.005112
0.010250
0.012556
0.014696
0.006616
0.004094
0.009849
0.022292
0.014859
0.007890
0.003108
0.007105
0.014695
0.014027
0.024659
0.009491
0.015115
0.004623
0.012047
0.008342
0.020320
0.005922
0.008508
0.008374
0.022909
0.008302
0.007358
0.010830
0.015818
0.011349
0.004696
0.014215
0.017816
0.006647
0.009760
0.008345
0.003279
0.010214
0.010731
0.023170
0.016176
0.005120
0.005723
0.010324
0.009074
0.006232
0.016081
0.011929
0.017077
0.013502
0.006507
0.007137
0.009911
0.016307
0.014227
0.020725
0.010781
0.012594
0.011180
0.007615
0.013894
0.007167
0.013765
0.012858
0.013207
0.010564
0.018660
0.009665
0.009081
0.010060
0.020129
0.011958
0.019261
0.007891
0.014240
0.004923
0.008149
0.005453
0.023390
0.015699
0.007673
0.018102
0.006212
0.013347
0.015790
0.011507
0.009667
0.020291
0.010099
0.006613
0.008114
0.012807
0.010177
0.009454
0.008744
0.018652
0.009263
0.005329
0.012529
0.010568
0.011518
0.007851
0.007622
0.003524
0.007596
0.005522
0.006356
0.004544
0.012266
0.008824
0.033416
0.006548
0.008872
0.009839
0.007983
0.006556
0.005538
0.008357
0.013028
0.007252
0.009447
0.009122
0.007794
0.013663
0.005402
0.015730
0.019112
0.005929
0.009728
0.007896
0.008129
0.003930
0.004993
0.005413
0.012675
0.012347
0.021276
0.003450
0.009094
0.007338
0.013121
0.008250
0.006097
0.009765
0.021417
0.008535
0.009597
0.011869
0.011490
0.010444
0.006813
0.012062
0.015767
0.008653
0.004212
0.009547
0.011254
0.013965
0.012480
0.023700
0.012426
0.012830
0.006528
0.007927
0.008553
0.005228
0.008983
0.013151
0.007856
0.016553
0.007574
0.013426
0.005365
0.012227
0.003241
0.002432
0.008014
0.006082
0.005350
0.010489
0.019457
0.010273
0.004368
0.013236
0.004026
0.022281
0.012063
0.011607
0.007938
0.016049
0.009967
0.023327
0.012495
0.013374
0.008241
0.009693
0.007682
0.007980
0.012113
0.003513
0.017005
0.014061
0.009532
0.009011
0.010108
0.015536
0.009541
0.006799
0.006544
0.012217
0.008607
0.010384
0.011843
0.012719
0.017528
0.006536
0.006844
0.004536
0.011935
0.014166
0.012091
0.011329
0.007718
0.009243
0.008705
0.004397
0.009272
0.014036
0.010533
0.008467
0.007872
0.002836
0.015623
0.016549
0.011994
0.009939
0.008393
0.006743
0.010921
0.005883
0.006534
0.007631
0.016120
0.003611
0.012208
0.011833
0.008229
0.014746
0.006993
0.012862
0.016241
0.015081
0.012964
0.007947
0.003271
0.010897
0.007132
0.011814
0.007909
0.011730
0.008478
0.011298
0.015941
0.006541
0.005656
0.008732
0.010020
0.016306
0.011222
0.009034
0.011486
0.017095
0.008368
0.034679
0.004732
0.014643
0.006991
0.025714
0.008254
0.006581
0.004140
0.012542
0.005943
0.012751
0.017177
0.004130
0.019859
0.009147
0.008160
0.012313
0.008634
0.004206
0.009715
0.005430
0.007718
0.009882
0.011754
0.013781
0.006567
0.015890
0.009390
0.012497
0.011966
0.009753
0.006502
0.009716
0.005273
0.007570
0.015905
0.006090
0.005031
0.010331
0.005504
0.006570
0.017403
0.005393
