12.20
12.37
12.71
12.73
12.87
12.99
13.03
13.05
13.18
13.27
13.33
13.39
13.44
13.44
13.45
13.49
13.51
13.54
13.60
13.66
13.70
13.73
13.76
13.77
13.80
13.85
13.86
13.87
13.89
13.90
14.01
14.02
14.04
14.09
14.19
14.29
14.31
14.33
14.34
14.37
14.39
14.40
14.44
14.44
14.51
14.53
14.57
14.58
14.61
14.63
14.67
14.72
14.74
14.75
14.76
14.83
14.84
14.89
14.96
14.98
14.98
15.00
15.02
15.03
15.04
15.05
15.12
15.12
15.12
15.18
15.22
15.24
15.24
15.27
15.28
15.35
15.35
15.37
15.37
15.37
15.41
15.58
15.70
15.74
15.80
15.81
15.85
15.87
15.89
15.92
15.92
15.98
16.12
16.15
16.15
16.20
16.75
16.75
18.15
