0.279263
0.51801
0.682909
1.49358
0.331077
0.104336
0.242586
0.429606
0.129657
0.366154
1.2344
1.77175
0.137136
0.173635
0.733008
0.324435
0.241704
0.343698
0.548738
0.484511
0.261903
0.389549
0.364365
1.04842
0.318278
0.555709
0.305249
0.17581
0.284505
0.235388
0.301199
0.268796
0.56986
0.556814
0.47526
0.658211
0.442349
0.50711
0.308
0.109033
0.316427
0.606867
0.769799
0.453014
0.216793
0.363296
0.456212
0.194618
0.195205
0.520362
0.710759
0.267741
0.644344
0.369572
0.36066
0.519923
0.218767
0.381258
0.966115
0.293775
0.206161
0.742395
0.883845
0.683185
0.817449
0.971384
0.880261
1.2412
0.655959
0.180233
0.129085
0.358623
0.0467823
0.553627
0.249257
0.220192
0.364219
0.242137
0.174374
0.121048
0.206422
0.305718
0.478377
0.235326
0.493893
0.755606
0.989551
0.763962
1.08724
0.835399
0.277308
0.724268
0.219601
0.632145
0.440253
0.247391
1.32183
0.417361
0.425595
0.583705
0.458199
0.43541
0.472009
0.926948
1.1636
0.558662
1.19687
1.29522
0.190073
0.391346
0.400204
0.386583
0.519816
0.542177
0.452186
0.418918
0.506428
0.563608
0.491539
0.827022
0.244194
0.198251
0.346854
0.302046
0.155977
0.11959
0.56256
0.51308
0.652625
0.830144
0.284821
0.283196
0.424347
0.285072
0.388263
0.176965
0.121118
0.268982
0.588093
0.6851
0.0911985
0.358984
0.121609
0.206285
0.148039
0.175847
0.132413
0.194
0.389385
0.209274
0.434834
0.197544
0.2289
0.190871
0.277567
0.578128
0.574038
0.447806
0.272506
0.248426
0.119239
0.229377
0.211358
0.211121
0.0734976
0.0825461
0.296688
0.313476
0.210143
0.306835
0.308822
0.211349
0.190601
0.295667
0.49958
0.254825
0.291809
0.173615
0.359401
0.278039
0.388872
0.459705
0.596749
0.624861
0.440348
0.383446
0.357968
0.552415
0.290919
0.396761
0.413667
0.135409
0.545085
0.659921
0.553839
0.576446
0.279966
0.110799
0.187026
0.245059
1.2002
0.76605
1.02342
0.493535
0.593994
0.386272
0.566322
0.199332
0.194828
