0.0399283
0.0954272
0.106424
0.181505
0.0401969
0.0276177
0.0590182
0.0636347
0.0415223
0.0569387
0.118484
0.160291
0.0391613
0.0477932
0.0902213
0.0649572
0.0549325
0.0771799
0.201436
0.17197
0.105709
0.119019
0.0772687
0.0934081
0.0461365
0.0478519
0.0603273
0.0565791
0.0525933
0.061556
0.0522161
0.050856
0.0959796
0.0780939
0.0899982
0.235988
0.187422
0.143099
0.0836312
0.0339711
0.0541032
0.169497
0.167857
0.105571
0.0762838
0.0926067
0.123894
0.0586484
0.0656343
0.0786226
0.0618979
0.0641974
0.169096
0.083281
0.0979349
0.0868756
0.0712272
0.0800482
0.360907
0.0865111
0.0659433
0.156198
0.229304
0.315944
0.36868
0.282609
0.250788
0.212434
0.132647
0.0492747
0.0346322
0.0913505
0.018781
0.131563
0.0628843
0.10725
0.0988662
0.0569621
0.0535653
0.0335764
0.0457263
0.0713984
0.0707059
0.0488367
0.188695
0.151968
0.145712
0.102712
0.135875
0.152905
0.0856252
0.0512399
0.0526296
0.243773
0.12118
0.137937
0.292525
0.170876
0.100029
0.0512144
0.107806
0.0962689
0.0918227
0.163679
0.205983
0.213295
0.217177
0.250526
0.0676243
0.075471
0.113595
0.111657
0.161387
0.190923
0.0440175
0.0515132
0.107905
0.162739
0.0533022
0.0827427
0.0538275
0.0475805
0.0792574
0.113676
0.0281332
0.0370509
0.147675
0.126642
0.196825
0.226978
0.0851619
0.0956107
0.108762
0.112072
0.0899286
0.0565358
0.0297477
0.0469379
0.14571
0.150031
0.0218845
0.0362902
0.0302095
0.0481691
0.0424353
0.0451107
0.0557279
0.0550776
0.0809201
0.0406786
0.0459481
0.0520724
0.0664018
0.0595179
0.0884627
0.125549
0.118228
0.084071
0.0428756
0.0660479
0.0215918
0.0294674
0.03358
0.0483347
0.0259349
0.0216204
0.0289895
0.0569325
0.0666424
0.0563861
0.123846
0.0513598
0.0386052
0.0552826
0.143008
0.122253
0.0661311
0.0505275
0.0726632
0.0614408
0.132548
0.188376
0.121757
0.127328
0.130925
0.0940193
0.0668968
0.0992484
0.063631
0.078692
0.0308726
0.0305874
0.286142
0.23428
0.279911
0.177277
0.059241
0.0490811
0.091615
0.0961064
0.261628
0.214341
0.14305
0.10763
0.149138
0.0829004
0.131238
0.0835826
0.0780103
