6
42
47
81
8
1
16
13
2
8
40
41
2
6
26
19
20
33
107
97
55
62
30
36
11
13
16
14
18
21
4
12
45
23
30
99
85
73
34
1
11
98
95
56
33
39
61
18
24
33
14
23
84
38
55
27
26
30
118
38
25
92
104
112
119
109
110
77
68
13
2
47
0
60
13
69
55
14
10
3
7
30
24
11
96
77
74
44
63
79
40
5
4
109
74
97
113
82
38
9
51
40
38
72
110
113
86
97
21
28
53
57
89
97
8
12
44
81
13
27
8
8
27
61
1
3
84
66
98
94
45
44
62
67
36
13
2
13
81
88
0
4
3
14
7
10
3
13
35
6
5
11
25
16
42
63
43
24
10
21
2
5
7
10
0
0
3
18
24
9
68
11
5
18
87
80
19
6
21
20
75
106
49
52
72
38
22
44
21
30
3
2
113
112
112
94
10
3
57
58
101
107
58
50
76
39
69
34
33
