0.0398727
0.078002
0.0931736
0.232856
0.0438873
0.021606
0.0444606
0.0652658
0.0200436
0.0435582
0.171024
0.279098
0.0219377
0.0257313
0.119887
0.0470772
0.0455397
0.0639598
0.102705
0.0858415
0.0610831
0.0703318
0.0550074
0.124109
0.0464832
0.0722422
0.0484141
0.0362315
0.0477975
0.0463785
0.0358946
0.0391241
0.0739441
0.0924123
0.0896225
0.147686
0.108071
0.0951268
0.0624166
0.0213647
0.0478847
0.0859934
0.0985477
0.074715
0.0487827
0.0590228
0.0813338
0.035285
0.0449604
0.0697579
0.071958
0.0500706
0.12404
0.054104
0.0599703
0.0725527
0.0370865
0.0589396
0.190077
0.0480189
0.0397084
0.0963344
0.159496
0.165181
0.186405
0.18356
0.139748
0.225217
0.0963077
0.0327374
0.0227545
0.0680129
0.010159
0.106908
0.0420564
0.0425622
0.0590534
0.0386075
0.0315968
0.0229388
0.03178
0.0542236
0.0658686
0.0382836
0.105826
0.111579
0.121065
0.0936966
0.130822
0.11274
0.0466317
0.0754257
0.0277287
0.122955
0.0655757
0.0467707
0.17667
0.100577
0.080351
0.0746734
0.0952337
0.0936097
0.0839145
0.144563
0.130588
0.0966805
0.179584
0.199955
0.0354982
0.0542849
0.082363
0.0678293
0.0921588
0.107884
0.0541465
0.0488576
0.0941876
0.114964
0.0634303
0.115922
0.0335648
0.0322445
0.0578514
0.0653539
0.0178435
0.025841
0.0925546
0.0849749
0.112814
0.180803
0.0531638
0.0532361
0.0565739
0.0524022
0.0657516
0.0334028
0.0176557
0.0506394
0.0849123
0.0859326
0.0167602
0.0409458
0.0225845
0.0422822
0.0295498
0.0326791
0.0223978
0.0325028
0.0859558
0.033725
0.0492332
0.0375877
0.0403772
0.0379477
0.0536332
0.0960766
0.115683
0.0776079
0.0413747
0.0415397
0.0167216
0.0329416
0.0340891
0.0325556
0.0136307
0.0118204
0.0324059
0.0461507
0.0432834
0.0403544
0.0649744
0.0372374
0.0280613
0.0564277
0.0752283
0.050502
0.0481269
0.0290552
0.0535644
0.0487528
0.0755945
0.0823199
0.11464
0.119327
0.0744442
0.0746317
0.060224
0.0819555
0.0454129
0.0658957
0.0477707
0.0190342
0.137792
0.12179
0.118223
0.0950171
0.054969
0.0219663
0.0423032
0.0474508
0.192342
0.113922
0.141962
0.0801004
0.0986802
0.0503254
0.0816181
0.0363248
0.0417845
