811.347552
887.518675
799.895565
792.716940
740.464802
742.479422
777.927161
776.375527
755.633082
754.744431
762.632010
762.838356
801.382047
801.879611
770.913373
771.649219
728.698843
726.130995
776.309215
777.804100
761.297982
760.517159
753.273676
753.185144
824.563230
823.111067
803.901995
803.339393
804.806426
805.215546
780.264902
779.308405
802.882584
742.513656
740.529437
761.823697
764.549158
799.591953
799.424119
771.190546
767.464620
702.918665
700.931434
764.158751
806.941583
775.023578
772.804958
772.022745
768.874486
779.794730
783.599256
640.790869
585.167206
748.442366
748.772802
758.529164
754.306629
825.898743
548.467897
756.400440
754.884741
769.322293
821.112361
823.775649
825.511910
801.937931
801.883566
791.461002
882.216448
866.921508
636.211867
772.824410
675.699239
562.090152
618.907172
802.809779
803.388019
765.733067
766.944429
800.370324
803.277019
819.305834
731.727171
734.294893
727.106018
728.093039
765.143926
759.424078
759.989880
774.623727
779.464908
807.066470
807.176713
787.666236
798.925720
799.398038
760.516717
766.067763
766.225886
768.949828
758.605601
758.618229
735.534063
736.259932
749.341933
753.834660
787.671528
787.175490
713.514675
714.898381
719.380656
719.819451
732.046402
731.388334
801.646396
803.549780
754.056956
754.294218
751.944542
755.534135
771.516064
773.445758
738.990984
738.574091
730.334141
732.022931
696.237334
699.042712
763.307922
761.276788
815.685266
817.790256
779.617132
780.008514
823.851521
824.605730
795.180169
794.968214
724.379074
724.489761
801.295459
799.687376
764.918075
764.412574
813.980225
812.265513
815.644989
816.558504
823.290948
822.227411
771.912092
772.603178
758.524501
760.351811
847.557311
849.400363
716.702058
713.584350
804.035252
803.740601
812.759243
812.312361
804.718325
806.937329
838.987876
838.604631
794.585667
790.659680
852.388448
851.405611
818.779358
819.533827
813.987203
818.753216
762.133902
759.683199
760.992038
760.835270
788.769324
790.532454
822.251843
823.381259
767.894023
767.195956
871.251939
873.741718
853.214939
849.162609
820.974200
819.510496
821.327509
821.171631
810.727195
812.223197
800.967318
802.368113
859.832180
862.755847
840.165184
840.285280
758.388911
757.616402
788.310191
786.015602
814.797946
817.725228
816.820175
861.214925
863.281379
