205.27
186.06
159.96
65.21
169.59
213.54
155.99
154.31
178.93
167.72
113.09
84.34
184.67
206.26
120.56
194.00
133.08
153.15
127.30
152.85
108.48
107.66
124.76
118.32
182.52
132.38
132.07
98.25
226.54
269.33
215.06
240.99
215.30
187.82
165.89
153.82
193.21
160.46
159.51
226.57
194.37
142.52
153.43
186.24
193.14
138.34
151.07
177.47
171.70
243.68
248.01
159.57
70.95
196.17
192.53
219.73
195.97
124.69
124.52
167.08
205.42
134.12
135.95
98.94
70.41
111.84
137.88
89.63
137.60
169.91
203.72
190.21
221.17
108.34
198.55
204.08
161.85
193.38
215.06
231.16
236.99
211.55
149.96
156.79
76.23
77.41
88.39
163.56
104.66
119.59
174.61
185.98
218.35
57.42
165.81
212.80
59.60
83.36
137.31
173.30
142.38
135.08
163.35
142.95
126.96
123.10
108.89
108.01
171.80
142.58
181.20
158.95
86.14
59.65
207.51
206.72
79.41
56.67
178.69
119.30
232.71
267.70
169.70
151.49
239.21
216.48
145.30
157.84
79.73
58.15
128.11
151.00
197.37
208.13
167.81
225.85
207.43
205.71
158.04
133.93
265.86
276.73
194.09
193.28
207.86
218.69
233.03
224.38
134.53
281.46
195.99
229.89
139.85
130.75
141.37
123.92
109.02
134.03
204.83
208.11
218.50
213.00
174.97
173.11
182.71
196.42
158.77
148.40
112.57
112.32
189.78
233.90
225.72
192.05
176.17
208.47
161.30
158.57
175.90
183.88
174.38
153.24
115.15
86.80
166.48
213.05
221.96
157.35
192.30
174.21
183.25
217.72
144.12
148.79
163.40
202.83
147.86
146.13
229.59
220.47
139.68
142.03
103.02
143.10
137.47
171.64
189.29
223.70
182.99
