16.540158
27.260452
24.526140
34.749377
21.080222
19.090864
23.145597
19.866712
19.863879
20.815049
31.054082
38.775214
22.230883
22.705298
32.626460
26.885211
22.109863
20.383963
32.904557
38.205807
29.203239
25.324710
45.021213
43.871501
27.128848
24.897641
28.038194
27.735067
20.426356
19.326299
21.621441
23.148472
22.712721
31.302695
32.506367
30.249284
24.165305
37.792619
27.314751
28.828058
28.477740
25.297605
24.599626
24.053422
23.186683
43.122779
32.635303
22.815302
21.178571
24.292358
17.756158
19.665046
24.979406
30.192019
28.810805
33.511811
36.149133
27.880311
29.714676
25.564540
21.229377
43.872767
33.620843
36.075665
38.038621
40.386182
44.292867
36.465405
35.282859
28.880206
15.862789
28.532615
13.466639
23.226042
17.469257
22.609536
27.638727
30.186219
19.843312
18.340977
18.310075
25.893427
21.551557
18.180926
32.134807
43.913281
49.856053
31.245744
34.433478
25.320143
21.781796
23.348313
23.885143
52.351936
27.769826
21.959287
34.135612
25.740003
28.626499
25.884607
27.018535
23.898085
27.007397
36.728769
40.349753
27.203782
47.189601
35.346548
19.376821
16.396910
26.570369
23.508265
37.362108
51.876081
20.209270
19.923035
30.381363
36.562495
19.491877
25.025708
15.930051
15.963832
31.926757
38.174899
14.684101
17.848540
32.574582
24.318206
39.520939
46.734834
27.307165
23.138338
24.602755
21.947543
36.681824
29.916276
21.213965
22.802876
24.668685
31.902099
19.270843
21.010593
19.679016
21.477387
28.393745
27.438823
21.065395
18.210687
27.801131
20.083899
17.413654
19.754278
21.217051
22.256371
26.316367
27.043489
28.999063
26.161148
26.107683
30.655971
17.621764
17.711461
21.689732
22.144252
20.356226
19.204210
21.510238
28.759629
30.445826
29.232174
21.693339
20.433978
24.028390
24.669640
21.527306
23.444990
28.260393
24.807434
31.991784
23.654082
30.718523
40.048110
37.743159
46.518388
27.269938
30.690496
22.768510
24.289412
21.126493
21.936841
21.707431
20.407389
29.461119
27.096314
26.064751
38.526724
23.175759
21.949055
23.872883
27.538800
28.676052
23.952797
35.589682
34.339077
33.508661
27.839466
36.454292
27.716817
28.078618
