1.447
1.464
1.467
1.494
1.497
1.498
1.503
1.506
1.510
1.511
1.523
1.523
1.527
1.531
1.534
1.534
1.538
1.538
1.548
1.551
1.557
1.563
1.567
1.567
1.576
1.577
1.577
1.584
1.585
1.586
1.591
1.591
1.591
1.591
1.594
1.597
1.598
1.603
1.612
1.613
1.614
1.627
1.628
1.637
1.637
1.640
1.648
1.648
1.649
1.650
1.650
1.651
1.652
1.653
1.653
1.653
1.655
1.656
1.658
1.659
1.662
1.665
1.668
1.668
1.670
1.673
1.676
1.676
1.676
1.678
1.678
1.684
1.684
1.685
1.685
1.687
1.688
1.689
1.689
1.690
1.690
1.690
1.690
1.690
1.690
1.691
1.691
1.691
1.692
1.694
1.696
1.698
1.700
1.701
1.702
1.702
1.702
1.704
1.704
1.704
1.704
1.704
1.705
1.706
1.708
1.708
1.709
1.709
1.709
1.711
1.711
1.712
1.714
1.714
1.714
1.715
1.717
1.717
1.721
1.723
1.724
1.724
1.724
1.725
1.725
1.726
1.726
1.727
1.727
1.728
1.728
1.728
1.730
1.734
1.734
1.734
1.735
1.735
1.736
1.736
1.737
1.737
1.738
1.738
1.738
1.739
1.740
1.740
1.740
1.740
1.741
1.743
1.743
1.743
1.743
1.744
1.744
1.744
1.744
1.745
1.745
1.746
1.746
1.747
1.748
1.748
1.749
1.749
1.749
1.750
1.750
1.750
1.751
1.751
1.751
1.752
1.752
1.752
1.753
1.753
1.754
1.754
1.755
1.755
1.756
1.756
1.756
1.757
1.758
1.758
1.758
1.759
1.759
1.759
1.760
1.760
1.761
1.761
1.761
1.761
1.761
1.762
1.762
1.764
1.765
1.765
1.765
1.765
1.766
1.766
1.766
1.767
1.767
1.768
1.769
1.769
1.770
1.770
1.771
1.772
1.772
1.773
1.773
1.773
1.774
1.774
1.775
1.777
1.778
1.778
1.779
1.779
1.781
1.781
1.781
1.781
1.782
1.782
1.783
1.784
1.784
1.784
1.784
1.785
1.785
1.785
1.785
1.786
1.787
1.787
1.787
1.788
1.788
1.788
1.788
1.788
1.788
1.789
1.789
1.790
1.790
1.790
1.790
1.791
1.792
1.792
1.794
1.794
1.794
1.794
1.794
1.795
1.795
1.795
1.795
1.795
1.795
1.796
1.796
1.797
1.798
1.798
1.798
1.798
1.799
1.799
1.800
1.801
1.801
1.801
1.802
1.802
1.803
1.805
1.805
1.805
1.805
1.806
1.807
1.807
1.807
1.807
1.808
1.808
1.809
1.809
1.810
1.810
1.810
1.810
1.811
1.812
1.812
1.812
1.813
1.814
1.814
1.815
1.815
1.815
1.815
1.816
1.816
1.816
1.817
1.817
1.819
1.819
1.820
1.821
1.821
1.821
1.821
1.821
1.821
1.821
1.821
1.822
1.822
1.823
1.823
1.824
1.824
1.825
1.825
1.825
1.825
1.826
1.826
1.826
1.826
1.827
1.827
1.828
1.829
1.829
1.829
1.830
1.831
1.831
1.831
1.831
1.831
1.831
1.832
1.832
1.832
1.832
1.832
1.832
1.833
1.834
1.834
1.834
1.835
1.835
1.836
1.836
1.836
1.837
1.837
1.837
1.838
1.840
1.840
1.841
1.841
1.841
1.841
1.842
1.842
1.843
1.843
1.843
1.843
1.844
1.845
1.845
1.846
1.846
1.847
1.847
1.847
1.849
1.850
1.850
1.851
1.851
1.852
1.852
1.852
1.853
1.853
1.853
1.853
1.854
1.854
1.855
1.855
1.855
1.856
1.857
1.857
1.857
1.859
1.860
1.861
1.862
1.862
1.863
1.864
1.864
1.865
1.865
1.865
1.866
1.866
1.866
1.867
1.867
1.868
1.870
1.870
1.871
1.871
1.871
1.872
1.872
1.872
1.872
1.872
1.873
1.874
1.874
1.874
1.875
1.875
1.877
1.878
1.878
1.878
1.878
1.878
1.879
1.879
1.880
1.880
1.881
1.881
1.881
1.881
1.882
1.882
1.882
1.882
1.882
1.883
1.883
1.883
1.883
1.883
1.885
1.885
1.885
1.885
1.885
1.885
1.886
1.886
1.886
1.888
1.888
1.889
1.889
1.889
1.890
1.891
1.891
1.892
1.892
1.892
1.892
1.892
1.892
1.892
1.893
1.893
1.893
1.893
1.894
1.894
1.895
1.895
1.895
1.895
1.895
1.896
1.896
1.896
1.897
1.897
1.897
1.897
1.899
1.899
1.900
1.900
1.900
1.900
1.902
1.903
1.904
1.906
1.906
1.907
1.907
1.907
1.907
1.907
1.909
1.909
1.910
1.911
1.911
1.911
1.912
1.912
1.912
1.912
1.913
1.914
1.914
1.914
1.915
1.915
1.915
1.915
1.916
1.916
1.916
1.917
1.917
1.919
1.919
1.920
1.920
1.921
1.921
1.922
1.922
1.923
1.923
1.923
1.923
1.923
1.924
1.925
1.925
1.926
1.927
1.928
1.929
1.930
1.931
1.932
1.932
1.932
1.932
1.933
1.933
1.936
1.936
1.937
1.937
1.937
1.938
1.938
1.938
1.939
1.939
1.939
1.940
1.943
1.943
1.943
1.944
1.944
1.946
1.946
1.946
1.947
1.950
1.950
1.950
1.950
1.951
1.952
1.952
1.953
1.954
1.954
1.955
1.955
1.956
1.956
1.957
1.957
1.958
1.958
1.959
1.959
1.959
1.960
1.960
1.960
1.961
1.962
1.962
1.963
1.963
1.964
1.964
1.965
1.965
1.965
1.966
1.967
1.967
1.967
1.967
1.967
1.969
1.970
1.970
1.970
1.971
1.971
1.972
1.973
1.973
1.973
1.973
1.974
1.974
1.974
1.974
1.975
1.976
1.976
1.976
1.977
1.978
1.979
1.980
1.980
1.980
1.981
1.981
1.981
1.983
1.984
1.985
1.985
1.988
1.988
1.989
1.989
1.990
1.990
1.991
1.994
1.994
1.997
1.997
1.997
1.998
1.998
1.998
1.999
1.999
2.001
2.002
2.003
2.003
2.008
2.008
2.009
2.010
2.010
2.012
2.012
2.012
2.013
2.014
2.014
2.015
2.015
2.016
2.017
2.018
2.018
2.019
2.019
2.021
2.022
2.023
2.023
2.024
2.025
2.026
2.028
2.028
2.029
2.032
2.032
2.033
2.033
2.033
2.034
2.037
2.037
2.037
2.038
2.039
2.040
2.040
2.040
2.041
2.041
2.042
2.044
2.044
2.045
2.048
2.051
2.051
2.055
2.056
2.057
2.058
2.059
2.060
2.061
2.062
2.062
2.064
2.066
2.068
2.072
2.073
2.073
2.077
2.078
2.080
2.084
2.084
2.085
2.085
2.088
2.090
2.094
2.094
2.096
2.096
2.099
2.100
2.101
2.102
2.103
2.105
2.105
2.107
2.108
2.110
2.112
2.115
2.116
2.117
2.119
2.122
2.122
2.124
2.124
2.125
2.129
2.130
2.131
2.132
2.133
2.134
2.134
2.135
2.139
2.140
2.141
2.143
2.144
2.146
2.147
2.147
2.148
2.148
2.148
2.149
2.151
2.155
2.156
2.156
2.157
2.157
2.158
2.159
2.162
2.163
2.164
2.165
2.167
2.167
2.168
2.169
2.170
2.170
2.171
2.171
2.172
2.173
2.174
2.175
2.176
2.178
2.179
2.182
2.183
2.184
2.184
2.185
2.186
2.188
2.188
2.188
2.188
2.189
2.190
2.192
2.193
2.193
2.194
2.194
2.195
2.195
2.196
2.197
2.199
2.200
2.200
2.201
2.201
2.204
2.205
2.209
2.210
2.211
2.213
2.216
2.218
2.218
2.220
2.220
2.221
2.221
2.221
2.224
2.224
2.226
2.227
2.227
2.229
2.230
2.231
2.231
2.231
2.234
2.234
2.234
2.235
2.236
2.238
2.238
2.239
2.239
2.240
2.242
2.242
2.242
2.243
2.243
2.243
2.244
2.245
2.245
2.246
2.246
2.247
2.249
2.249
2.249
2.249
2.249
2.251
2.251
2.251
2.252
2.252
2.252
2.253
2.253
2.253
2.253
2.254
2.254
2.255
2.256
2.257
2.257
2.258
2.258
2.260
2.261
2.261
2.261
2.261
2.261
2.262
2.262
2.262
2.265
2.267
2.268
2.268
2.270
2.270
2.271
2.272
2.272
2.272
2.273
2.273
2.274
2.274
2.275
2.276
2.279
2.279
2.280
2.280
2.281
2.281
2.281
2.282
2.284
2.284
2.285
2.285
2.286
2.287
2.289
2.289
2.289
2.290
2.290
2.290
2.291
2.291
2.291
2.292
2.293
2.293
2.295
2.296
2.296
2.298
2.299
2.299
2.299
2.300
2.301
2.301
2.301
2.303
2.303
2.303
2.303
2.304
2.304
2.304
2.304
2.304
2.305
2.305
2.306
2.306
2.306
2.307
2.307
2.308
2.308
2.308
2.309
2.310
2.311
2.311
2.311
2.312
2.312
2.313
2.313
2.313
2.314
2.314
2.314
2.314
2.315
2.315
2.315
2.315
2.316
2.317
2.319
2.319
2.320
2.320
2.320
2.320
2.321
2.322
2.322
2.322
2.322
2.323
2.323
2.324
2.324
2.325
2.326
2.326
2.326
2.326
2.327
2.327
2.327
2.327
2.328
2.329
2.329
2.330
2.330
2.330
2.331
2.331
2.331
2.332
2.332
2.332
2.333
2.333
2.333
2.333
2.334
2.335
2.336
2.337
2.338
2.339
2.339
2.339
2.340
2.341
2.341
2.341
2.341
2.342
2.342
2.342
2.342
2.343
2.343
2.343
2.344
2.344
2.345
2.345
2.346
2.346
2.346
2.346
2.346
2.347
2.347
2.348
2.348
2.348
2.348
2.349
2.349
2.351
2.351
2.352
2.352
2.352
2.354
2.354
2.354
2.355
2.355
2.356
2.356
2.358
2.358
2.358
2.359
2.359
2.359
2.359
2.360
2.360
2.360
2.361
2.361
2.361
2.361
2.362
2.362
2.362
2.362
2.362
2.363
2.363
2.365
2.366
2.367
2.368
2.368
2.368
2.368
2.369
2.369
2.369
2.369
2.371
2.371
2.372
2.372
2.372
2.372
2.374
2.375
2.376
2.376
2.377
2.377
2.377
2.377
2.378
2.380
2.380
2.380
2.380
2.380
2.380
2.381
2.382
2.382
2.382
2.382
2.383
2.383
2.384
2.384
2.384
2.385
2.386
2.386
2.386
2.386
2.387
2.387
2.387
2.387
2.388
2.388
2.388
2.388
2.389
2.390
2.390
2.391
2.391
2.391
2.392
2.392
2.392
2.395
2.395
2.396
2.397
2.398
2.398
2.398
2.399
2.399
2.400
2.400
2.401
2.401
2.402
2.403
2.404
2.404
2.404
2.405
2.405
2.405
2.406
2.406
2.406
2.407
2.407
2.408
2.408
2.409
2.410
2.410
2.410
2.411
2.412
2.413
2.413
2.413
2.413
2.414
2.414
2.415
2.415
2.416
2.417
2.417
2.418
2.418
2.418
2.418
2.418
2.419
2.420
2.420
2.420
2.420
2.421
2.422
2.423
2.424
2.424
2.427
2.428
2.428
2.428
2.428
2.428
2.429
2.430
2.430
2.431
2.432
2.432
2.432
2.433
2.434
2.434
2.436
2.436
2.436
2.437
2.437
2.437
2.438
2.438
2.438
2.438
2.439
2.441
2.442
2.442
2.443
2.444
2.444
2.445
2.445
2.445
2.445
2.445
2.445
2.446
2.446
2.446
2.448
2.448
2.449
2.450
2.450
2.450
2.451
2.451
2.451
2.451
2.451
2.453
2.453
2.453
2.454
2.455
2.456
2.456
2.457
2.457
2.457
2.458
2.459
2.459
2.459
2.460
2.460
2.461
2.461
2.461
2.462
2.462
2.462
2.463
2.463
2.464
2.464
2.464
2.465
2.466
2.466
2.466
2.467
2.467
2.468
2.468
2.469
2.469
2.469
2.469
2.470
2.471
2.471
2.471
2.472
2.472
2.472
2.473
2.473
2.473
2.473
2.475
2.476
2.477
2.478
2.478
2.478
2.478
2.479
2.479
2.480
2.480
2.481
2.481
2.482
2.482
2.484
2.484
2.487
2.487
2.490
2.492
2.493
2.493
2.493
2.494
2.494
2.496
2.496
2.497
2.498
2.498
2.498
2.498
2.499
2.499
2.501
2.501
2.503
2.503
2.503
2.503
2.505
2.505
2.507
2.507
2.507
2.512
2.512
2.513
2.513
2.514
2.514
2.515
2.515
2.516
2.516
2.516
2.519
2.522
2.523
2.523
2.524
2.525
2.526
2.526
2.531
2.533
2.533
2.533
2.534
2.535
2.537
2.538
2.539
2.540
2.540
2.541
2.541
2.541
2.543
2.545
2.546
2.548
2.548
2.549
2.549
2.552
2.552
2.553
2.554
2.554
2.554
2.554
2.557
2.559
2.564
2.566
2.569
2.569
2.570
2.570
2.581
2.583
2.593
2.599
2.602
2.604
2.610
2.615
2.621
2.625
2.640
2.644
2.649
2.659
2.659
2.666
2.671
2.689
2.701
2.711
2.726
2.741
