1.927
1.956
2.065
2.068
2.089
2.093
2.105
2.109
2.111
2.153
2.170
2.179
2.205
2.220
2.230
2.231
2.248
2.253
2.259
2.259
2.262
2.265
2.265
2.265
2.267
2.268
2.275
2.275
2.278
2.281
2.281
2.283
2.287
2.290
2.293
2.294
2.301
2.301
2.305
2.305
2.311
2.313
2.329
2.330
2.331
2.332
2.333
2.334
2.335
2.339
2.339
2.341
2.342
2.344
2.345
2.345
2.346
2.347
2.347
2.348
2.350
2.350
2.355
2.356
2.357
2.358
2.358
2.359
2.361
2.363
2.363
2.363
2.364
2.364
2.374
2.374
2.374
2.376
2.378
2.378
2.378
2.379
2.380
2.384
2.386
2.386
2.387
2.389
2.389
2.390
2.392
2.394
2.396
2.397
2.398
2.398
2.399
2.400
2.401
2.401
2.401
2.401
2.402
2.403
2.404
2.406
2.406
2.407
2.408
2.409
2.410
2.412
2.413
2.414
2.415
2.415
2.416
2.416
2.417
2.418
2.420
2.421
2.421
2.422
2.422
2.423
2.424
2.425
2.425
2.425
2.426
2.426
2.426
2.428
2.428
2.430
2.430
2.430
2.431
2.432
2.432
2.433
2.433
2.433
2.433
2.434
2.435
2.435
2.435
2.436
2.436
2.437
2.438
2.438
2.438
2.439
2.440
2.441
2.441
2.445
2.446
2.447
2.447
2.450
2.453
2.453
2.453
2.453
2.453
2.454
2.454
2.455
2.456
2.456
2.457
2.457
2.458
2.458
2.460
2.460
2.460
2.460
2.461
2.461
2.462
2.462
2.463
2.463
2.464
2.465
2.466
2.467
2.468
2.468
2.468
2.469
2.469
2.469
2.470
2.470
2.471
2.472
2.473
2.473
2.473
2.474
2.474
2.475
2.476
2.476
2.476
2.477
2.477
2.478
2.478
2.478
2.480
2.480
2.481
2.481
2.483
2.484
2.488
2.488
2.489
2.490
2.490
2.491
2.491
2.491
2.493
2.494
2.494
2.494
2.495
2.495
2.495
2.496
2.497
2.497
2.497
2.497
2.499
2.499
2.499
2.500
2.502
2.502
2.502
2.502
2.502
2.503
2.503
2.504
2.504
2.505
2.506
2.506
2.506
2.507
2.508
2.509
2.510
2.511
2.511
2.512
2.512
2.514
2.514
2.514
2.515
2.515
2.518
2.518
2.520
2.522
2.522
2.523
2.524
2.525
2.525
2.525
2.526
2.526
2.527
2.527
2.528
2.529
2.529
2.529
2.530
2.530
2.532
2.532
2.533
2.533
2.534
2.534
2.535
2.535
2.535
2.535
2.536
2.536
2.538
2.538
2.538
2.539
2.539
2.539
2.539
2.539
2.540
2.541
2.541
2.541
2.543
2.544
2.544
2.544
2.544
2.545
2.546
2.546
2.546
2.547
2.548
2.548
2.549
2.549
2.550
2.550
2.551
2.551
2.551
2.552
2.552
2.552
2.552
2.552
2.552
2.554
2.554
2.554
2.555
2.555
2.555
2.556
2.557
2.557
2.558
2.559
2.559
2.560
2.560
2.560
2.562
2.564
2.564
2.564
2.565
2.565
2.566
2.566
2.566
2.567
2.568
2.569
2.569
2.569
2.571
2.571
2.571
2.572
2.572
2.572
2.573
2.574
2.574
2.574
2.574
2.575
2.575
2.576
2.577
2.577
2.578
2.578
2.578
2.579
2.579
2.580
2.580
2.581
2.581
2.582
2.583
2.583
2.583
2.583
2.583
2.583
2.584
2.584
2.584
2.585
2.585
2.585
2.585
2.586
2.586
2.586
2.587
2.587
2.587
2.587
2.588
2.590
2.590
2.591
2.591
2.592
2.593
2.593
2.594
2.594
2.594
2.594
2.595
2.595
2.596
2.596
2.597
2.598
2.599
2.600
2.600
2.601
2.601
2.602
2.602
2.602
2.602
2.603
2.604
2.604
2.605
2.606
2.606
2.608
2.608
2.609
2.610
2.611
2.611
2.612
2.612
2.612
2.613
2.613
2.614
2.616
2.617
2.617
2.617
2.618
2.618
2.618
2.619
2.620
2.620
2.620
2.621
2.622
2.622
2.622
2.623
2.623
2.623
2.623
2.623
2.623
2.623
2.624
2.625
2.627
2.629
2.630
2.630
2.631
2.631
2.632
2.632
2.632
2.633
2.633
2.633
2.633
2.634
2.634
2.635
2.635
2.638
2.638
2.638
2.638
2.638
2.638
2.638
2.640
2.640
2.640
2.640
2.641
2.641
2.641
2.641
2.641
2.641
2.641
2.642
2.642
2.642
2.642
2.642
2.643
2.643
2.643
2.643
2.643
2.644
2.645
2.646
2.646
2.646
2.647
2.648
2.649
2.649
2.649
2.649
2.650
2.650
2.652
2.652
2.653
2.653
2.654
2.654
2.655
2.655
2.655
2.656
2.656
2.656
2.657
2.657
2.657
2.658
2.658
2.658
2.658
2.659
2.660
2.660
2.660
2.662
2.662
2.662
2.662
2.662
2.663
2.663
2.663
2.664
2.664
2.665
2.665
2.666
2.666
2.667
2.667
2.668
2.668
2.669
2.670
2.670
2.670
2.671
2.671
2.672
2.672
2.673
2.673
2.674
2.674
2.674
2.674
2.675
2.675
2.676
2.676
2.677
2.677
2.678
2.678
2.678
2.678
2.678
2.678
2.679
2.679
2.680
2.680
2.680
2.681
2.681
2.682
2.682
2.682
2.683
2.683
2.683
2.685
2.685
2.686
2.686
2.688
2.688
2.689
2.689
2.690
2.690
2.690
2.690
2.690
2.690
2.691
2.691
2.691
2.691
2.691
2.692
2.693
2.694
2.694
2.694
2.695
2.695
2.695
2.696
2.697
2.697
2.697
2.697
2.698
2.699
2.699
2.699
2.699
2.700
2.700
2.701
2.702
2.702
2.703
2.703
2.704
2.704
2.704
2.705
2.705
2.705
2.705
2.706
2.707
2.707
2.707
2.708
2.710
2.710
2.710
2.710
2.711
2.711
2.712
2.712
2.712
2.712
2.712
2.713
2.714
2.715
2.716
2.716
2.716
2.716
2.717
2.718
2.718
2.718
2.718
2.718
2.719
2.719
2.720
2.720
2.720
2.721
2.721
2.721
2.722
2.722
2.722
2.722
2.722
2.722
2.723
2.723
2.724
2.725
2.726
2.727
2.728
2.728
2.730
2.730
2.730
2.731
2.731
2.731
2.731
2.731
2.731
2.731
2.731
2.731
2.732
2.732
2.733
2.733
2.733
2.733
2.736
2.736
2.737
2.737
2.737
2.737
2.738
2.738
2.738
2.738
2.739
2.739
2.740
2.740
2.740
2.742
2.742
2.742
2.742
2.742
2.743
2.743
2.743
2.743
2.746
2.746
2.746
2.746
2.747
2.747
2.747
2.748
2.748
2.751
2.751
2.751
2.751
2.752
2.752
2.752
2.752
2.752
2.753
2.753
2.754
2.754
2.754
2.755
2.756
2.756
2.756
2.757
2.758
2.758
2.759
2.759
2.760
2.761
2.762
2.763
2.763
2.764
2.764
2.764
2.765
2.765
2.766
2.766
2.766
2.768
2.768
2.768
2.769
2.769
2.770
2.770
2.771
2.771
2.772
2.772
2.774
2.774
2.775
2.775
2.776
2.776
2.777
2.777
2.777
2.777
2.778
2.778
2.778
2.779
2.780
2.780
2.780
2.780
2.781
2.781
2.781
2.781
2.782
2.782
2.783
2.783
2.783
2.784
2.784
2.784
2.785
2.787
2.787
2.787
2.788
2.789
2.789
2.790
2.791
2.791
2.792
2.792
2.792
2.792
2.793
2.793
2.793
2.793
2.795
2.795
2.795
2.796
2.796
2.796
2.796
2.796
2.797
2.797
2.797
2.797
2.798
2.799
2.799
2.799
2.800
2.801
2.801
2.801
2.801
2.801
2.801
2.802
2.802
2.803
2.803
2.804
2.804
2.804
2.804
2.804
2.805
2.805
2.805
2.806
2.806
2.806
2.806
2.806
2.807
2.807
2.807
2.810
2.810
2.810
2.811
2.812
2.813
2.813
2.815
2.815
2.817
2.817
2.820
2.820
2.820
2.821
2.821
2.822
2.823
2.823
2.823
2.824
2.824
2.824
2.826
2.826
2.828
2.828
2.828
2.828
2.829
2.829
2.829
2.830
2.831
2.831
2.831
2.832
2.832
2.834
2.834
2.835
2.836
2.837
2.837
2.838
2.839
2.840
2.840
2.840
2.841
2.841
2.841
2.842
2.843
2.843
2.843
2.843
2.844
2.844
2.844
2.844
2.845
2.845
2.845
2.846
2.846
2.846
2.847
2.848
2.848
2.848
2.848
2.849
2.849
2.849
2.849
2.850
2.850
2.851
2.851
2.851
2.852
2.853
2.854
2.854
2.854
2.855
2.855
2.855
2.855
2.856
2.856
2.857
2.857
2.857
2.857
2.857
2.858
2.858
2.858
2.860
2.861
2.864
2.865
2.865
2.865
2.865
2.866
2.867
2.867
2.867
2.868
2.868
2.868
2.871
2.872
2.873
2.873
2.873
2.874
2.874
2.875
2.875
2.877
2.878
2.878
2.878
2.879
2.880
2.881
2.882
2.882
2.882
2.883
2.883
2.883
2.883
2.884
2.884
2.885
2.885
2.886
2.886
2.886
2.886
2.886
2.888
2.890
2.890
2.891
2.891
2.891
2.891
2.891
2.893
2.894
2.896
2.896
2.897
2.898
2.899
2.899
2.900
2.900
2.900
2.900
2.901
2.901
2.902
2.902
2.902
2.903
2.903
2.903
2.904
2.905
2.905
2.906
2.906
2.906
2.907
2.907
2.907
2.908
2.908
2.909
2.915
2.915
2.916
2.917
2.918
2.918
2.918
2.918
2.919
2.920
2.920
2.921
2.922
2.922
2.924
2.925
2.925
2.926
2.926
2.926
2.926
2.926
2.926
2.926
2.927
2.927
2.928
2.928
2.929
2.929
2.930
2.930
2.931
2.932
2.932
2.933
2.933
2.935
2.935
2.936
2.936
2.937
2.938
2.939
2.941
2.941
2.942
2.942
2.943
2.943
2.945
2.946
2.946
2.947
2.947
2.948
2.949
2.951
2.951
2.952
2.952
2.952
2.954
2.955
2.955
2.956
2.956
2.957
2.958
2.958
2.959
2.959
2.961
2.961
2.961
2.962
2.963
2.963
2.964
2.965
2.965
2.966
2.967
2.969
2.969
2.971
2.971
2.971
2.971
2.971
2.971
2.972
2.974
2.975
2.975
2.976
2.976
2.977
2.977
2.979
2.979
2.979
2.979
2.980
2.980
2.981
2.981
2.981
2.982
2.983
2.983
2.984
2.984
2.984
2.985
2.987
2.987
2.987
2.988
2.989
2.989
2.991
2.991
2.991
2.993
2.994
2.994
2.994
2.995
2.995
2.996
2.997
2.997
2.998
2.999
2.999
2.999
3.000
3.000
3.001
3.002
3.003
3.004
3.005
3.005
3.006
3.006
3.007
3.008
3.009
3.010
3.010
3.011
3.013
3.015
3.015
3.016
3.016
3.017
3.017
3.017
3.022
3.022
3.023
3.023
3.023
3.023
3.025
3.027
3.028
3.028
3.028
3.029
3.030
3.031
3.032
3.032
3.033
3.034
3.034
3.035
3.036
3.036
3.036
3.037
3.037
3.038
3.039
3.039
3.039
3.039
3.040
3.041
3.041
3.041
3.042
3.042
3.042
3.042
3.043
3.044
3.045
3.046
3.046
3.047
3.049
3.049
3.049
3.053
3.053
3.054
3.054
3.055
3.056
3.056
3.058
3.059
3.059
3.059
3.062
3.062
3.063
3.063
3.064
3.064
3.065
3.065
3.065
3.065
3.065
3.066
3.066
3.067
3.068
3.069
3.069
3.070
3.072
3.074
3.075
3.075
3.077
3.078
3.079
3.080
3.080
3.081
3.084
3.084
3.087
3.088
3.089
3.092
3.093
3.094
3.094
3.095
3.096
3.097
3.097
3.098
3.099
3.100
3.101
3.105
3.107
3.108
3.111
3.112
3.112
3.114
3.115
3.118
3.119
3.119
3.121
3.121
3.124
3.125
3.125
3.126
3.126
3.126
3.127
3.128
3.131
3.134
3.136
3.139
3.141
3.141
3.142
3.145
3.146
3.148
3.149
3.152
3.152
3.153
3.153
3.156
3.157
3.157
3.160
3.162
3.163
3.169
3.170
3.171
3.171
3.177
3.180
3.186
3.187
3.188
3.189
3.190
3.191
3.200
3.202
3.203
3.204
3.204
3.208
3.209
3.209
3.212
3.212
3.214
3.217
3.220
3.221
3.225
3.226
3.230
3.233
3.240
3.241
3.243
3.243
3.244
3.245
3.248
3.251
3.252
3.252
3.253
3.257
3.262
3.273
3.276
3.284
3.286
3.289
3.292
3.292
3.292
3.293
3.294
3.296
3.298
3.299
3.301
3.309
3.309
3.311
3.312
3.313
3.315
3.319
3.320
3.324
3.327
3.329
3.332
3.333
3.334
3.342
3.354
3.365
3.373
3.376
3.381
3.385
3.386
3.391
3.404
3.407
3.410
3.414
3.416
3.425
3.443
3.447
3.454
3.458
3.460
3.473
3.485
3.486
3.496
3.505
3.506
3.514
3.540
3.553
3.601
