0.84391
0.85272
0.85077
0.93155
1.0701
0.9001
0.85275
0.89135
0.97072
1.0864
0.86442
0.95093
0.95259
0.9304
1.2675
1.0807
0.97845
0.92109
0.83228
0.89981
1.0996
1.1533
0.94906
0.76511
1.1337
1.1675
1.0981
0.89328
0.81306
1.1502
0.87148
0.9269
1.109
0.75446
0.94773
0.97655
0.95457
0.92146
0.92024
0.96057
1.0536
1.1213
1.1072
1.0099
0.94794
1.1193
1.1679
1.0655
1.0806
1.0686
0.97628
1.0476
0.85557
1.095
1.1213
1.0131
1.1173
1.1688
1.0465
0.95967
1.1442
1.0039
1.0537
1.0441
1.127
0.79888
0.92608
0.82071
0.9671
1.0505
0.96877
0.87221
1.168
0.95357
0.95102
1.0172
0.73272
1.1843
1.1207
1.1114
1.1219
1.0374
1.2049
0.86273
1.1345
1.2329
1.5088
0.88248
1.102
0.98839
1.1886
0.97749
1.0469
1.0823
0.95336
0.97939
0.95518
0.96941
1.0765
1.0942
0.97226
1.0458
0.95428
0.6932
1.049
1.0319
0.90185
1.111
1.0061
0.8569
0.81991
0.8381
1.0411
1.1386
1.1552
0.97436
0.90516
1.1519
1.0523
0.97662
1.0424
1.0773
0.98359
0.91641
0.92197
1.0892
0.98813
1.1171
1.0415
0.91149
0.97459
0.83096
0.64204
0.83766
0.9221
1.0422
1.0809
0.93901
0.99677
1.0336
0.80846
1.0154
0.99118
1.1703
0.961
0.83328
0.91612
0.95695
0.854
1.1088
1.0258
1.022
1.0189
1.1071
0.94609
0.84417
0.77398
1.2319
1.1027
0.81497
0.81915
0.96909
0.93762
1.1023
1.0835
1.1392
0.8924
0.97118
0.91599
0.94713
1.0441
1.104
1.089
0.69422
1.0143
1.2772
0.86755
0.87013
0.86286
1.0799
0.97612
1.0458
0.88036
1.0539
1.0793
0.86166
1.1558
0.88189
0.65873
0.75094
0.70766
0.93683
0.76737
1.2002
1.0797
1.1584
0.79115
1.0956
0.99091
0.95399
0.954
1.2291
1.0744
1.1496
1.0406
1.1911
1.0221
1.0102
1.0448
1.0531
0.9717
1.0193
0.94705
0.9324
0.89393
1.1616
0.88442
0.79197
0.76698
1.0725
1.0766
1.2233
1.0895
0.93772
0.90627
1.2145
0.94756
0.93307
0.93083
1.2146
1.0107
1.0373
1.2609
1.157
1.3812
0.91898
1.1863
1.1204
0.92317
1.0825
1.1412
1.3068
1.3429
1.0926
1.2266
1.2004
0.93597
0.90489
1.1956
0.74347
0.89341
0.92163
1.2303
1.1719
1.1471
1.0026
1.1259
0.91212
1.0324
0.84043
1.1078
0.86895
1.0232
0.9917
1.0974
0.97053
0.89965
1.1622
0.91818
1.0912
0.8619
0.80626
0.91547
1.1018
1.3631
0.96862
0.86124
0.98613
1.0244
0.80951
0.94908
1.2392
1.2874
1.1013
1.091
0.92472
1.1303
1.1009
0.76018
0.98304
1.0264
1.0638
1.0016
1.2019
0.95843
1.2164
0.84043
1.0858
1.016
1.1322
0.79541
1.1087
1.0692
1.0388
0.99606
1.1003
1.1315
1.1931
0.90823
0.9416
1.0029
0.97642
0.90283
0.8145
1.0239
1.3999
1.1533
0.81959
0.92813
1.2622
0.85277
0.96901
0.87657
1.0882
1.0618
1.1657
1.2065
0.95996
0.86328
0.98152
0.99867
1.2987
1.0798
1.3867
1.0856
0.76958
1.1812
1.079
0.99373
0.76142
1.0256
0.66515
1.069
1.0166
1.084
1.0999
0.85112
0.88251
1.1054
0.97094
1.0874
0.83333
1.034
0.84771
1.1531
1.0078
0.98016
1.0391
1.0058
0.91131
1.1498
1.2227
0.97464
1.1195
0.92334
1.1597
0.98798
1.1621
1.1083
0.90648
0.84194
1.1027
1.0105
1.2122
0.67292
1.1988
0.90514
0.80919
1.2127
0.98965
0.96842
1.0208
0.92991
0.87773
0.94096
1.0218
0.90643
1.1827
0.94731
1.0304
1.0832
1.2028
0.86867
1.0813
1.0399
1.0333
1.2069
1.0719
1.025
1.02
1.1815
1.1553
1.112
1.0928
1.0848
0.97354
0.82003
1.0468
1.1247
1.1732
1.1809
1.0835
1.1026
1.1183
1.0894
0.91493
1.0396
1.0264
1.0215
0.86723
1.0375
0.98398
1.0804
1.0857
0.996
1.0422
1.2717
0.76312
1.2103
1.0881
1.0927
1.0237
1.2816
0.90907
1.1559
1.106
1.0418
1.1296
0.99306
1.1503
1.0215
0.87064
1.211
1.0802
1.1715
1.0604
1.2409
1.0756
0.83369
0.99613
0.98243
0.81744
0.92562
1.0845
1.0285
1.027
0.98172
0.84423
1.0565
1.0581
0.89607
1.1819
0.96332
0.70741
1.1484
1.2704
1.0383
1.1954
1.1264
0.86791
1.1322
0.9619
1.0903
0.96719
0.88599
0.81795
1.0537
0.98904
1.2015
0.98272
0.95351
1.0624
1.0639
0.98237
0.80279
1.1981
1.1331
1.0423
1.0199
1.0564
1.0799
1.2853
1.1228
1.166
0.9556
0.77211
0.94498
1.0863
0.9294
0.83589
1.1671
1.0168
0.96071
1.184
0.84152
0.76342
1.0543
1.165
0.86718
1.3454
1.116
1.0287
0.90602
1.0112
0.9871
0.99124
0.86569
1.0731
1.0712
0.82929
0.81148
1.0116
1.2205
1.0352
1.1874
0.98439
1.1167
1.3524
1.2394
1.2905
0.86408
1.0259
0.84335
0.92774
0.86743
0.93563
1.0319
1.127
1.1854
1.2524
1.1208
1.055
1.244
1.1489
1.2035
0.97392
0.92164
0.97204
1.0561
1.0894
1.1354
0.90755
1.1686
0.96032
0.75655
0.91628
1.1256
1.1539
1.0507
1.2734
0.78243
1.0876
1.0617
0.82381
1.033
1.0442
1.0436
1.1306
1.1414
1.0294
1.1755
1.162
0.87594
0.94465
1.2074
0.97347
0.88513
1.0489
1.2659
1.1146
0.94259
0.90823
1.0492
0.98785
1.1017
0.88633
1.0421
0.93259
0.94108
1.0913
0.98576
0.9748
0.97269
1.2245
0.92801
0.90858
1.2212
0.94872
0.99235
0.99393
0.92405
1.2442
0.93614
1.0648
1.061
1.2392
1.2259
1.0284
0.93531
1.0037
1.0022
0.83721
0.94006
1.1655
1.1228
1.1638
0.84304
1.1849
0.97607
1.1811
0.99321
1.066
0.99064
1.0234
0.98046
1.0022
0.99532
1.1827
0.72717
1.0612
0.91491
0.93247
1.1771
1.2484
0.75845
0.66573
1.0226
0.85874
0.8181
0.92743
0.48583
0.91207
1.0451
1.1121
1.1075
0.97706
1.0992
1.0759
1.1599
1.158
0.87307
1.2077
1.1053
0.89105
1.054
0.80131
1.075
0.89969
1.1157
1.1247
0.90812
1.1043
0.91576
1.1498
0.82285
1.0877
1.2389
1.0793
1.0662
1.0339
1.1811
1.0794
1.1154
0.84266
0.84085
1.285
0.87428
1.2327
0.94912
1.0809
1.3681
1.0563
1.1852
1.0206
1.2077
0.9986
0.93802
1.025
0.97939
1.0537
0.88324
1.0022
0.9945
1.0847
1.054
0.80571
1.1465
0.97358
0.9782
0.67214
1.1307
0.91165
0.86313
0.71526
1.0369
0.83378
0.8598
1.1087
0.92571
1.0249
0.95088
1.2488
1.0217
0.93305
1.0873
0.9924
1.0839
0.89303
0.94657
1.0681
0.80004
1.0143
0.92129
0.84929
1.1817
1.2493
0.92499
0.83566
1.2725
1.1363
1.1282
1.0175
1.1352
0.78281
0.93953
0.83631
0.92361
0.95019
0.94436
0.91524
0.8791
0.96382
0.87154
0.83023
1.0451
1.0853
0.90228
0.9656
1.1852
0.91204
1.1079
0.93085
0.99374
1.2663
0.88333
0.83626
0.94034
1.0021
1.0304
1.2066
1.2293
0.83485
1.1996
1.1825
1.2373
1.179
0.87336
1.0893
0.782
0.95051
0.90647
0.76571
1.0381
1.2189
0.90947
1.0746
0.89286
1.0945
0.98927
1.2406
1.0499
0.97701
0.93761
0.93604
1.0698
1.1786
1.0569
0.86232
0.91963
0.9581
0.92327
1.1677
0.99051
1.0393
1.0409
0.87654
0.82787
0.93361
0.77045
0.94927
1.2544
1.144
0.94789
0.91699
1.3022
1.1018
0.78074
1.1743
0.98967
1
0.78157
1.1468
1.313
1.079
0.96795
1.034
1.3745
1.2227
0.93235
1.0177
1.0909
0.99648
1.046
1.136
1.0855
1.0813
1.1408
1.0207
0.87412
1.0834
0.93562
1.101
1.1715
0.85724
0.98809
1.0168
1.2004
1.0405
1.2006
1.21
0.94739
1.1034
1.1632
0.92371
0.82244
1.0256
1.0693
1.269
0.95834
0.90779
0.91899
1.2373
0.99831
1.0024
0.97741
0.82046
1.1187
1.0171
1.0099
0.97283
1.0028
0.95573
0.72645
1.4961
1.1349
1.0672
1.1111
1.1025
1.1524
0.98751
1.1436
0.93705
1.1712
0.89259
1.0669
0.8411
0.88906
0.80269
0.94624
1.1585
1.0719
1.2171
1.0969
1.132
1.1453
1.323
1.099
1.0662
0.91104
1.2018
0.90821
0.79171
1.1208
0.93437
1.0086
1.2677
0.96339
0.92772
1.1526
1.0195
1.0741
0.96068
1.2133
1.1475
1.2105
0.89237
1.0715
0.90629
0.84157
0.87163
1.122
1.1323
0.83966
0.8649
0.83891
0.76767
1.1554
1.0969
1.1496
0.97722
1.0041
1.0288
0.85987
1.09
1.088
0.82679
1.084
1.0256
1.0682
0.92574
0.83099
0.8872
1.057
0.79519
0.72525
0.97762
1.2211
0.97088
0.90252
1.2306
1.2103
1.1332
1.221
0.65323
1.0312
0.95726
1.1769
0.95938
1.1774
1.0142
1.1391
1.1875
1.0839
1.1031
0.87037
1.1062
1.1959
1.2586
1.1392
1.0056
1.0375
1.1055
0.8684
1.0986
0.60628
1.0485
1.0159
1.0682
1.1973
1.0303
1.0361
1.0604
1.1333
0.75535
0.86599
1.2081
0.92548
1.1713
1.2389
1.0804
0.98353
1.1223
0.89525
1.2523
1.0339
1.0752
1.0832
0.81496
1.2436
1.1843
1.1746
0.8718
0.93537
0.89747
1.3001
0.83351
1.1734
1.083
0.98348
1.1723
1.3476
1.0589
0.89373
1.0717
1.1751
0.85591
1.0762
0.98804
1.2312
0.99474
0.95754
1.2841
1.2343
1.086
1.0062
0.94063
1.0016
0.8895
1.232
1.0624
0.97677
1.2289
0.95235
1.0952
1.088
1.1783
1.1693
1.3722
1.0862
1.0443
1.1939
1.4327
0.87659
1.0711
0.95303
1.1889
1.1844
1.216
0.79164
0.87021
0.97761
0.82548
1.1345
1.1322
1.0319
1.2844
1.1389
0.91581
1.0717
1.0427
1.0111
0.9326
0.76035
1.1847
1.1805
1.0898
1.0015
1.0266
0.97688
0.74267
1.089
1.0694
1.0914
1.1479
0.96408
0.97739
0.95995
0.8165
1.081
1.0173
0.9677
1.1985
0.75076
1.1788
1.1428
0.98674
1.0895
1.1072
0.84145
1.0969
1.0018
1.1278
1.0297
1.295
0.92291
1.1276
0.79274
0.76231
0.84117
0.98512
1.242
1.0883
1.1366
1.1875
1.0495
1.1299
1.0641
0.98615
1.0856
0.93636
0.82319
0.92235
1.004
1.227
1.1416
1.0607
0.85121
0.98801
1.216
1.1609
1.0148
0.99821
1.0057
1.0262
1.335
0.87165
0.80872
1.1588
1.0715
0.91433
1.0561
1.0228
1.1659
0.99199
1.1077
1.2192
1.0338
0.80719
1.0155
1.2909
1.1492
1.008
1.0136
1.0072
1.0217
1.1577
0.96134
1.1655
0.93754
0.84781
1.2913
0.77531
0.86689
0.92505
1.1087
1.1101
0.96818
1.0605
1.0282
1.0646
0.96064
0.99837
1.0411
1.1989
1.141
0.87711
1.2076
0.82652
1.0531
0.99298
1.2139
1.2626
1.0989
1.0757
1.0203
0.87604
1.1773
1.2353
1.0621
1.0285
1.152
1.1598
0.94215
0.81455
0.96515
0.98488
1.2002
1.0198
0.87353
0.85514
1.0967
1.1275
0.90392
0.97624
0.94663
1.1296
1.0469
1.2138
1.1128
1.3319
1.0167
0.89692
0.98012
1.1691
1.0365
0.85197
0.9135
0.97074
0.95371
0.99349
0.85531
1.0213
1.2035
0.88048
1.2174
0.87609
1.0835
1.0732
1.0645
0.99641
1.0679
1.2207
0.99252
1.0444
1.2135
0.93892
1.1894
1.0093
0.94992
1.0411
0.9756
0.91383
0.91698
0.97685
1.0916
1.0115
0.91143
1.1151
1.3516
0.9364
0.91072
1.0357
0.95867
0.8478
0.94944
0.99086
1.0685
0.98846
1.1419
1.0362
0.65194
1.0117
1.0241
1.0686
1.0998
1.01
1.184
1.0094
0.95694
1.0075
0.89165
1.1294
1.1067
1.0304
0.95566
0.78035
1.2574
0.97054
1.0858
1.1398
0.97205
0.73301
0.97544
0.96055
0.88298
0.94974
0.83744
1.0822
1.0272
0.98005
1.3122
0.9733
1.0915
0.82307
1.1396
0.91434
0.72622
0.8698
0.87701
0.97231
1.1854
1.161
0.9966
1.1554
1.1609
0.86127
1.0251
1.2681
1.0025
0.89996
0.91706
1.0886
0.90986
1.1978
1.1229
1.0644
0.91659
1.1104
1.004
1.2131
0.79809
1.0536
1.029
1.1311
0.66693
1.2509
1.14
0.89546
0.80013
1.0882
0.88818
0.96795
0.74766
0.93164
0.94086
0.82877
1.0939
1.071
1.2458
0.89697
1.1574
1.0814
0.5682
0.99043
0.94164
1.1879
1.0542
0.87807
1.0153
0.81377
0.91646
1.1204
0.96956
1.0443
1.1327
0.86983
0.93842
0.87806
1.166
0.97513
1.303
0.94573
0.99329
1.103
1.1312
1.0767
0.91665
0.74039
0.94021
0.8149
1.1937
1.1287
1.0023
0.96511
0.9696
1.1445
0.78027
1.1356
0.88765
1.1145
1.0049
1.1192
0.9363
1.1587
1.081
1.0942
1.1792
1.1754
1.2741
0.97387
1.1919
1.1407
1.1173
1.1723
1.1893
1.1582
1.0593
0.76834
1.0184
0.93737
0.97127
1.1766
1.1056
1.1157
0.91204
1.1228
0.97903
1.254
1.0389
1.0277
1.198
0.90734
1.0888
1.0824
0.92734
0.96101
0.77398
1.0529
1.1653
1.1559
1.0164
0.84748
0.92264
0.95235
0.75358
0.86273
0.94848
0.88108
1.0156
0.98787
1.0637
0.93991
1.1088
1.0418
0.89134
1.1172
0.90133
1.0712
1.0099
0.93801
1.1117
0.94001
0.97622
1.3393
0.82869
0.86894
0.87238
1.0657
0.99323
1.1741
0.68343
1.0631
1.1113
0.84573
0.96109
1.0611
1.0151
1.1
0.83963
0.94444
0.98848
1.1309
1.0602
0.92404
0.89681
1.1939
1.2254
1.0619
1.0487
1.1346
0.97083
1.0788
1.0055
1.2788
0.98859
0.89717
0.91266
0.94882
1.1918
0.85858
1.1914
0.84838
0.96527
0.98894
1.0642
1.271
1.0122
1.1287
0.96096
0.78802
0.97932
1.2522
1.0259
0.87326
0.99644
0.79103
0.93845
0.83186
1.3291
0.87359
0.9484
1.0465
0.84219
1.2152
0.94651
0.87898
1.3386
0.86805
1.1772
1.0867
1.0208
1.0233
0.88443
0.95677
0.95083
1.1994
1.0939
1.0147
0.86536
1.0054
0.95947
0.84355
0.86658
1.131
0.99434
1.0967
0.96158
