-0.00041812
-0.012931
-0.015993
0.021026
-0.012528
0.021881
-0.019592
-0.0030931
-0.0033218
-0.021681
0.020413
-0.015222
-0.0069968
-0.0023627
-0.037281
-0.01277
0.010551
0.043325
0.013065
0.011989
-0.0045807
-0.0016943
0.0080918
0.027095
0.008309
-0.042125
-0.013078
0.026117
-0.014094
-0.016103
0.019693
0.0080647
-0.0048696
-0.0053081
0.040834
-0.0014622
-0.031042
-0.0014024
-0.012268
-0.0025914
-0.013066
0.0084934
0.023572
0.011386
0.0083525
0.032398
-0.0031539
-0.011315
-0.019749
-0.030262
0.0001331
-0.026593
0.014141
-0.0079602
-0.02136
0.012051
-0.024274
-0.035548
-0.018751
0.003389
-0.021296
-0.0055574
-0.011322
0.016496
-0.014109
-0.004444
0.012194
-0.0019517
-0.017771
-0.024441
0.021754
0.020023
-0.028975
-0.013674
0.015102
0.0077422
0.027219
-0.03753
-0.012235
0.017451
-0.014425
-0.010608
-0.03686
0.013069
-0.0060135
-0.045043
-0.052436
0.0048729
-0.01386
-0.007283
0.00011198
-0.015611
-0.014453
-0.0063474
0.017932
-0.03059
-0.030591
0.015548
-0.022852
-0.013019
-0.018864
0.025562
-0.0094974
0.0024179
-0.026241
0.00492
-0.0014161
-0.031322
-0.014816
0.013095
0.026412
0.029271
0.0025413
-0.0307
-0.023967
-0.017669
0.0083598
-0.014311
-0.0074094
-0.0073617
-0.01148
-0.033064
-0.021334
-0.0048402
0.0061809
0.0023767
0.022895
0.011146
-0.0069701
-0.0094871
-0.005391
0.04434
0.063465
0.011246
0.00060172
-0.019307
-0.033432
-0.024943
-0.032767
-0.032754
0.11829
0.11633
0.0023802
0.0088938
-0.027498
0.023504
-0.025252
0.029224
0.054008
0.0035116
0.0041662
-0.01369
0.016927
-0.0074342
-0.014321
-0.021183
0.015022
-0.035908
-0.024085
-0.011619
0.021374
0.0081903
0.029318
-0.00048566
-0.029516
-0.0094792
0.033024
0.0080101
0.0096866
0.029748
-0.017583
-0.0068693
-0.010321
0.016834
-0.013228
-0.023396
0.022514
0.047174
-0.0089169
-0.023067
0.0037442
-0.0015872
-0.014972
0.025442
-0.022261
0.04836
-0.028249
0.088814
0.15629
0.073155
0.052552
0.019625
0.055626
-0.024754
0.010528
-0.044263
0.049019
-0.01786
-0.0079284
0.022976
-0.002266
-0.041495
-0.0083277
-0.031266
-0.015886
-0.0057594
0.0019128
-0.022346
-0.019816
-0.01566
0.013768
0.025567
0.050214
0.034674
0.095723
-0.0049627
-0.008364
-0.00032325
0.05453
-0.034297
-0.014293
-0.015156
-0.036475
-0.002892
0.050493
-0.010399
0.00065895
-0.029729
-0.0048651
-0.0090201
-0.0064995
-0.016953
-0.044001
-0.017517
-0.014333
0.034578
-0.021406
-0.021519
0.029128
0.02731
-0.0097301
-0.039705
-0.012387
-0.016577
-0.025651
-0.027105
0.095683
-0.013709
-0.0016837
0.0041213
0.0036841
-0.0098806
-0.0069358
-0.018056
-0.026233
-0.0047124
-0.0089053
0.011863
-0.016509
-0.0056938
-0.022867
-0.014624
0.0024706
-0.011326
-0.0032549
-0.0021125
-0.01054
-0.026787
-0.0022436
0.020621
-0.012455
-0.02159
-0.014738
-0.011603
-0.037815
-0.0052973
-0.016066
-0.0071206
-0.0027602
0.052713
0.032712
-0.039281
-0.011592
-0.053929
-0.022673
0.0051919
-0.023622
-0.005053
0.15135
0.010394
-0.038156
-0.014872
0.040367
0.012124
0.010513
-0.035683
0.0096461
-0.0014276
-0.02108
-0.02768
0.025976
-0.0069447
-0.016789
-0.030273
0.01599
-0.00060493
0.0086235
-0.023145
-0.014942
0.029969
0.036722
0.013027
-0.018114
0.024135
0.0092381
-0.038966
0.012842
-0.0058677
0.02816
-0.035346
0.03144
-0.022676
-0.022213
0.0072229
-0.0095394
-0.011021
-0.015855
0.011478
0.0017076
-0.012206
0.0086219
-0.033772
-0.0082791
0.0029118
-0.015798
0.011431
-0.038218
0.031003
0.0095646
0.046291
-0.033056
0.072292
-0.0052423
-0.010586
-0.019376
-0.0013846
0.074627
0.03025
-0.011104
0.0032909
-0.026617
0.01276
0.0027283
0.036841
-0.025346
-0.027063
0.068329
-0.018819
-0.012722
0.0033174
-0.023491
0.0069072
-0.012229
0.044229
-0.032271
-0.0062313
-0.016607
0.011024
0.025793
-0.024331
-0.013075
-0.0039535
0.0050884
-0.02706
0.056395
-0.0026634
-0.015892
0.0032271
-0.0078931
0.010418
0.018888
0.0057202
-0.00087781
0.0026452
0.002567
-0.026514
-0.019267
-0.028223
-0.01017
0.016854
-0.027246
-0.025934
-0.013461
-0.030405
-0.019162
-0.0046496
-0.012037
0.00058981
-0.012146
-0.00582
-0.03173
-0.014101
0.0060207
0.001668
0.0041039
-0.011056
-0.011218
-0.023759
-0.015035
-0.012277
-0.026162
-0.023813
-0.032251
-0.016216
-0.022951
0.024176
-0.027432
-0.011283
-0.0030684
0.018722
-0.0056308
-0.013967
-0.031035
-0.0275
-0.0050597
-0.017038
-0.040739
0.028121
-0.0020738
-0.016947
-0.043882
0.016746
-0.034718
0.0021427
-0.038529
-0.014691
-0.006793
-0.032916
0.0048565
-0.026458
0.015167
0.056635
-0.019111
-0.021468
-0.001322
0.030581
-0.033277
-0.011443
0.0058011
-0.012047
-0.010288
0.093453
-0.021409
-0.014112
0.035751
0.034256
-0.010773
0.052947
-0.0076474
0.0076298
-0.008376
-0.020039
-0.0012139
0.018755
-0.017455
-0.04204
-0.015817
-0.035076
-0.033216
0.064775
-0.037393
0.011917
0.024983
0.049967
0.062979
-0.0033022
-0.018539
-0.014592
-0.050935
-0.011552
0.022491
-0.023511
0.012093
0.01583
0.0071408
-0.0090237
-0.026639
0.00045327
-0.011275
-0.020933
-0.019461
-0.025467
-0.031391
-0.0079226
-0.0072089
0.15165
0.0035796
-0.023585
-0.028514
0.023365
-0.037908
0.00087241
0.0053606
-0.033307
-0.0027158
0.0083291
0.010698
-0.019721
-0.010801
-0.044246
-0.0022219
-0.0092108
0.013714
0.0065633
-0.011779
0.064961
0.066716
0.04271
-0.014953
-0.0091828
0.068849
-0.0070166
-0.020446
-0.012653
-0.025992
-0.010094
-0.019067
-0.02229
-0.021974
-0.036539
0.012591
0.019206
0.0095582
-0.0034458
0.019665
0.0044787
-0.0060224
-0.0046779
0.029273
-0.0038288
0.0083338
-0.034553
-0.013261
-0.022456
-0.02692
-0.0045266
-0.00967
0.0019434
-0.013237
-0.030547
0.0060453
0.0011232
-0.0038858
0.035235
0.014876
0.024881
-0.032082
-0.02594
-0.01827
-0.019133
0.05722
-0.014821
-0.02448
0.066118
0.032779
-0.0030289
-0.02166
-0.020722
-0.028533
-0.024542
-0.013381
-0.0029399
-0.013479
0.034232
0.0040061
-0.026005
-0.0090277
-0.023429
-0.018568
0.0062342
0.02462
0.0061771
-0.016777
0.023472
-0.017003
-0.010669
-0.030002
-0.0049602
0.0046572
-0.0088636
-0.0064315
0.0091936
-0.0079124
-0.017883
-0.011152
-0.02807
0.0075963
0.014682
-0.017925
0.0033769
0.004567
-0.0058903
0.0086009
0.033389
0.022678
-0.031634
-0.029324
0.036039
0.017812
-0.0011492
-0.006806
0.061715
0.013024
-0.020874
-0.023458
-0.020275
0.028813
0.060026
-0.020272
-0.012999
0.015617
0.0096961
0.022021
-0.0094691
-0.0013314
0.025457
-0.01998
-0.023555
0.074238
-0.0087666
-0.018731
0.030517
-0.038647
-0.031927
0.031997
0.077167
-0.013629
0.036344
0.080321
-0.00077644
0.18181
0.069703
-0.026078
0.0082303
-0.01298
-0.018468
0.0019324
-0.034161
-0.015934
-0.023668
0.0059046
0.014615
-0.0066422
-0.0054868
-0.029344
0.013986
-0.0071573
0.005742
-0.025656
-0.0043462
0.059658
-0.017126
0.0057114
-0.037177
0.0017621
-0.012578
-0.0080801
-0.02928
0.0025832
-0.00418
-0.047218
-0.0043451
-0.026236
0.070928
0.033867
-0.04569
-0.0081775
0.016684
0.002448
0.0026183
-0.044882
-0.019046
-0.024046
0.015234
-0.021525
0.012391
0.045755
0.0045602
-0.021205
0.0018374
-0.0097544
-0.0065982
-0.011888
0.027958
-0.027246
0.050053
-0.020628
-0.013583
0.035013
0.099139
-0.033414
-0.0049858
-0.024322
0.022003
-0.0096731
0.018161
0.015869
-0.0019175
-0.0070841
-0.00048046
0.01801
-0.038337
-0.020749
0.15875
-0.024523
0.01263
-0.017937
-0.019908
0.041387
-0.035004
0.13047
-0.0066963
0.021467
-0.014173
-0.0069855
-0.034965
0.012449
-0.0016964
-0.038249
0.0077934
-0.04252
-0.010102
-0.038293
0.0464
0.035095
-0.011783
-0.019672
0.035073
0.042186
0.0030297
0.047385
-0.01922
-0.00082158
0.090173
-0.019798
-0.002689
0.023157
0.025724
-0.03598
0.0071649
-0.019555
-0.00037709
0.059399
-0.030075
-0.026278
-0.0022617
0.02481
-0.0074665
-0.0039537
0.0080227
-0.0066409
0.05331
-0.037886
0.00031961
-0.029441
0.015486
-0.01449
-0.031357
0.097123
-0.027418
0.047846
0.060492
-0.0059035
-0.018387
0.030633
-0.01662
0.057871
-0.022871
-0.021019
-0.028324
-0.029095
0.0039913
0.0019185
0.0064545
-0.0082647
-0.0063398
-0.025542
-0.024432
0.001703
0.036802
-0.022384
-0.024679
0.0035097
0.0050753
0.0010503
0.048454
0.085108
-0.0060834
0.06149
-0.021382
-0.044957
0.0016567
0.033991
0.0090017
-0.024628
-0.041941
0.0039766
-0.0081334
-0.0079335
-0.019142
0.035093
-0.016564
-0.036674
-0.021675
3.5686e-05
0.011626
-0.046751
-0.018657
0.031097
-0.0074294
-0.020227
0.033756
0.023615
-0.021147
0.010142
-0.017007
-0.016105
0.012931
-0.010813
0.0037769
-0.0071199
-0.016122
-0.027732
0.087279
0.0073248
0.007863
-0.050307
-0.018136
-0.012938
-0.028092
-0.0011717
0.008621
-0.0098292
0.028774
0.065781
-0.0078414
-0.0139
-0.021397
0.0068696
-0.0032115
0.073528
-0.032202
0.044666
-0.019386
-0.010874
0.039639
-0.02541
-0.0068152
-0.025225
-0.010488
0.012215
0.037108
0.051734
-0.031127
-0.01866
0.030896
-0.026701
-0.027098
-0.0235
0.062761
-0.015923
-0.015042
-0.014619
-0.017122
-0.016041
0.047705
0.002783
0.0019801
-0.0093731
0.017919
-0.024285
-0.024119
-0.03685
-0.017985
-0.02201
0.011224
-0.0068776
-0.0087668
0.0080639
-0.028237
0.014347
0.10061
0.019821
0.013115
-0.037486
-0.010441
-0.015827
0.0036949
-0.021248
-0.011302
-0.020983
0.06428
-0.035119
-0.026432
0.0028887
0.0021481
-0.0084704
-0.0092522
0.057257
0.018539
0.0094695
-0.0030858
0.025065
0.0093395
-0.0021017
0.12929
-0.011127
-0.021053
-0.028022
0.0017309
-0.015625
0.0017343
0.0032137
0.013697
-0.027315
0.002907
-0.01472
-0.015687
-0.034185
0.012119
0.028153
-0.010666
-0.011386
0.073712
-0.0053871
-0.020349
0.0091623
-0.011584
-0.010257
-0.028524
-0.04038
-0.031505
-0.041734
0.051846
-0.014204
0.0011556
-0.035808
0.018355
-0.018698
0.055418
-0.020902
-0.022788
0.0028357
0.0079131
0.020139
-0.029466
-0.016654
-0.014158
0.017296
0.0083875
-0.023562
-0.023356
0.0091682
0.027236
0.019839
-0.020942
-0.011699
0.0078323
-0.0090912
-0.0096908
-0.019392
0.0075269
-0.020373
0.032881
-0.003552
0.016348
0.013181
-0.040807
-0.007265
-0.0067941
-0.028696
0.015273
0.0083945
-0.029512
0.0090532
-0.031559
0.011884
-0.010978
-0.038787
-0.013152
-0.0092671
0.012563
-0.0082763
-0.015477
-0.021508
0.091003
-0.02175
-0.017754
-0.0062596
0.0045664
-0.03045
0.015596
0.020869
-0.0032271
-0.043171
0.0026462
0.002347
-0.028486
-0.031989
-0.0032351
0.016564
0.001551
-0.030685
-0.021342
0.017406
-0.014838
0.0090703
0.01607
-0.029393
-0.02244
-0.014342
-0.028334
-0.012045
0.024957
0.0018076
-0.015139
-0.010433
-0.013186
-0.0078653
-0.016336
-0.039138
-0.032293
-0.010887
-0.010411
0.045424
-0.027409
0.0010811
-0.043722
-0.011683
-0.010445
-0.0021688
0.027415
-0.0065765
-0.025613
-0.02301
-0.022052
-0.017725
-0.0049287
0.016438
-0.0039298
-0.018221
-0.016811
0.0022568
-0.0065192
-0.02223
-0.023153
0.0027651
-0.019734
-0.01764
0.062892
-0.014906
-0.035612
-0.027168
0.00037164
-0.0080082
0.010352
-0.0075611
0.069286
-0.013402
-0.0094176
-0.0069643
-0.020099
0.18494
-0.033912
0.013207
0.0062331
0.0051017
-0.0015988
-0.0014446
-0.043905
0.00056478
-0.028523
-0.014577
-0.038098
-0.0034113
-0.034127
0.012643
-0.0018803
-0.00052037
0.0020062
-0.043704
-0.040774
0.014346
-0.031118
-0.023185
-0.012267
-0.035331
0.023699
-0.028763
-0.0066352
0.036303
0.045962
-0.03073
-0.023061
-0.015333
-0.0035429
0.050524
-0.020028
-0.043506
-0.0083251
-0.00012386
-0.012367
0.005264
0.011252
-0.021038
0.04624
0.024304
-0.028285
-0.0088419
0.018571
0.0073767
-0.020146
-0.027286
-0.010197
0.010288
-0.040347
-0.007528
0.047794
-0.027462
-0.026429
-0.021119
-0.0090582
0.016923
-0.01491
0.023792
0.0023919
0.0012102
-0.026934
0.0081361
-0.010099
-0.037039
-0.0033716
0.020147
0.0084199
-0.033463
-0.044576
0.009347
-0.0053511
-0.017655
-0.026441
0.014184
-0.007409
0.0088393
-0.013532
-0.034777
-0.010037
-0.023212
0.0020989
-0.0015979
-0.036092
-0.020876
-0.037684
0.022811
-0.026535
-0.0357
0.060542
-0.035352
-0.042004
-0.029311
-0.014653
-0.011892
-0.011356
-0.022813
-0.02592
-0.018987
0.016741
-0.0052466
0.038254
0.024714
0.011754
-0.01395
-0.0033859
0.016722
0.0070945
-0.023019
-0.027667
-0.033253
-0.037025
-0.0019645
-0.047074
-0.015499
0.046243
0.0090504
-0.019114
-0.021831
0.081342
0.062731
-0.034451
-0.027339
-0.0067831
0.0027265
-0.026995
-0.033421
0.010442
-0.019135
0.0086524
-0.032558
-0.0037035
-0.045527
-0.015047
0.004491
-0.049674
-0.027678
0.0022771
-0.023857
0.033619
-0.018945
0.026925
-0.0036198
0.011306
0.00055922
-0.016944
0.036175
0.010312
-0.0030231
-0.028702
-0.0028976
0.0096363
-0.026671
0.012072
0.035629
-0.026682
-0.010582
-0.0060701
-0.0008677
-0.0047046
0.0028278
0.013351
-0.014132
-0.011592
0.09501
-0.030058
0.026502
0.013627
-0.0031573
-0.031187
-0.035591
-0.019799
0.012068
-0.0024903
0.00066735
0.0061072
-0.017411
0.0031138
-0.022941
0.028883
-0.030672
0.0095314
-0.03256
-0.01619
0.0060151
0.028145
-0.0026259
-0.025632
-0.014528
-0.0043636
0.026546
-0.006902
-0.017645
-0.0084686
-0.024481
3.3316e-05
-0.0091709
0.096242
-0.011228
0.027565
0.0020914
-0.0248
-0.0091367
-0.0055877
-0.0068853
-0.02432
0.014846
-0.037647
-0.022618
-0.020481
-0.00011832
-0.04309
-0.02143
0.04054
0.08293
-0.0097837
0.014274
-0.0088105
-0.0042913
-0.039215
0.0075814
0.037853
-0.00093849
-0.026057
0.025284
-0.0064207
-0.035361
-0.034284
0.22324
-0.034477
-0.033528
-0.016944
0.038095
-0.03157
0.0027359
-0.0081006
-0.0019463
0.00063651
-0.007946
0.10762
0.012958
-0.0087867
-0.039832
0.0087721
0.00095441
0.013554
0.062664
0.014997
-0.028773
-0.04262
0.02054
-0.016943
-0.00018092
0.023509
0.043983
-0.026191
-0.00051882
-0.034713
-0.027713
0.022452
0.010906
0.063549
-0.040838
0.0054631
-0.011484
-0.0039036
-0.010843
0.015542
-0.020844
-0.017007
0.096866
0.016227
-0.010656
0.03364
-0.02179
-0.011378
-0.02106
0.021702
-0.032071
-0.028576
0.020003
-0.018404
0.058533
-0.0075378
-0.022154
-0.025399
0.075271
-0.0073373
-0.017028
-0.010816
-0.0089926
-0.042301
-0.015683
-0.017063
-0.016185
-0.00049691
-0.0061667
0.00033373
-0.029121
-0.016855
0.023217
-0.0097689
0.0046292
-0.010353
-0.0023225
0.0080491
0.0082661
-0.031148
-0.011351
-0.018053
-0.018223
0.002366
0.04234
-0.0066145
0.009964
0.019708
-0.0060553
0.023687
-0.012045
-0.0051598
0.0041471
-0.020037
-0.018093
0.050132
0.020298
0.045199
-0.012853
-0.021884
-0.0056281
-0.018327
-0.0085195
0.02612
0.020351
-0.020468
-0.019867
-0.012116
-0.0055447
-0.023606
0.21744
-0.032652
-0.0020811
-0.010614
-0.025387
0.010439
-0.0051109
0.026653
0.0023424
-0.061802
-0.0086574
0.019295
0.054678
-0.038981
0.027599
-0.030097
0.090672
0.0043985
0.01945
0.0091221
-0.0023899
-0.013103
-0.026154
0.029998
0.011586
-0.004223
-0.028785
-0.024114
-0.0094325
0.024167
0.016957
-0.028751
-0.030495
-0.017161
-0.045175
0.00927
0.046892
-0.014521
-0.011864
-0.037686
0.038515
0.0096733
0.0066814
0.054488
-0.02577
0.0048515
-0.018518
0.055319
0.017154
-0.0201
-0.0047458
-0.026178
-0.0082586
-0.013066
-0.027711
0.01214
-0.0021332
-0.0018462
-0.024829
-0.013099
-0.0015778
0.024504
0.024209
0.026794
-0.040568
0.012649
-0.017872
0.0018068
0.043101
-0.037098
0.020938
-0.0087772
-0.051936
-0.019297
-0.024634
-0.011021
-0.0011792
-0.01306
0.017944
0.014108
-0.0054479
-0.04582
-0.0059517
-0.012899
0.017496
-0.015049
-0.012865
0.020934
-0.004764
-0.012926
-0.022208
-0.025636
0.046985
