0.61382
0.73124
0.71367
0.71151
0.75501
0.70825
0.67096
0.7083
0.7064
0.76766
0.62854
0.72812
0.71735
0.78808
0.7944
0.76078
0.76212
0.70876
0.62455
0.72594
0.76694
0.73778
0.73159
0.67277
0.78124
0.70538
0.76663
0.64074
0.61457
0.75691
0.67546
0.70784
0.76905
0.68683
0.68506
0.73502
0.64847
0.67943
0.72474
0.74792
0.72992
0.77278
0.79666
0.74173
0.7816
0.753
0.73606
0.72846
0.80896
0.73802
0.69724
0.77612
0.59371
0.77934
0.75747
0.6868
0.71562
0.71927
0.68537
0.72689
0.68024
0.72312
0.77995
0.73505
0.73409
0.64403
0.62558
0.73171
0.65113
0.69659
0.67285
0.66063
0.70866
0.64481
0.72034
0.77741
0.59374
0.73125
0.80157
0.78867
0.77133
0.69815
0.72098
0.63835
0.75956
0.7412
0.73309
0.63228
0.67687
0.69733
0.76486
0.73809
0.78495
0.75201
0.75416
0.66464
0.64977
0.74866
0.70279
0.7675
0.67055
0.69961
0.69684
0.60137
0.78635
0.73987
0.66214
0.72449
0.69299
0.69898
0.6627
0.68513
0.74847
0.75809
0.74775
0.71108
0.65511
0.70666
0.75504
0.7208
0.7537
0.74525
0.72836
0.63433
0.66046
0.7304
0.72589
0.74915
0.68798
0.71977
0.66511
0.70424
0.56677
0.70717
0.71972
0.7061
0.7964
0.75473
0.7438
0.74025
0.75004
0.71598
0.69266
0.65945
0.71212
0.68866
0.6878
0.69583
0.67896
0.73994
0.77189
0.72542
0.65023
0.76101
0.6953
0.72886
0.7001
0.78396
0.69678
0.60539
0.69722
0.67352
0.71247
0.74833
0.78595
0.73216
0.75327
0.70989
0.7071
0.70596
0.70979
0.68126
0.79983
0.62173
0.77101
0.75386
0.69223
0.66421
0.6378
0.71398
0.70992
0.7597
0.71858
0.78743
0.70291
0.67185
0.71071
0.59401
0.55768
0.61376
0.5865
0.64746
0.57465
0.73135
0.74396
0.7107
0.63307
0.71778
0.68088
0.66273
0.65224
0.74965
0.78146
0.71077
0.75082
0.81299
0.70254
0.73432
0.72128
0.68702
0.68378
0.73954
0.74676
0.76099
0.67217
0.70948
0.72723
0.7052
0.72955
0.7079
0.77301
0.69312
0.71905
0.73898
0.71889
0.76364
0.67452
0.68323
0.66927
0.75774
0.70931
0.68186
0.71848
0.7422
0.69583
0.54433
0.73585
0.79761
0.66258
0.71529
0.73114
0.78045
0.74418
0.71923
0.75603
0.77292
0.67839
0.65713
0.71782
0.61703
0.62871
0.66229
0.75051
0.71835
0.70358
0.76312
0.72613
0.73665
0.76082
0.66781
0.76885
0.64408
0.76079
0.69623
0.70949
0.69807
0.72174
0.72009
0.64154
0.70283
0.61242
0.58388
0.64499
0.77441
0.81831
0.71877
0.6499
0.73223
0.72908
0.58039
0.74449
0.69176
0.73514
0.6926
0.79809
0.68766
0.77047
0.79094
0.57035
0.65861
0.71775
0.73255
0.70327
0.70429
0.66611
0.7542
0.67524
0.77867
0.73205
0.7547
0.69437
0.74044
0.79609
0.73492
0.73878
0.71366
0.73507
0.67565
0.62991
0.67041
0.61908
0.72871
0.68169
0.61982
0.69395
0.77631
0.70941
0.64623
0.64082
0.64537
0.55264
0.68342
0.67623
0.72491
0.78953
0.76626
0.73145
0.75456
0.73098
0.73393
0.7843
0.81309
0.7593
0.72411
0.72795
0.68865
0.73273
0.69871
0.69586
0.55562
0.64256
0.52868
0.70397
0.72042
0.76545
0.72707
0.71211
0.71959
0.72915
0.7238
0.72987
0.68934
0.763
0.71978
0.78571
0.67004
0.59035
0.65632
0.69446
0.58963
0.72235
0.69552
0.69933
0.67867
0.63772
0.78216
0.74598
0.79808
0.78614
0.69327
0.73649
0.68634
0.79122
0.79117
0.57897
0.72267
0.69082
0.71462
0.8192
0.7463
0.7301
0.65065
0.68248
0.59687
0.70193
0.66193
0.69397
0.76786
0.75113
0.77503
0.80098
0.7548
0.6468
0.66814
0.71054
0.72078
0.72663
0.73686
0.61135
0.69188
0.66287
0.81121
0.7555
0.76767
0.7478
0.71935
0.64396
0.65888
0.68834
0.75805
0.78284
0.74224
0.71543
0.80429
0.74157
0.68066
0.73424
0.77976
0.77437
0.5892
0.71032
0.6572
0.69139
0.72118
0.68063
0.74546
0.77884
0.57451
0.77907
0.71404
0.77095
0.71643
0.76625
0.74108
0.77358
0.75462
0.76672
0.80985
0.74805
0.7472
0.68372
0.63518
0.72725
0.78699
0.75859
0.71571
0.72879
0.73088
0.69884
0.79139
0.75726
0.62275
0.75032
0.8021
0.70977
0.72619
0.74442
0.59027
0.73749
0.78928
0.69113
0.78977
0.74708
0.51052
0.73733
0.69848
0.72187
0.77177
0.73919
0.6027
0.74057
0.70299
0.72636
0.74725
0.67699
0.69182
0.75111
0.61515
0.78027
0.74568
0.72897
0.76781
0.7664
0.74037
0.64359
0.73356
0.72173
0.75767
0.70314
0.72199
0.72483
0.6925
0.72458
0.72101
0.64316
0.63898
0.77488
0.75523
0.60278
0.65032
0.76801
0.75666
0.66709
0.70544
0.61549
0.64527
0.69324
0.75305
0.68458
0.74516
0.7492
0.70931
0.68575
0.8019
0.65814
0.76915
0.64883
0.78152
0.66911
0.59735
0.63797
0.75117
0.76124
0.68358
0.77632
0.73511
0.81289
0.747
0.76085
0.79941
0.5825
0.64014
0.68358
0.66853
0.61091
0.67607
0.56575
0.73378
0.71469
0.79824
0.71955
0.65274
0.83184
0.77267
0.78122
0.64057
0.69458
0.65798
0.76374
0.62821
0.70173
0.71487
0.75011
0.72878
0.53727
0.66305
0.7432
0.75296
0.77136
0.81334
0.6787
0.74939
0.77242
0.60002
0.68708
0.7456
0.73453
0.74455
0.7932
0.69401
0.73957
0.75911
0.60218
0.65882
0.73853
0.75102
0.71147
0.72206
0.7713
0.72322
0.78893
0.67447
0.74929
0.69938
0.77773
0.7459
0.71301
0.68349
0.74405
0.74292
0.67859
0.79502
0.6876
0.75267
0.67597
0.71554
0.72314
0.60428
0.78052
0.746
0.71171
0.78613
0.75718
0.77886
0.72785
0.69621
0.77986
0.73784
0.70259
0.74836
0.75759
0.68014
0.72103
0.74533
0.81975
0.7406
0.66713
0.71696
0.75575
0.76499
0.68096
0.65875
0.75114
0.73859
0.67321
0.67506
0.6659
0.76131
0.6572
0.79199
0.72207
0.67083
0.76035
0.76991
0.56018
0.50107
0.6565
0.60207
0.70723
0.70855
0.2805
0.71686
0.74132
0.70275
0.75757
0.74033
0.78509
0.75156
0.67129
0.77171
0.69273
0.75088
0.73728
0.60796
0.65068
0.73498
0.75556
0.75535
0.77139
0.74199
0.56992
0.75088
0.57775
0.78134
0.60724
0.74988
0.7398
0.70487
0.73314
0.70228
0.77506
0.80756
0.76817
0.66846
0.68516
0.71869
0.63873
0.78197
0.72158
0.77189
0.80848
0.72373
0.8005
0.77599
0.72991
0.69676
0.76581
0.70535
0.67859
0.6464
0.64374
0.70784
0.69788
0.74279
0.7883
0.72472
0.7641
0.75389
0.63525
0.56538
0.62862
0.66042
0.62639
0.58181
0.72765
0.69031
0.70265
0.70666
0.66368
0.7231
0.73288
0.76424
0.72481
0.69731
0.7535
0.66895
0.78921
0.72439
0.68077
0.65132
0.60258
0.6231
0.68226
0.68565
0.72129
0.70924
0.64265
0.61223
0.75853
0.78045
0.7082
0.74376
0.76613
0.54736
0.58962
0.6673
0.58167
0.74386
0.63835
0.68628
0.6462
0.68563
0.69474
0.6832
0.69347
0.68681
0.64205
0.78846
0.779
0.66789
0.7664
0.68708
0.73908
0.76801
0.62299
0.64093
0.68231
0.58475
0.75472
0.7183
0.70357
0.69412
0.67378
0.70369
0.74777
0.72747
0.71028
0.75161
0.61816
0.61348
0.64648
0.62533
0.78863
0.78198
0.75713
0.77495
0.60908
0.74215
0.67404
0.74217
0.78559
0.71713
0.72981
0.70875
0.73554
0.75331
0.75554
0.66427
0.71058
0.64432
0.74952
0.75526
0.70175
0.76024
0.71052
0.67394
0.66329
0.69664
0.62586
0.63528
0.70579
0.72702
0.75639
0.7111
0.747
0.7067
0.63032
0.73454
0.72431
0.72783
0.66321
0.77915
0.72284
0.67067
0.76176
0.63547
0.73191
0.71463
0.68134
0.70472
0.70086
0.77792
0.80373
0.77253
0.78172
0.72926
0.74167
0.75206
0.67394
0.76544
0.65179
0.67714
0.69647
0.72985
0.75009
0.74144
0.74145
0.74546
0.78472
0.74634
0.72901
0.74196
0.76311
0.75697
0.5902
0.75157
0.74662
0.69083
0.65348
0.70342
0.69808
0.78831
0.72011
0.72534
0.7487
0.65571
0.76647
0.74912
0.72784
0.74209
0.70833
0.67296
0.6084
0.75251
0.75002
0.78108
0.75514
0.71436
0.77556
0.69355
0.73055
0.67037
0.80235
0.68042
0.7499
0.52844
0.68781
0.64146
0.63877
0.7021
0.71343
0.70499
0.66655
0.80199
0.69493
0.63434
0.78
0.76772
0.74627
0.76627
0.75829
0.58312
0.65834
0.69755
0.65081
0.69059
0.76692
0.68605
0.7888
0.74539
0.74937
0.73183
0.77725
0.72533
0.75508
0.72568
0.73598
0.64498
0.64523
0.72135
0.73517
0.71785
0.67315
0.67068
0.57309
0.61912
0.73556
0.72492
0.71697
0.59898
0.62426
0.69049
0.61889
0.74776
0.77859
0.7251
0.76985
0.70629
0.7482
0.73916
0.63967
0.64771
0.76828
0.57546
0.62719
0.67492
0.73411
0.67315
0.65149
0.74674
0.71275
0.65172
0.7371
0.57652
0.77427
0.71967
0.80444
0.76099
0.73511
0.74951
0.7941
0.83673
0.67907
0.762
0.63719
0.66814
0.70289
0.66248
0.6843
0.70686
0.72502
0.69899
0.68792
0.76196
0.52324
0.76686
0.74144
0.67971
0.73562
0.72954
0.64806
0.74445
0.69044
0.5464
0.64383
0.77811
0.65365
0.7761
0.74808
0.68956
0.68101
0.68607
0.63322
0.77081
0.69759
0.75625
0.68969
0.63713
0.79644
0.73778
0.72129
0.67915
0.76062
0.70805
0.7013
0.61272
0.69959
0.71923
0.67031
0.70319
0.71947
0.64278
0.66186
0.69939
0.75207
0.68145
0.7094
0.65268
0.72984
0.68298
0.6601
0.75583
0.7709
0.77072
0.72049
0.62066
0.68672
0.70273
0.81615
0.69727
0.72422
0.71782
0.74877
0.75122
0.7152
0.66183
0.6686
0.73815
0.7285
0.74918
0.77018
0.81608
0.65459
0.76991
0.69738
0.73526
0.75046
0.74292
0.5567
0.64895
0.66595
0.63674
0.80184
0.71418
0.74496
0.74446
0.77472
0.66245
0.75542
0.75616
0.72237
0.67573
0.56859
0.78652
0.74632
0.76103
0.72336
0.68185
0.73217
0.67914
0.75722
0.61918
0.6808
0.74574
0.77248
0.70719
0.65161
0.67942
0.7824
0.80485
0.73546
0.73896
0.55833
0.71059
0.7242
0.69918
0.75263
0.76778
0.70923
0.67665
0.69276
0.69535
0.74693
0.76749
0.74383
0.71265
0.59964
0.59314
0.67414
0.694
0.7521
0.64767
0.70427
0.72139
0.67843
0.70822
0.66224
0.74484
0.71743
0.66374
0.62883
0.59837
0.67639
0.76569
0.76453
0.7168
0.66935
0.7325
0.76283
0.74542
0.7118
0.71362
0.76671
0.70519
0.79441
0.64353
0.60892
0.7761
0.72868
0.68872
0.68494
0.76285
0.76149
0.68177
0.659
0.77718
0.67876
0.64026
0.6855
0.77965
0.72351
0.70669
0.67743
0.70037
0.6776
0.69869
0.70902
0.77978
0.70658
0.63629
0.80667
0.66245
0.62885
0.66727
0.73667
0.68376
0.75042
0.68597
0.7761
0.76151
0.78682
0.62354
0.71063
0.763
0.6937
0.60587
0.79021
0.5726
0.76361
0.74125
0.7625
0.78431
0.72022
0.68026
0.71366
0.65988
0.6742
0.73276
0.67747
0.71168
0.73263
0.7305
0.72341
0.68528
0.68894
0.65134
0.70437
0.66822
0.58283
0.68534
0.76915
0.72849
0.59539
0.74551
0.69384
0.78095
0.54275
0.76316
0.74423
0.75424
0.68722
0.61849
0.69895
0.67821
0.7362
0.68973
0.66891
0.713
0.75872
0.75483
0.71258
0.72851
0.81647
0.62922
0.74195
0.68308
0.6897
0.7315
0.72592
0.71239
0.71069
0.71604
0.7559
0.77697
0.78756
0.63242
0.74402
0.68194
0.62645
0.73457
0.76255
0.6717
0.69715
0.75193
0.77193
0.74096
0.63946
0.74283
0.76657
0.75066
0.61309
0.70664
0.67204
0.64577
0.71088
0.68996
0.71216
0.7405
0.69402
0.64951
0.48312
0.73112
0.71122
0.68946
0.71598
0.72886
0.73671
0.7609
0.74626
0.60751
0.65667
0.77234
0.75294
0.79213
0.73813
0.67589
0.74311
0.75359
0.80804
0.68647
0.71058
0.54123
0.6927
0.67417
0.67858
0.73822
0.60393
0.76521
0.78826
0.70953
0.7739
0.6971
0.71314
0.60959
0.78676
0.7023
0.53873
0.63504
0.61885
0.6649
0.72376
0.72868
0.74461
0.79714
0.68521
0.68495
0.73845
0.77536
0.74244
0.70268
0.71484
0.77655
0.69282
0.77935
0.74826
0.68234
0.68125
0.72822
0.65262
0.75563
0.70229
0.74723
0.7626
0.77076
0.43314
0.69843
0.74536
0.66662
0.66693
0.76222
0.70306
0.76295
0.67669
0.66271
0.7112
0.6347
0.75208
0.73329
0.70654
0.7212
0.79414
0.74272
0.48049
0.73098
0.72435
0.75752
0.72982
0.61928
0.75988
0.7386
0.6711
0.74521
0.74687
0.71033
0.78516
0.69957
0.66762
0.71775
0.74899
0.73863
0.78641
0.74088
0.71764
0.69942
0.73364
0.78168
0.49933
0.58317
0.66523
0.57417
0.74332
0.7883
0.72417
0.7116
0.72148
0.79682
0.69207
0.77676
0.69182
0.69656
0.75393
0.72583
0.6564
0.76804
0.78577
0.75387
0.67267
0.74928
0.77991
0.76924
0.73607
0.75106
0.72918
0.73184
0.75868
0.69419
0.70894
0.58835
0.63707
0.67692
0.67407
0.78768
0.73268
0.77528
0.68909
0.78688
0.76063
0.77892
0.73164
0.64866
0.75074
0.63773
0.79003
0.74023
0.62687
0.65466
0.59952
0.73811
0.70503
0.7466
0.74258
0.60208
0.71252
0.68781
0.55232
0.62393
0.69973
0.7317
0.71068
0.69063
0.72225
0.71428
0.76975
0.75443
0.62139
0.77853
0.60356
0.69693
0.72959
0.6409
0.67192
0.74982
0.74637
0.79191
0.58021
0.69902
0.62005
0.75622
0.76887
0.76264
0.56584
0.76487
0.67327
0.70571
0.72249
0.75832
0.7187
0.79373
0.72503
0.67282
0.74706
0.7536
0.75724
0.67272
0.71037
0.82733
0.78356
0.7636
0.66699
0.77313
0.6857
0.7973
0.7007
0.76407
0.74739
0.73478
0.65944
0.69764
0.69677
0.61428
0.73797
0.65798
0.72603
0.73351
0.80481
0.77468
0.75141
0.785
0.74996
0.67907
0.67563
0.82674
0.7351
0.69992
0.76545
0.67158
0.71659
0.61855
0.79903
0.72709
0.71086
0.77987
0.7096
0.78197
0.71961
0.69503
0.77549
0.666
0.75176
0.6846
0.73241
0.706
0.72787
0.76522
0.65148
0.7708
0.74193
0.78403
0.71086
0.78193
0.72712
0.68322
0.68329
0.75141
0.76133
0.76404
0.68731
