152.61
139.94
140.52
204.005
185.63
137.885
140.48
228.48
132.225
179.47
99.33
237.065
141.465
156.8
201.685
177.645
154.725
149.52
159.55
130.045
163.46
203.00
101.18
82.32
166.665
184.575
184.39
192.34
178.01
178.915
137.84
200.295
186.765
177.225
192.68
172.305
173.38
183.5
192.14
184.325
215.535
140.825
143.17
209.345
190.81
207.405
173.16
183.24
223.87
218.275
171.16
227.435
227.86
179.63
201.92
160.08
130.18
234.64
201.88
178.02
165.73
176.70
223.03
104.685
213.185
158.20
174.92
169.205
193.88
129.09
161.81
247.35
187.64
159.17
186.925
165.385
152.48
168.29
230.875
224.275
165.09
148.52
255.24
127.66
204.76
219.68
169.03
135.30
202.13
225.45
179.11
208.975
192.98
256.18
153.77
194.51
154.65
177.845
162.38
123.05
144.45
145.49
156.80
171.45
205.855
161.1
118.15
228.12
173.01
191.535
111.24
137.47
220.315
216.41
164.26
129.94
222.09
147.03
196.345
184.955
133.42
198.775
158.935
156.93
213.89
174.045
131.43
188.55
173.37
220.63
215.13
183.675
111.08
126.77
212.445
170.385
196.44
175.245
199.33
235.58
154.69
180.57
158.2
161.2
176.59
129.995
169.89
127.00
125.23
134.08
105.185
194.60
187.20
266.025
144.26
146.795
164.84
196.115
253.66
170.08
140.22
227.05
120.34
142.2
136.12
153.755
162.2
135.935
163.565
152.035
200.855
132.82
159.16
234.975
182.66
184.515
167.205
179.785
138.02
210.45
180.15
186.555
180.06
163.57
189.3
159.79
164.63
56.03
111.88
125.305
110.635
207.23
114.80
122.24
146.40
185.20
187.19
163.58
136.63
299.23
195.32
189.41
237.045
176.04
169.87
175.86
169.99
171.44
216.91
181.14
162.01
172.805
153.25
108.69
113.86
251.52
211.3
201.265
169.19
207.775
239.575
96.25
176.53
213.37
216.885
160.87
157.64
142.60
126.59
263.20
158.76
104.46
269.40
128.39
175.16
64.12
190.23
222.265
187.71
94.11
169.53
207.4
262.71
166.99
149.12
168.13
91.44
148.23
229.79
152.90
223.65
191.13
255.11
131.23
177.03
184.365
217.98
154.15
168.49
163.475
214.74
166.585
129.23
192.665
178.445
153.41
221.465
215.67
221.94
124.62
114.09
134.98
182.34
210.215
152.285
197.695
201.21
133.925
184.21
62.83
130.815
193.135
214.77
159.14
129.045
229.285
195.565
204.61
75.80
191.24
232.60
244.92
152.05
221.99
177.15
147.40
210.525
196.945
158.4
176.12
172.555
157.01
202.18
191.31
144.935
94.16
159.81
263.95
135.26
254.35
178.59
221.175
231.02
113.01
150.24
276.91
177.28
270.79
189.86
166.71
104.71
154.58
196.51
237.22
174.43
195.965
153.64
173.895
155.1
185.8
137.165
212.505
151.095
139.94
224.48
157.55
232.61
265.17
200.84
192.71
136.57
48.73
212.06
179.78
178.965
167.325
79.765
163.21
230.155
148.16
176.20
112.56
168.895
93.685
250.625
304.36
75.60
195.41
127.02
160.88
268.49
210.39
205.72
155.53
133.08
136.615
165.47
186.555
206.055
135.555
156.415
202.725
131.915
198.06
179.51
171.29
159.90
168.555
183.295
170.755
150.555
102.10
153.10
258.51
198.22
132.97
182.81
197.365
218.58
221.87
176.94
189.99
147.76
212.28
214.385
165.23
189.90
151.84
151.38
190.17
136.37
190.165
142.485
239.16
160.245
185.895
207.93
140.87
250.17
168.82
222.605
159.79
204.745
123.7
284.915
143.84
206.415
128.975
175.175
142.32
224.63
211.95
139.66
198.83
169.96
186.085
211.3
273.00
206.205
192.215
184.1
176.165
207.27
214.835
222.84
156.885
194.01
160.975
150.45
163.655
163.58
92.91
155.32
209.205
226.305
143.13
199.86
229.43
169.295
159.89
199.68
97.79
175.895
162.37
147.65
129.17
158.375
128.35
120.56
170.745
190.435
172.21
183.8
110.75
159.32
210.19
164.51
215.05
259.32
80.78
226.75
205.88
266.07
178.055
135.6
157.285
232.79
234.51
236.09
163.065
188.465
175.935
211.77
164.965
179.03
286.24
167.58
180.9
135.36
180.255
179.73
150.36
217.83
225.18
197.06
99.18
134.84
213.11
207.39
134.28
222.08
138.645
123.48
166.01
121.29
231.41
231.82
174.1
177.57
274.21
333.57
202.50
182.14
197.625
253.28
177.5
124.07
144.875
158.86
131.74
84.75
150.145
175.54
159.595
201.655
170.99
133.3
233.88
162.745
205.88
136.47
171.90
118.76
255.73
247.13
199.81
184.08
196.66
185.54
184.335
252.885
232.43
205.295
205.30
194.105
148.39
124.485
189.51
132.195
176.97
186.35
159.44
184.89
178.175
180.01
138.05
199.24
212.155
191.515
205.985
150.245
119.465
146.725
115.14
154.41
130.975
187.885
145.12
193.94
230.08
185.66
172.65
160.04
134.44
230.08
211.715
146.215
195.22
175.405
195.805
154.43
170.755
171.89
209.945
224.685
202.345
215.845
138.305
153.79
212.6
161.41
145.64
235.25
217.015
219.62
171.935
141.55
107.10
204.25
211.975
183.75
188.205
254.68
147.78
129.935
171.04
184.5
206.54
188.11
212.11
181.155
150.845
166.12
205.83
238.925
189.135
149.25
149.67
206.69
164.025
137.485
218.79
188.65
291.55
163.80
172.81
144.565
207.71
99.105
156.01
164.98
94.82
196.805
213.36
163.34
66.64
220.07
156.11
153.085
173.94
216.165
152.845
303.09
193.375
167.225
179.525
159.325
231.705
227.94
214.66
172.99
192.99
191.845
227.07
211.05
118.875
130.535
159.705
153.11
249.62
57.32
165.83
239.97
216.07
193.18
181.825
118.48
145.06
193.01
185.60
212.775
196.525
204.575
120.79
172.525
225.99
154.81
207
170.135
185.98
237.925
243.675
191.6
165.195
157.05
224.47
140.195
125.23
189.73
122.84
214.18
130.27
185.86
135.855
158.48
109.46
149.805
173.335
177.51
127.555
190.73
237.55
179.92
107.86
187.725
128.025
142.035
235.64
247.98
151.605
174.165
210.3
207.83
102.78
248.51
195.5
151.52
126.77
177.68
173.31
105.47
202.93
166.675
138.355
144.66
240.56
143.26
145.21
188.7
132.58
262.04
170.805
198.995
115.79
127.34
206.05
119.32
162.695
219.13
158.68
150.065
159.64
130.85
134.325
166.285
172.47
205.72
125.415
140.265
187.90
218.065
266.20
123.73
236.38
180.49
137.44
183.96
203.52
162.975
221.23
214.89
99.765
193.80
246.77
204.29
279.10
160.175
206.81
88.80
389.90
144.95
107.41
183.05
216.88
168.34
200.735
121.935
210.875
208.92
221.51
219.13
199.9
227.21
154.81
170.3
221.62
202.745
291.50
179.73
160.785
186.315
164.625
159.46
184.71
222.83
83.86
184.155
118.575
126.25
225.64
286.54
199.98
188.795
124.15
189.10
266.08
168.49
212.595
176.575
156.64
193.91
178.93
179.98
213.17
207.34
218.65
274.41
289.25
229.04
205
185.455
126.395
182.165
143.545
185.505
181.94
132.12
214.425
148.65
224.395
147.885
217.93
179.21
149.54
152.735
234.075
200.755
189.86
189.405
216.19
155.12
138.23
184.17
147.94
215.58
157.055
290.87
132.50
118.31
132.905
149.77
222.9
156.465
210.925
217.575
146.815
178.065
218.075
178.245
211.805
178.08
94.90
144.30
180.45
194.055
212.535
297.40
209.57
178.57
116.755
194.00
232.49
202.775
170.785
172.67
70.46
196.705
183.82
267.17
257.37
118.49
166.995
238.75
232.02
240.71
187.66
169.69
216.58
178.295
169.92
133.07
125.43
179.47
216.72
202.86
228.53
224.105
131.38
175.015
181.555
191.5
146.415
192.145
261.82
275.06
162.64
211.135
149.48
188.53
144.035
154.29
204.84
208.585
96.17
169.91
129.69
180.15
133.76
197.245
97.60
191.76
169.14
214.91
158.01
184.72
159.265
237.225
213.235
233.21
154.55
167.07
196.55
213.785
143.65
177.835
107.76
183.49
224.89
237.79
145.95
204.48
205.15
208.78
108.705
166.215
150.345
236.205
195.555
155.935
186.24
188.31
160.98
145.31
156.42
175.48
153.47
209.70
239.23
245.28
128.285
224.58
199.425
131.36
118.88
162.15
302.885
247.91
153.99
151.71
199.52
146.87
185.63
221.89
119.22
125.01
215.40
138.615
154.965
160.06
150.60
187.87
253.93
299.79
252.925
204.34
203.93
143.27
180.485
138.09
248.09
178.70
161.045
166.51
212.41
209.65
165.87
279.32
240.63
155.30
172.37
187.32
184.98
98.14
177.38
149.285
142.32
241.84
193.92
252.89
169.04
134.02
231.61
187.44
194.755
138.67
189.80
142.11
142.235
194.9
271.79
211.93
227.76
166.935
231.14
126.81
278.51
206.13
203.85
245.02
169.345
214.225
181.895
177.66
148.99
193.84
175.03
238.01
158.09
127.93
141.24
168.35
179.20
188.23
164.80
157.75
177.505
214.97
241.57
160.61
222.86
185.5
195.54
182.87
174.715
181.77
217
252.31
248.82
144.87
139.34
209.555
190.78
193.40
136.635
207.975
146.81
161.87
206.77
183.57
192.47
172.88
144.45
78.365
179.38
222.33
93.31
187.65
175.62
164.555
210.07
231.93
187.97
177.58
204.01
153.79
190.73
222.30
141.89
136.435
170.75
185.14
207.52
129.17
185.70
170.73
239.99
230.98
181.005
247.72
144.535
172.95
179.49
282.95
166.85
158.925
201.61
119.08
215.23
254.73
199.87
180.095
234.30
255.56
156.7
189.38
200.03
157.16
177.83
187.93
220.35
133.26
189.5
170.455
284.79
174.73
230.24
131.93
133.24
218.39
216.485
241.29
148.27
234.43
169.03
128.95
212.47
126.19
239.125
180.805
123.56
169.21
112.915
168.67
126.24
245.36
160.75
130.3
228.57
225.5
223.22
242.05
249.00
195.53
257.04
198.25
132.54
166.35
150.34
141.725
250.65
174.22
193.11
185.45
176.29
232.75
199.23
234.11
206.03
157.36
119.03
204.39
284.46
168.185
166.515
189.70
130.70
356.35
102.65
78.79
158.21
160.305
225.94
111.26
170.785
124.70
165.14
240.20
181.09
220.25
192.63
178.01
104.75
177.755
168.66
168.45
92.575
161
237.68
181.945
148.44
165.19
148.605
183.54
101.965
197.95
232.20
175.00
116.305
151.46
148.69
261.76
327.13
207.02
232.055
143.29
152.04
214.70
166.35
179.69
175.61
146.43
202.82
164.335
152.065
172.85
223.33
183.51
212.42
165.08
128.88
144.61
228.71
276.49
175.64
131.55
170.45
271.075
169.17
267.46
281.65
101.20
225.00
204.36
192.67
102.01
170.195
244.61
170.49
155.285
168.65
126.34
237.17
186.275
215
234.22
189.61
191.57
136.15
267.715
194.82
193.065
260.29
139.61
238.74
196.72
156.215
138.23
170.98
215.86
189.66
173.305
156.63
187.99
146.135
198.265
179.58
118.16
173.32
169.41
151.84
181.35
132.48
170.82
207.11
166.79
215.49
235.605
224.44
154.265
121.58
110.455
132.54
127.035
228.83
206.03
162.53
151.37
182.53
126.83
193.785
154.33
183.31
238.625
201.505
164.81
187.14
230.43
182.07
103.8
202.275
136.165
129.965
192.66
188.355
125.76
129.51
193.395
183.485
267.73
120.55
201.285
182.795
125.44
255.545
220.85
210.59
162.165
180.25
176.8
195.175
154.92
181.575
193.525
278.54
216.31
168.82
164.29
123.405
218.96
174.39
167.36
169.375
176.18
363.73
218.24
162.87
66.57
98.74
289.57
109.24
190.935
209.01
157.475
164.935
180.695
174.27
178.395
165.35
158.255
202.595
158.59
199.72
159.21
171.095
205.12
193.15
304.64
299.99
179.445
217.64
166.84
178.775
195.42
212.07
205.01
205.16
234.18
159.44
287.01
198.405
186.895
223.555
173.545
142.96
195.62
198.69
191.565
215.96
83.91
135.94
254.83
151.76
134.245
165.22
263.69
123.84
242.92
170.85
134.72
74.74
231.545
139.89
153.71
228.07
92.71
155.37
250.065
163.41
134.98
163.92
153.51
200.275
217.185
169.39
67.53
155.625
167.09
258.85
198.11
125.97
166.49
225.765
162.42
178.20
214.55
146.385
129.52
242.145
171.625
262.925
89.39
222.66
195.44
210.475
256.15
193.335
175.21
171.325
135.285
161.50
216.905
215.925
183.155
252.165
168.98
164.095
183.78
179.105
220.00
145.63
111.39
158.815
194.47
261.245
115.815
220.585
230.30
166.605
214.04
166.01
149.625
160.66
171.765
220.585
154.58
197.42
175.83
164.615
222.67
188.14
183.59
165.175
201.705
116.235
200.27
115.99
159.865
135.535
195.475
139.56
183.17
161.38
115.105
211.76
138.625
121.32
180.93
252.015
278.06
186.99
149.73
162.61
98.295
206.48
136.035
229.385
180.375
231.655
186.88
223.125
204.15
137.98
196.35
221.685
217.015
182.575
168.76
