1602840.599774
1619998.248984
1779350.215865
1708029.941659
1465098.097857
1708553.881934
1472551.464739
1821399.987545
1449250.084776
1541123.614265
1624398.533047
1373167.158769
1540777.647520
1938784.653258
1712702.794048
1508884.727247
1847184.961144
1500610.236357
1301299.617750
1625685.148360
1604817.111025
1583407.964145
1782594.103707
1360592.554714
1602188.917949
1598278.517127
1705619.926221
1710702.465025
1757928.971613
1702129.401647
1829364.470014
1553344.542900
1539486.114058
1710543.277942
1388644.853293
2042471.037549
1569363.434510
1450511.101685
1507554.431612
1427835.663529
1366345.237393
1901489.118549
1285113.179566
1567753.536361
1777899.701812
1654394.547373
1544441.198492
1497467.802586
1578526.798558
1601194.110725
1481186.723913
1710955.183880
1444323.726789
1814938.986865
1599969.607676
1432791.184189
1397010.127955
1439852.061053
1456647.059162
1439184.946680
1242401.349578
1365462.732121
1507181.807500
1691084.958195
1615213.263102
1424155.950189
1556474.814509
1453387.612016
1375368.162952
1468276.825595
1406634.427128
1668353.125093
1750635.370046
1058166.469786
1438319.672331
1811782.890734
1660414.341759
1748284.369023
1502360.341892
1288285.286932
1638416.380381
1438104.243978
1465656.812131
1447115.622132
1714609.936013
1660101.788430
1681611.539378
1613556.723751
1514459.048412
1621982.232766
1751035.667310
1433030.030107
1404218.505782
1342680.413147
1454158.274174
1861484.879692
1693141.735920
1462173.523242
1674058.978880
1734695.223375
1575951.266565
1802926.754339
1348108.913269
1539589.090164
1695174.684007
1536441.502876
1335921.611962
1436577.591891
1928006.358668
1785609.828198
1732609.239402
1559374.255549
1703829.530114
1446531.897808
1356268.054795
1551378.566031
1628485.498640
1642009.994444
1612343.471019
1750846.750713
1520652.093841
1469062.042366
1379654.416982
1390665.579717
1538134.489296
1745780.202785
1922169.363972
1799290.494248
1493716.750742
1456291.516104
1672831.667310
1479965.377581
1537838.920616
1324453.681837
1406717.611630
1399364.260298
1552748.413886
1465560.596714
1420331.816384
1596460.448226
1428273.184562
1524108.861379
1389097.410531
1622585.673939
1785851.206960
1474359.727303
1771351.145136
1795510.840588
1319498.156102
1555627.163508
1601382.082777
1374349.473851
1673643.732911
1825774.889600
1511285.380821
1741108.626751
1509901.742722
1708378.663683
1821770.345184
1542470.308435
1330108.797139
1455926.677609
1554645.541206
1767459.376024
1511822.958561
1557310.033234
1517733.884884
1426584.730773
1457671.692176
1498228.790968
1478525.693498
1553359.603334
1620461.853011
1498115.753906
1424885.976709
1399430.887955
1259189.228421
1601307.076950
1590001.083532
1465387.651036
1793178.327715
1586853.597462
1747092.463320
1507437.758208
1552100.113882
1341352.737224
1483187.747900
1499513.501666
1407558.484538
1651078.474250
1511619.626726
1450420.597668
1815782.537672
1350355.106819
1422543.209864
1478097.756804
1767333.601876
1560167.456647
1830338.740955
1509923.366561
1693864.081061
1334266.087935
1557166.390727
1420913.361777
1713986.274017
1596325.242166
1368365.356380
1512018.091078
1414849.342660
1488521.007884
1717141.425634
1634104.784196
1433381.093394
1630718.610012
1799664.796449
1385919.469996
1573568.957691
1623314.846823
1567609.464657
1147989.227326
1719505.969481
1532578.715971
1678319.490323
1530571.018064
1464604.387320
1412679.616090
1519484.199334
1658545.834940
1533183.333028
1450571.615650
1578896.181800
1326033.173631
1536657.347472
1549740.228306
1388158.747884
1457996.169363
1679095.487359
1635598.334931
1713949.062865
1564331.110382
1636764.224093
1553437.567897
1674634.354326
1838962.870705
1515617.119481
1408650.330615
1517476.398874
1536008.696188
1462962.439305
1504989.286849
1642264.113385
1561301.937972
1520179.629805
1744867.767028
1564149.639431
1418760.607038
1547961.931421
1586836.647868
1399342.092430
1714290.495326
1792463.377661
1710765.503420
1667810.141603
1575107.020764
1622874.266819
1538728.575546
1760153.184096
1491229.465942
1803255.809302
1455945.096792
1691322.286208
1622312.322439
1921388.993112
1529933.652820
1320789.625428
1834701.742500
1480953.298427
1869610.772152
1664871.168956
1320320.202395
1545514.473750
1811225.654667
1326472.643984
1401083.027717
1372078.109067
1479879.201585
1529523.973295
1412659.344551
1655762.186443
1777210.989767
1848611.708617
1526273.234924
1404690.931800
1567420.467103
1363603.505176
1732532.090683
1707777.907687
1479645.518141
1386892.416162
1608564.045548
1258188.251183
1454581.651742
1750898.900378
1462023.480775
1593501.295564
1401706.622084
1429253.650335
1718533.852442
1644925.859746
1525584.467325
1577009.293089
1693028.771667
1726621.869495
1616947.598622
1680354.299346
1597048.010587
1605989.702659
1826131.315828
1679171.228599
1510190.158035
1579027.535994
1412077.091532
1325750.357457
1609023.979004
1390469.867784
1509120.909531
1641362.017252
1211069.279381
1975648.495867
1657693.531145
1383983.058800
1402738.952649
1736853.426853
1352080.914255
1573733.222181
1499356.386223
1875348.942111
1797623.977261
1462154.422839
1532293.324191
1484666.608079
1500925.439619
1829776.590117
1375054.310143
1643817.762662
1455531.037149
1823903.235026
1459539.769309
1553504.907227
1642311.810705
1217457.110588
1514676.341468
1488820.436894
1645595.876342
1544239.796982
1812132.065851
1580924.154388
1490030.498901
1483432.516283
1525551.426673
1512693.540405
1949297.150808
1413747.257956
1410928.885738
1680087.911284
1460863.686444
1424912.067364
1723343.304481
1605274.273216
1476440.238574
1604272.954730
1433999.171330
1575076.506332
1471986.289279
1559774.179367
1811272.629988
1321498.607287
1466252.787840
1540644.881717
1534441.111528
1504198.156333
1552960.157746
1434542.221422
1502046.882727
1696445.225969
1199224.364855
1415756.999100
1331441.090446
1594637.174487
1563023.724447
1731906.888538
1634987.304452
1408864.554821
1941056.412671
1488564.260338
1404165.296299
1811265.804363
1524206.236455
1577828.919718
1598736.496838
1212798.359131
1763411.113298
1553815.688887
1566747.092286
1736596.690844
1633293.732703
1393039.682994
1736370.471704
1466898.097558
1680426.698247
1810808.002670
1479590.725768
1689020.253223
1723672.309556
1692029.414333
1546798.284148
1397790.052573
1557292.521675
1297850.399086
1369450.698372
1727544.354250
1541903.444315
1723946.515806
1538081.938666
1346483.969551
1635197.529882
1529347.911466
2024847.793355
1515014.757761
1699642.833187
1630818.855071
1663444.591328
1380468.368471
1838424.364872
1526806.409268
1797723.248380
1833111.913344
1577668.977685
1919609.823696
1598884.782757
1747547.763676
1369968.920779
1420340.581106
1497369.286222
1518793.639470
1648757.519585
1637629.926832
1252663.235027
1410296.938876
1473813.632244
1906629.139343
1572350.925337
1560015.691558
1684402.121775
1536400.623481
1494437.030414
1774394.419933
1744579.415846
1761287.238999
1489223.120088
1728451.371738
1526168.611632
1519292.784992
1594587.382702
1596667.902275
1711324.993612
1576507.401291
1358917.733276
1826268.047412
1390349.083982
1578627.286626
1480723.971501
1605963.188055
1630284.248699
1456275.424066
1543371.453498
1558321.919978
1412543.832304
1427365.621048
1697311.058603
1182840.866623
1640512.950762
1378814.550934
1794585.897033
1842406.572868
1346130.708814
1426165.045599
1438759.969581
1468393.716764
1625179.114562
1651505.462114
1416922.908007
1573278.548051
1410164.776522
1586378.991680
1750204.889043
1963487.291164
1585683.693462
1596142.976360
1346496.839062
1879790.819501
1514327.692155
1431167.987916
1576099.915875
1543759.126765
1487372.416327
1661222.499129
1792794.917704
1547024.224727
2045902.335838
1792100.908398
1652217.432494
1309112.300337
1241102.452233
1365848.017193
1742359.810585
1396700.407205
1410986.385687
1467099.321814
1407234.617366
1633434.131016
1063460.774792
1456613.950892
1428810.031814
1388934.720377
1470826.393826
1420433.543202
1463459.761316
1748792.315159
1766955.049455
1541484.567461
1313717.133468
1551548.246973
1287585.412898
1390983.877138
1702092.703541
1366800.635752
1747991.896041
1872562.250761
1334773.717718
1634222.115243
1829752.619797
1496838.234706
1775263.176262
1444023.424788
1432999.117628
1644725.043914
1389556.170533
1423581.172899
1766252.262702
1477642.944581
1346408.532540
1370389.963709
1579221.021924
1419546.270180
2006917.975887
1637831.147635
1281957.157828
1757966.604067
1559871.251727
1534832.239160
1529410.745142
1301959.299013
1602343.972366
1447759.584331
1526734.090195
1588737.101293
1478817.902591
1370968.817307
1389542.346611
1524146.957008
1723717.762120
1421322.791408
1501590.184641
1604441.959714
1616198.718372
1461451.325992
1762441.003255
1569732.763036
1726894.460266
1446630.369058
1457145.293102
1337222.358220
1571366.372919
1685299.324674
1551111.158232
1191514.570659
1547038.869945
1224760.796650
1592813.713649
1468231.973880
1598822.680770
1398309.728526
1443653.356042
1259998.638099
1365185.885688
1597563.068205
1820400.124767
1732028.772128
1470259.763694
1528220.788651
1509054.436599
1584614.460405
1755025.359690
1683076.567945
1565717.037311
1469033.385476
1431039.403871
1509211.779281
1440017.762543
1498835.471871
1375734.505691
1392869.657322
1536563.142774
1498655.546275
1532496.363927
1553323.133962
1214882.257935
1243978.562241
1577884.678563
1520075.133263
1422392.647628
1462971.738064
1451356.178951
1512539.810761
1823997.490057
1734195.800279
1827298.682401
1438488.313459
1731478.413011
1492318.745324
1675600.034210
1805703.612419
1879942.625435
1377408.569019
1365751.218979
1712974.777902
1459068.034893
1787417.557714
1587160.293554
1602321.819898
1322655.565888
1484543.200909
1360975.775982
1394437.316992
1586148.338164
1501625.093124
1822974.438312
1406200.501634
1570910.800070
1475860.078741
1543995.121055
1366805.322733
1653994.187852
1737510.285520
1649127.887879
1363994.458556
1456474.003928
1521514.319050
1848204.020796
1786614.213265
1530517.262862
1341737.313286
1552442.778269
1480403.918217
1619313.127938
1378865.274724
1540687.149309
1795195.846576
1793730.812953
1561902.265561
1552884.306966
1498139.788305
1696543.323372
1463485.842056
1499725.288145
1560816.253799
1694825.706426
1872744.868077
1452225.986730
1634737.885258
1693045.434700
1685851.322749
1638579.019264
1586493.573500
1494434.843801
1445426.585406
1610698.683761
1677878.698779
1266209.224328
1413989.706281
1628685.939250
1911441.923820
1557218.027751
1843763.744988
1493056.637967
1675747.456697
1494196.814480
1454549.931949
1650619.529253
1596835.464670
1412753.135831
1634236.660237
1590039.604946
1562848.086756
1391312.151841
2033461.182598
1522110.519445
1657270.900936
1611712.492877
1587812.146562
1553684.655033
1696776.196023
1509563.514895
1496122.350694
1732988.837672
1716195.229137
1711312.269789
1735628.938055
1164513.012631
1698136.836110
