14.63
14.77
14.80
15.07
15.19
15.26
15.35
15.36
15.46
15.47
15.49
15.55
15.56
15.62
15.63
15.65
15.76
15.79
15.81
15.81
15.82
15.82
15.82
15.84
15.85
15.89
15.90
15.95
15.98
15.99
16.00
16.05
16.06
16.06
16.07
16.11
16.12
16.14
16.15
16.16
16.16
16.17
16.22
16.22
16.23
16.23
16.23
16.23
16.24
16.25
16.28
16.28
16.29
16.29
16.30
16.31
16.31
16.31
16.32
16.34
16.35
16.35
16.36
16.37
16.37
16.38
16.39
16.40
16.42
16.42
16.43
16.43
16.44
16.45
16.46
16.46
16.46
16.48
16.48
16.48
16.48
16.53
16.54
16.55
16.56
16.56
16.57
16.58
16.59
16.59
16.59
16.61
16.61
16.61
16.62
16.62
16.62
16.62
16.62
16.62
16.63
16.64
16.64
16.66
16.66
16.67
16.67
16.68
16.68
16.69
16.69
16.70
16.72
16.72
16.73
16.74
16.74
16.75
16.75
16.76
16.76
16.78
16.79
16.79
16.80
16.80
16.81
16.82
16.82
16.83
16.84
16.84
16.84
16.84
16.84
16.86
16.86
16.87
16.88
16.88
16.89
16.90
16.90
16.90
16.90
16.90
16.90
16.91
16.92
16.92
16.93
16.93
16.93
16.94
16.96
16.96
16.96
16.97
16.98
16.98
16.99
17.00
17.01
17.01
17.01
17.01
17.02
17.03
17.03
17.03
17.03
17.03
17.04
17.04
17.05
17.05
17.06
17.06
17.07
17.07
17.07
17.07
17.07
17.08
17.09
17.09
17.09
17.09
17.09
17.10
17.11
17.11
17.11
17.12
17.12
17.13
17.14
17.14
17.15
17.15
17.15
17.15
17.15
17.16
17.18
17.18
17.19
17.19
17.19
17.19
17.19
17.20
17.21
17.21
17.21
17.21
17.22
17.22
17.22
17.23
17.23
17.24
17.25
17.25
17.25
17.25
17.25
17.25
17.26
17.27
17.27
17.27
17.28
17.28
17.28
17.28
17.28
17.29
17.29
17.29
17.29
17.29
17.30
17.30
17.30
17.30
17.31
17.31
17.31
17.32
17.32
17.32
17.33
17.34
17.34
17.35
17.35
17.35
17.35
17.37
17.38
17.38
17.39
17.39
17.39
17.39
17.39
17.40
17.40
17.41
17.41
17.41
17.41
17.41
17.41
17.42
17.42
17.43
17.44
17.44
17.44
17.44
17.44
17.45
17.45
17.45
17.46
17.46
17.46
17.46
17.47
17.48
17.48
17.49
17.49
17.49
17.49
17.50
17.50
17.51
17.51
17.52
17.52
17.52
17.53
17.53
17.53
17.54
17.54
17.55
17.55
17.56
17.56
17.56
17.56
17.57
17.57
17.58
17.58
17.58
17.58
17.58
17.58
17.58
17.59
17.59
17.59
17.59
17.60
17.61
17.62
17.62
17.62
17.63
17.64
17.64
17.65
17.65
17.65
17.65
17.65
17.66
17.66
17.66
17.66
17.67
17.68
17.68
17.68
17.68
17.69
17.69
17.70
17.70
17.71
17.71
17.72
17.72
17.72
17.72
17.73
17.73
17.73
17.74
17.74
17.75
17.75
17.75
17.75
17.76
17.76
17.76
17.76
17.76
17.77
17.77
17.77
17.78
17.78
17.78
17.78
17.79
17.79
17.79
17.80
17.80
17.81
17.81
17.82
17.82
17.82
17.82
17.82
17.83
17.83
17.84
17.84
17.84
17.84
17.85
17.85
17.85
17.85
17.86
17.86
17.87
17.87
17.87
17.88
17.88
17.88
17.89
17.89
17.89
17.89
17.90
17.90
17.91
17.91
17.91
17.92
17.92
17.92
17.93
17.93
17.93
17.94
17.94
17.94
17.94
17.94
17.94
17.95
17.95
17.95
17.95
17.95
17.95
17.95
17.96
17.96
17.97
17.97
17.97
17.98
17.98
17.98
17.98
17.98
17.99
17.99
18.00
18.00
18.01
18.01
18.01
18.01
18.01
18.01
18.01
18.01
18.02
18.02
18.02
18.02
18.03
18.03
18.03
18.03
18.05
18.05
18.05
18.05
18.05
18.06
18.06
18.07
18.07
18.07
18.07
18.07
18.07
18.07
18.07
18.08
18.08
18.09
18.09
18.09
18.10
18.10
18.10
18.10
18.11
18.11
18.11
18.11
18.11
18.11
18.11
18.11
18.12
18.13
18.13
18.13
18.13
18.14
18.15
18.15
18.15
18.15
18.15
18.16
18.16
18.17
18.17
18.17
18.18
18.18
18.18
18.18
18.18
18.18
18.19
18.19
18.19
18.20
18.20
18.21
18.21
18.22
18.22
18.22
18.23
18.23
18.23
18.23
18.25
18.25
18.25
18.25
18.25
18.26
18.26
18.26
18.28
18.28
18.28
18.29
18.29
18.30
18.30
18.30
18.30
18.31
18.31
18.31
18.32
18.33
18.34
18.35
18.35
18.35
18.35
18.35
18.36
18.37
18.37
18.37
18.37
18.38
18.38
18.39
18.40
18.40
18.42
18.42
18.42
18.42
18.42
18.45
18.47
18.48
18.49
18.49
18.50
18.50
18.50
18.50
18.50
18.51
18.51
18.51
18.52
18.53
18.53
18.53
18.54
18.54
18.54
18.54
18.55
18.55
18.56
18.58
18.59
18.59
18.60
18.60
18.61
18.61
18.61
18.62
18.62
18.64
18.64
18.65
18.65
18.65
18.67
18.67
18.68
18.69
18.70
18.70
18.72
18.73
18.73
18.73
18.74
18.74
18.75
18.77
18.78
18.79
18.80
18.81
18.81
18.81
18.82
18.82
18.82
18.82
18.83
18.87
18.87
18.89
18.91
18.91
18.92
18.94
18.96
18.97
18.99
18.99
19.00
19.00
19.01
19.01
19.01
19.02
19.05
19.05
19.05
19.10
19.10
19.10
19.12
19.12
19.12
19.13
19.14
19.15
19.16
19.17
19.18
19.19
19.21
19.21
19.22
19.24
19.26
19.30
19.30
19.31
19.32
19.32
19.34
19.36
19.37
19.37
19.37
19.39
19.43
19.43
19.43
19.44
19.45
19.46
19.47
19.47
19.49
19.51
19.52
19.53
19.61
19.64
19.72
19.75
19.77
19.78
19.89
20.10
20.43
20.70
21.15
21.19
21.70
22.47
23.19
23.90
