12.00
12.14
12.23
12.23
12.32
12.36
12.42
12.55
12.62
12.65
12.70
12.71
12.74
12.76
12.78
12.85
12.87
12.88
12.89
12.94
13.00
13.02
13.03
13.04
13.05
13.06
13.08
13.13
13.14
13.16
13.19
13.21
13.22
13.23
13.24
13.27
13.28
13.28
13.29
13.30
13.30
13.30
13.34
13.35
13.36
13.37
13.39
13.40
13.40
13.40
13.40
13.41
13.41
13.42
13.44
13.45
13.47
13.47
13.50
13.51
13.51
13.51
13.52
13.55
13.56
13.56
13.57
13.58
13.58
13.58
13.59
13.60
13.60
13.62
13.63
13.63
13.63
13.63
13.63
13.64
13.64
13.64
13.65
13.66
13.66
13.68
13.68
13.69
13.69
13.69
13.70
13.70
13.70
13.71
13.72
13.73
13.73
13.73
13.73
13.74
13.74
13.74
13.74
13.76
13.77
13.78
13.78
13.80
13.81
13.82
13.82
13.83
13.83
13.83
13.83
13.84
13.84
13.84
13.84
13.86
13.86
13.87
13.87
13.87
13.88
13.88
13.89
13.89
13.90
13.90
13.90
13.91
13.91
13.91
13.92
13.93
13.94
13.94
13.95
13.95
13.97
13.97
13.98
13.98
13.99
13.99
13.99
13.99
14.00
14.01
14.01
14.01
14.02
14.02
14.02
14.03
14.03
14.04
14.04
14.04
14.05
14.05
14.05
14.06
14.06
14.07
14.07
14.08
14.08
14.08
14.08
14.09
14.09
14.09
14.10
14.12
14.12
14.13
14.13
14.13
14.13
14.14
14.14
14.14
14.15
14.15
14.15
14.15
14.16
14.17
14.17
14.17
14.17
14.17
14.17
14.17
14.18
14.18
14.18
14.19
14.20
14.20
14.20
14.21
14.21
14.21
14.23
14.23
14.23
14.23
14.24
14.24
14.24
14.25
14.25
14.25
14.25
14.26
14.27
14.28
14.28
14.28
14.28
14.28
14.28
14.29
14.29
14.29
14.30
14.30
14.31
14.31
14.31
14.31
14.31
14.31
14.32
14.32
14.32
14.33
14.33
14.33
14.34
14.34
14.34
14.34
14.34
14.34
14.34
14.35
14.35
14.35
14.36
14.36
14.36
14.37
14.37
14.37
14.37
14.38
14.38
14.38
14.39
14.39
14.39
14.39
14.39
14.40
14.40
14.41
14.41
14.41
14.41
14.42
14.42
14.42
14.42
14.42
14.44
14.44
14.44
14.45
14.45
14.45
14.45
14.45
14.45
14.45
14.45
14.45
14.45
14.46
14.46
14.46
14.46
14.46
14.46
14.47
14.47
14.47
14.48
14.48
14.48
14.49
14.49
14.49
14.49
14.49
14.50
14.50
14.50
14.51
14.51
14.51
14.51
14.52
14.52
14.53
14.53
14.54
14.54
14.54
14.54
14.55
14.55
14.55
14.56
14.56
14.56
14.56
14.56
14.57
14.57
14.57
14.57
14.57
14.57
14.57
14.57
14.57
14.57
14.57
14.58
14.58
14.58
14.58
14.58
14.58
14.58
14.59
14.59
14.60
14.60
14.60
14.60
14.60
14.60
14.61
14.61
14.61
14.61
14.61
14.62
14.62
14.62
14.62
14.62
14.62
14.63
14.63
14.64
14.64
14.64
14.64
14.65
14.65
14.65
14.66
14.66
14.66
14.67
14.67
14.67
14.68
14.68
14.68
14.69
14.70
14.70
14.70
14.70
14.71
14.71
14.71
14.71
14.73
14.73
14.73
14.73
14.74
14.74
14.74
14.75
14.75
14.75
14.76
14.76
14.76
14.76
14.76
14.77
14.77
14.77
14.77
14.78
14.79
14.79
14.80
14.80
14.80
14.81
14.81
14.81
14.81
14.82
14.82
14.82
14.83
14.83
14.83
14.84
14.84
14.84
14.85
14.85
14.85
14.85
14.85
14.86
14.86
14.86
14.86
14.86
14.86
14.87
14.87
14.87
14.87
14.87
14.88
14.88
14.89
14.89
14.89
14.89
14.89
14.90
14.91
14.91
14.91
14.92
14.93
14.93
14.94
14.94
14.94
14.95
14.95
14.95
14.95
14.97
14.97
14.97
14.97
14.97
14.97
14.98
14.98
14.98
14.98
14.99
14.99
14.99
14.99
15.00
15.00
15.00
15.01
15.01
15.01
15.01
15.01
15.01
15.02
15.02
15.02
15.03
15.03
15.03
15.03
15.04
15.05
15.05
15.05
15.05
15.05
15.05
15.06
15.06
15.07
15.07
15.07
15.08
15.08
15.09
15.09
15.09
15.09
15.09
15.09
15.10
15.10
15.10
15.10
15.11
15.11
15.11
15.11
15.11
15.11
15.11
15.12
15.12
15.12
15.13
15.13
15.13
15.13
15.14
15.14
15.15
15.15
15.15
15.15
15.15
15.16
15.17
15.17
15.17
15.17
15.17
15.18
15.18
15.19
15.19
15.20
15.20
15.21
15.21
15.21
15.22
15.22
15.23
15.23
15.23
15.23
15.24
15.24
15.24
15.26
15.26
15.27
15.28
15.28
15.29
15.30
15.30
15.30
15.31
15.32
15.33
15.33
15.33
15.33
15.35
15.36
15.36
15.38
15.39
15.39
15.40
15.40
15.41
15.41
15.42
15.42
15.42
15.43
15.43
15.44
15.45
15.46
15.46
15.46
15.46
15.47
15.47
15.47
15.47
15.48
15.48
15.49
15.49
15.50
15.50
15.50
15.50
15.51
15.52
15.52
15.52
15.52
15.54
15.54
15.54
15.54
15.54
15.54
15.54
15.55
15.55
15.56
15.56
15.56
15.58
15.59
15.60
15.61
15.62
15.64
15.65
15.66
15.66
15.66
15.67
15.67
15.68
15.70
15.70
15.70
15.70
15.71
15.73
15.74
15.74
15.76
15.78
15.81
15.81
15.81
15.82
15.82
15.83
15.84
15.84
15.84
15.84
15.85
15.85
15.87
15.88
15.89
15.89
15.90
15.91
15.92
15.92
15.93
15.94
15.94
15.95
15.95
15.96
15.97
16.02
16.03
16.04
16.05
16.06
16.09
16.13
16.14
16.15
16.17
16.18
16.18
16.20
16.23
16.23
16.35
16.36
16.43
16.44
16.44
16.55
16.56
16.59
16.60
16.62
16.67
16.76
16.83
16.86
16.95
17.03
17.12
17.34
17.35
18.31
18.35
18.63
