1.506
1.507
1.519
1.524
1.532
1.548
1.549
1.554
1.567
1.569
1.571
1.581
1.586
1.590
1.591
1.598
1.600
1.602
1.610
1.615
1.618
1.619
1.626
1.627
1.628
1.629
1.629
1.632
1.637
1.638
1.638
1.640
1.641
1.642
1.643
1.643
1.645
1.647
1.647
1.651
1.654
1.659
1.661
1.662
1.665
1.666
1.666
1.669
1.671
1.674
1.676
1.676
1.679
1.681
1.683
1.683
1.686
1.688
1.691
1.691
1.693
1.693
1.696
1.696
1.698
1.699
1.700
1.700
1.700
1.700
1.707
1.707
1.708
1.709
1.710
1.712
1.712
1.713
1.714
1.714
1.714
1.715
1.717
1.718
1.718
1.719
1.719
1.721
1.721
1.721
1.725
1.726
1.726
1.729
1.731
1.731
1.733
1.733
1.733
1.734
1.735
1.736
1.737
1.737
1.737
1.738
1.738
1.738
1.739
1.740
1.742
1.743
1.744
1.744
1.745
1.746
1.749
1.751
1.752
1.753
1.754
1.754
1.754
1.755
1.756
1.758
1.759
1.760
1.762
1.762
1.762
1.762
1.763
1.763
1.763
1.764
1.766
1.766
1.767
1.768
1.768
1.769
1.770
1.771
1.772
1.773
1.774
1.776
1.777
1.777
1.777
1.779
1.779
1.779
1.779
1.780
1.781
1.783
1.784
1.785
1.785
1.787
1.788
1.789
1.791
1.793
1.796
1.796
1.796
1.797
1.797
1.798
1.798
1.800
1.806
1.806
1.807
1.807
1.810
1.810
1.810
1.812
1.812
1.812
1.812
1.813
1.814
1.815
1.815
1.816
1.818
1.818
1.819
1.820
1.821
1.823
1.824
1.825
1.826
1.826
1.826
1.826
1.827
1.827
1.828
1.829
1.829
1.831
1.831
1.832
1.834
1.834
1.837
1.837
1.837
1.838
1.839
1.839
1.839
1.843
1.845
1.846
1.847
1.848
1.851
1.851
1.852
1.856
1.857
1.859
1.862
1.862
1.863
1.865
1.866
1.866
1.867
1.868
1.871
1.871
1.872
1.872
1.874
1.877
1.879
1.879
1.880
1.880
1.882
1.883
1.885
1.885
1.886
1.888
1.888
1.888
1.889
1.889
1.890
1.890
1.891
1.893
1.894
1.896
1.897
1.897
1.898
1.899
1.901
1.903
1.903
1.903
1.904
1.904
1.905
1.905
1.908
1.909
1.909
1.910
1.911
1.911
1.912
1.917
1.922
1.923
1.923
1.924
1.925
1.926
1.929
1.930
1.931
1.937
1.938
1.939
1.939
1.940
1.941
1.943
1.946
1.949
1.950
1.952
1.954
1.954
1.955
1.956
1.956
1.956
1.957
1.957
1.958
1.959
1.960
1.962
1.964
1.966
1.968
1.968
1.969
1.971
1.971
1.973
1.975
1.977
1.977
1.978
1.983
1.983
1.983
1.984
1.987
1.988
1.989
1.993
1.994
1.996
1.999
2.004
2.004
2.004
2.005
2.009
2.020
2.020
2.022
2.023
2.025
2.028
2.029
2.030
2.031
2.032
2.036
2.047
2.048
2.050
2.051
2.057
2.058
2.066
2.072
2.077
2.083
2.088
2.092
2.093
2.096
2.097
2.100
2.101
2.102
2.102
2.110
2.111
2.111
2.117
2.125
2.127
2.128
2.129
2.132
2.132
2.134
2.135
2.137
2.138
2.142
2.145
2.146
2.151
2.153
2.156
2.159
2.161
2.162
2.163
2.170
2.173
2.175
2.177
2.178
2.181
2.181
2.183
2.185
2.186
2.187
2.190
2.196
2.201
2.201
2.202
2.202
2.205
2.207
2.207
2.208
2.208
2.210
2.213
2.219
2.220
2.220
2.220
2.221
2.230
2.230
2.231
2.233
2.234
2.234
2.234
2.236
2.237
2.242
2.242
2.243
2.244
2.245
2.245
2.246
2.247
2.247
2.247
2.248
2.250
2.250
2.250
2.251
2.257
2.257
2.258
2.258
2.260
2.260
2.260
2.262
2.263
2.265
2.265
2.266
2.267
2.268
2.269
2.269
2.271
2.272
2.272
2.274
2.277
2.281
2.282
2.282
2.284
2.284
2.285
2.287
2.288
2.290
2.290
2.290
2.291
2.293
2.293
2.293
2.294
2.294
2.295
2.296
2.296
2.299
2.299
2.299
2.300
2.300
2.302
2.304
2.305
2.305
2.306
2.308
2.308
2.311
2.313
2.314
2.314
2.316
2.317
2.319
2.320
2.320
2.320
2.322
2.324
2.325
2.327
2.327
2.328
2.328
2.329
2.329
2.330
2.330
2.331
2.332
2.333
2.333
2.337
2.338
2.338
2.341
2.346
2.347
2.348
2.348
2.348
2.348
2.350
2.351
2.352
2.352
2.352
2.355
2.356
2.356
2.357
2.357
2.358
2.359
2.361
2.361
2.362
2.363
2.364
2.364
2.365
2.366
2.366
2.367
2.367
2.368
2.369
2.369
2.369
2.371
2.371
2.371
2.372
2.373
2.375
2.378
2.379
2.379
2.380
2.380
2.382
2.383
2.387
2.388
2.389
2.391
2.392
2.392
2.393
2.394
2.397
2.399
2.399
2.400
2.401
2.402
2.402
2.404
2.404
2.404
2.405
2.405
2.406
2.406
2.406
2.408
2.408
2.408
2.408
2.411
2.411
2.412
2.413
2.414
2.414
2.415
2.415
2.415
2.415
2.416
2.417
2.419
2.419
2.420
2.420
2.420
2.421
2.423
2.425
2.425
2.426
2.426
2.428
2.428
2.428
2.429
2.430
2.431
2.432
2.434
2.436
2.438
2.440
2.445
2.445
2.446
2.448
2.449
2.450
2.450
2.450
2.451
2.451
2.452
2.454
2.454
2.454
2.456
2.456
2.457
2.461
2.462
2.462
2.465
2.466
2.467
2.467
2.468
2.470
2.472
2.473
2.474
2.478
2.479
2.483
2.487
2.490
2.490
2.491
2.492
2.492
2.496
2.496
2.497
2.497
2.498
2.500
2.501
2.501
2.501
2.506
2.507
2.508
2.508
2.512
2.519
2.523
2.525
2.526
2.527
2.539
2.545
2.553
2.556
2.560
2.560
2.566
2.567
2.568
2.574
2.576
2.577
2.580
2.581
2.601
2.625
2.638
2.642
2.643
2.649
2.668
2.677
2.678
2.684
2.721
