2.516
2.552
2.649
2.662
2.750
2.754
2.789
2.816
2.826
2.844
2.854
2.871
2.875
2.876
2.882
2.885
2.916
2.916
2.918
2.926
2.929
2.929
2.933
2.933
2.938
2.941
2.946
2.962
2.965
2.966
2.968
2.969
2.977
2.981
2.985
2.996
3.001
3.003
3.004
3.005
3.005
3.006
3.007
3.009
3.013
3.014
3.015
3.017
3.017
3.018
3.019
3.021
3.028
3.032
3.033
3.034
3.035
3.039
3.043
3.046
3.046
3.048
3.049
3.053
3.053
3.055
3.055
3.056
3.058
3.061
3.062
3.062
3.062
3.067
3.067
3.072
3.074
3.074
3.075
3.075
3.076
3.087
3.088
3.090
3.095
3.095
3.096
3.098
3.100
3.101
3.106
3.107
3.108
3.110
3.112
3.116
3.116
3.118
3.119
3.122
3.124
3.125
3.127
3.127
3.130
3.133
3.135
3.136
3.136
3.136
3.139
3.139
3.141
3.142
3.142
3.142
3.145
3.146
3.149
3.150
3.151
3.152
3.154
3.154
3.158
3.161
3.163
3.163
3.163
3.163
3.164
3.168
3.168
3.172
3.172
3.172
3.173
3.173
3.174
3.175
3.175
3.177
3.177
3.178
3.178
3.178
3.179
3.181
3.181
3.183
3.185
3.186
3.186
3.188
3.191
3.194
3.194
3.195
3.196
3.196
3.197
3.200
3.201
3.201
3.202
3.205
3.206
3.206
3.207
3.209
3.209
3.211
3.211
3.212
3.213
3.213
3.214
3.214
3.214
3.215
3.217
3.217
3.218
3.218
3.219
3.220
3.221
3.221
3.221
3.221
3.223
3.224
3.227
3.227
3.227
3.227
3.228
3.229
3.229
3.230
3.232
3.233
3.233
3.233
3.235
3.237
3.237
3.239
3.241
3.243
3.244
3.244
3.245
3.245
3.245
3.246
3.246
3.248
3.249
3.250
3.250
3.251
3.251
3.254
3.255
3.256
3.258
3.258
3.259
3.264
3.265
3.266
3.267
3.269
3.270
3.270
3.271
3.272
3.272
3.273
3.274
3.275
3.276
3.276
3.277
3.279
3.279
3.280
3.281
3.281
3.281
3.282
3.283
3.283
3.283
3.284
3.286
3.291
3.291
3.292
3.293
3.293
3.294
3.297
3.298
3.299
3.300
3.301
3.301
3.302
3.304
3.307
3.308
3.308
3.310
3.311
3.312
3.315
3.316
3.317
3.318
3.320
3.320
3.320
3.320
3.322
3.322
3.322
3.325
3.326
3.327
3.328
3.328
3.328
3.329
3.329
3.330
3.331
3.332
3.332
3.333
3.333
3.334
3.334
3.334
3.339
3.340
3.340
3.341
3.342
3.342
3.342
3.345
3.345
3.346
3.347
3.347
3.348
3.349
3.352
3.352
3.355
3.357
3.357
3.358
3.358
3.361
3.361
3.362
3.363
3.363
3.364
3.364
3.365
3.366
3.366
3.366
3.368
3.368
3.369
3.369
3.369
3.369
3.370
3.373
3.373
3.374
3.374
3.375
3.376
3.378
3.379
3.384
3.384
3.385
3.385
3.388
3.390
3.391
3.392
3.393
3.394
3.396
3.397
3.397
3.398
3.399
3.399
3.400
3.401
3.401
3.402
3.402
3.404
3.405
3.405
3.406
3.407
3.408
3.410
3.410
3.411
3.411
3.412
3.413
3.414
3.414
3.416
3.417
3.417
3.419
3.422
3.423
3.423
3.424
3.425
3.425
3.427
3.428
3.430
3.431
3.431
3.432
3.432
3.432
3.434
3.436
3.436
3.439
3.439
3.440
3.440
3.441
3.441
3.442
3.442
3.443
3.444
3.446
3.446
3.446
3.447
3.448
3.448
3.449
3.450
3.451
3.451
3.451
3.452
3.452
3.455
3.455
3.455
3.456
3.457
3.458
3.461
3.462
3.462
3.465
3.466
3.466
3.467
3.467
3.467
3.468
3.473
3.473
3.477
3.478
3.479
3.479
3.481
3.481
3.481
3.482
3.482
3.482
3.483
3.484
3.484
3.484
3.485
3.485
3.485
3.486
3.487
3.487
3.488
3.488
3.489
3.489
3.489
3.489
3.491
3.494
3.495
3.495
3.498
3.500
3.501
3.502
3.504
3.504
3.505
3.506
3.508
3.510
3.513
3.514
3.514
3.515
3.520
3.523
3.525
3.526
3.529
3.530
3.532
3.532
3.532
3.535
3.535
3.536
3.536
3.537
3.538
3.540
3.540
3.540
3.541
3.541
3.542
3.544
3.544
3.545
3.545
3.547
3.548
3.550
3.550
3.551
3.551
3.553
3.555
3.558
3.558
3.558
3.559
3.562
3.562
3.565
3.565
3.567
3.568
3.568
3.568
3.571
3.572
3.572
3.573
3.574
3.574
3.577
3.577
3.579
3.579
3.585
3.586
3.587
3.589
3.591
3.592
3.592
3.593
3.594
3.594
3.595
3.598
3.599
3.601
3.601
3.601
3.601
3.604
3.606
3.607
3.608
3.609
3.609
3.610
3.610
3.612
3.612
3.614
3.614
3.614
3.617
3.617
3.619
3.620
3.623
3.623
3.625
3.626
3.629
3.630
3.632
3.636
3.637
3.639
3.639
3.648
3.649
3.649
3.650
3.650
3.654
3.655
3.658
3.659
3.660
3.660
3.660
3.661
3.662
3.662
3.662
3.665
3.669
3.671
3.675
3.678
3.680
3.680
3.682
3.684
3.684
3.687
3.688
3.690
3.690
3.695
3.696
3.697
3.697
3.700
3.700
3.701
3.702
3.702
3.703
3.703
3.707
3.709
3.709
3.710
3.711
3.719
3.724
3.725
3.725
3.726
3.731
3.733
3.733
3.734
3.734
3.738
3.743
3.743
3.746
3.747
3.749
3.751
3.751
3.753
3.753
3.754
3.756
3.758
3.759
3.760
3.764
3.769
3.769
3.769
3.772
3.778
3.782
3.787
3.795
3.799
3.803
3.806
3.809
3.813
3.817
3.819
3.824
3.827
3.835
3.837
3.838
3.844
3.855
3.858
3.858
3.861
3.868
3.868
3.874
3.886
3.889
3.891
3.898
3.904
3.911
3.929
3.934
3.935
3.938
3.941
3.956
3.958
3.975
3.991
4.002
4.004
4.016
4.019
4.055
4.059
4.066
4.070
4.099
4.120
4.156
4.163
4.169
4.173
