2.774
2.800
2.815
2.851
2.877
2.878
2.878
2.888
2.892
2.895
2.904
2.912
2.919
2.924
2.928
2.937
2.939
2.940
2.946
2.955
2.962
2.964
2.968
2.969
2.969
2.970
2.971
2.977
2.978
2.981
2.982
2.987
2.988
2.989
2.991
2.991
2.993
2.993
2.994
2.996
2.997
2.998
2.998
2.998
2.999
3.000
3.005
3.008
3.009
3.011
3.012
3.012
3.012
3.013
3.013
3.013
3.013
3.015
3.015
3.017
3.018
3.018
3.023
3.024
3.025
3.025
3.028
3.030
3.031
3.031
3.031
3.032
3.034
3.034
3.035
3.035
3.036
3.040
3.040
3.040
3.041
3.041
3.043
3.044
3.044
3.044
3.045
3.047
3.048
3.049
3.049
3.050
3.050
3.051
3.052
3.052
3.053
3.055
3.055
3.056
3.057
3.057
3.058
3.058
3.059
3.061
3.061
3.061
3.062
3.063
3.063
3.064
3.065
3.067
3.069
3.070
3.070
3.071
3.073
3.073
3.073
3.073
3.074
3.075
3.075
3.075
3.076
3.076
3.077
3.077
3.080
3.080
3.082
3.083
3.084
3.084
3.084
3.084
3.086
3.086
3.089
3.090
3.091
3.092
3.092
3.093
3.093
3.095
3.096
3.096
3.096
3.097
3.098
3.099
3.100
3.100
3.101
3.102
3.104
3.105
3.105
3.105
3.106
3.107
3.107
3.107
3.107
3.108
3.108
3.108
3.109
3.109
3.109
3.110
3.110
3.110
3.110
3.111
3.111
3.112
3.112
3.113
3.113
3.114
3.115
3.116
3.116
3.116
3.117
3.117
3.117
3.118
3.119
3.119
3.119
3.119
3.119
3.120
3.121
3.122
3.122
3.122
3.124
3.125
3.125
3.126
3.128
3.129
3.129
3.129
3.130
3.130
3.131
3.132
3.132
3.132
3.132
3.133
3.133
3.135
3.135
3.136
3.136
3.137
3.137
3.138
3.138
3.138
3.138
3.140
3.140
3.140
3.140
3.143
3.143
3.144
3.145
3.146
3.146
3.146
3.147
3.147
3.147
3.149
3.149
3.149
3.150
3.150
3.151
3.151
3.152
3.153
3.153
3.154
3.154
3.155
3.157
3.157
3.159
3.159
3.159
3.160
3.160
3.160
3.162
3.162
3.163
3.163
3.164
3.164
3.164
3.165
3.165
3.166
3.167
3.167
3.168
3.168
3.168
3.168
3.169
3.169
3.169
3.169
3.170
3.170
3.170
3.170
3.172
3.172
3.174
3.174
3.174
3.174
3.174
3.174
3.175
3.175
3.176
3.176
3.177
3.177
3.177
3.177
3.178
3.178
3.179
3.179
3.179
3.180
3.180
3.180
3.180
3.181
3.181
3.181
3.182
3.184
3.185
3.186
3.186
3.187
3.189
3.189
3.189
3.190
3.190
3.190
3.190
3.190
3.191
3.191
3.191
3.191
3.192
3.192
3.193
3.193
3.193
3.195
3.196
3.196
3.196
3.196
3.196
3.196
3.196
3.196
3.196
3.198
3.198
3.199
3.200
3.200
3.201
3.201
3.201
3.202
3.202
3.202
3.204
3.204
3.204
3.205
3.206
3.206
3.206
3.207
3.207
3.207
3.208
3.208
3.208
3.208
3.208
3.209
3.210
3.210
3.210
3.212
3.212
3.213
3.213
3.214
3.214
3.215
3.215
3.215
3.215
3.216
3.217
3.217
3.218
3.220
3.220
3.220
3.221
3.221
3.221
3.222
3.222
3.223
3.224
3.224
3.224
3.224
3.224
3.224
3.225
3.225
3.226
3.227
3.227
3.228
3.228
3.228
3.228
3.228
3.229
3.229
3.229
3.229
3.229
3.230
3.230
3.231
3.231
3.231
3.232
3.232
3.232
3.232
3.232
3.232
3.233
3.233
3.233
3.234
3.234
3.234
3.235
3.235
3.235
3.237
3.237
3.238
3.241
3.244
3.244
3.245
3.246
3.247
3.247
3.248
3.248
3.248
3.249
3.250
3.250
3.252
3.252
3.252
3.253
3.253
3.254
3.254
3.254
3.256
3.256
3.256
3.256
3.257
3.257
3.257
3.257
3.257
3.259
3.259
3.260
3.261
3.261
3.261
3.262
3.263
3.264
3.266
3.267
3.267
3.267
3.268
3.268
3.268
3.269
3.269
3.271
3.272
3.272
3.273
3.273
3.274
3.275
3.276
3.277
3.277
3.277
3.277
3.278
3.280
3.280
3.281
3.281
3.281
3.284
3.284
3.285
3.286
3.288
3.288
3.289
3.289
3.290
3.291
3.291
3.291
3.292
3.293
3.293
3.293
3.293
3.293
3.294
3.294
3.295
3.295
3.296
3.296
3.297
3.297
3.297
3.298
3.298
3.298
3.299
3.299
3.300
3.301
3.302
3.302
3.302
3.304
3.304
3.304
3.304
3.304
3.305
3.305
3.306
3.306
3.306
3.307
3.307
3.309
3.309
3.310
3.311
3.311
3.311
3.311
3.312
3.312
3.313
3.313
3.316
3.316
3.316
3.316
3.318
3.319
3.320
3.321
3.321
3.321
3.322
3.322
3.322
3.322
3.323
3.324
3.324
3.324
3.325
3.327
3.328
3.330
3.330
3.332
3.332
3.332
3.335
3.335
3.335
3.336
3.336
3.337
3.337
3.337
3.337
3.337
3.338
3.338
3.338
3.338
3.341
3.343
3.345
3.349
3.349
3.351
3.352
3.352
3.352
3.354
3.354
3.356
3.357
3.358
3.361
3.361
3.363
3.364
3.364
3.365
3.367
3.367
3.367
3.368
3.369
3.369
3.369
3.372
3.373
3.373
3.378
3.379
3.380
3.380
3.381
3.381
3.381
3.383
3.386
3.387
3.390
3.391
3.393
3.393
3.393
3.394
3.395
3.395
3.397
3.400
3.401
3.403
3.404
3.405
3.405
3.406
3.407
3.407
3.407
3.409
3.410
3.411
3.412
3.412
3.414
3.416
3.417
3.418
3.422
3.423
3.424
3.424
3.425
3.426
3.426
3.427
3.429
3.432
3.439
3.442
3.442
3.444
3.447
3.447
3.448
3.454
3.456
3.459
3.463
3.464
3.464
3.472
3.483
3.485
3.492
3.493
3.521
3.523
3.531
3.541
3.542
3.549
3.551
3.555
3.558
3.603
3.633
3.642
3.674
3.781
