2.360
2.372
2.374
2.421
2.439
2.440
2.454
2.462
2.465
2.468
2.482
2.496
2.505
2.511
2.512
2.514
2.514
2.517
2.519
2.521
2.528
2.536
2.538
2.538
2.542
2.544
2.557
2.558
2.558
2.559
2.564
2.571
2.573
2.574
2.574
2.576
2.578
2.579
2.581
2.583
2.584
2.585
2.586
2.587
2.587
2.588
2.590
2.592
2.594
2.594
2.594
2.595
2.596
2.596
2.597
2.599
2.600
2.601
2.603
2.605
2.606
2.607
2.607
2.609
2.611
2.611
2.613
2.614
2.615
2.615
2.616
2.617
2.617
2.620
2.620
2.622
2.622
2.624
2.624
2.627
2.628
2.630
2.631
2.632
2.633
2.633
2.635
2.637
2.639
2.639
2.639
2.640
2.644
2.644
2.646
2.648
2.649
2.650
2.650
2.652
2.653
2.654
2.655
2.655
2.656
2.657
2.657
2.660
2.661
2.663
2.664
2.665
2.666
2.666
2.668
2.669
2.671
2.673
2.674
2.674
2.674
2.677
2.678
2.679
2.679
2.680
2.680
2.680
2.681
2.681
2.682
2.683
2.685
2.687
2.689
2.689
2.692
2.693
2.695
2.695
2.695
2.696
2.696
2.696
2.696
2.697
2.698
2.698
2.699
2.699
2.700
2.701
2.703
2.703
2.704
2.704
2.705
2.706
2.706
2.708
2.711
2.712
2.713
2.713
2.715
2.715
2.715
2.715
2.716
2.716
2.717
2.718
2.718
2.719
2.719
2.719
2.720
2.721
2.723
2.724
2.725
2.725
2.726
2.726
2.726
2.727
2.727
2.728
2.728
2.728
2.729
2.729
2.730
2.730
2.731
2.732
2.732
2.732
2.733
2.733
2.733
2.733
2.733
2.734
2.734
2.734
2.736
2.736
2.737
2.737
2.737
2.738
2.739
2.740
2.740
2.740
2.740
2.741
2.741
2.741
2.741
2.741
2.742
2.744
2.744
2.745
2.745
2.745
2.745
2.745
2.746
2.746
2.746
2.747
2.747
2.748
2.748
2.751
2.751
2.751
2.752
2.752
2.752
2.753
2.753
2.753
2.754
2.754
2.755
2.755
2.755
2.756
2.756
2.756
2.756
2.756
2.757
2.757
2.757
2.758
2.758
2.758
2.759
2.759
2.760
2.761
2.762
2.762
2.762
2.762
2.763
2.764
2.765
2.765
2.766
2.766
2.767
2.767
2.767
2.767
2.768
2.769
2.769
2.769
2.770
2.770
2.770
2.771
2.771
2.771
2.771
2.771
2.772
2.772
2.773
2.774
2.774
2.774
2.775
2.776
2.776
2.777
2.777
2.778
2.778
2.778
2.778
2.778
2.779
2.779
2.780
2.782
2.783
2.783
2.783
2.783
2.784
2.785
2.786
2.787
2.787
2.789
2.790
2.790
2.790
2.791
2.791
2.792
2.792
2.792
2.792
2.793
2.793
2.794
2.794
2.795
2.795
2.796
2.797
2.797
2.797
2.798
2.799
2.799
2.799
2.799
2.799
2.800
2.800
2.801
2.802
2.803
2.803
2.803
2.803
2.804
2.804
2.804
2.805
2.805
2.805
2.805
2.806
2.806
2.806
2.807
2.807
2.807
2.808
2.808
2.808
2.809
2.809
2.810
2.810
2.810
2.812
2.812
2.812
2.812
2.813
2.813
2.814
2.815
2.815
2.815
2.816
2.816
2.816
2.818
2.820
2.820
2.821
2.822
2.822
2.823
2.824
2.824
2.824
2.825
2.825
2.825
2.826
2.827
2.827
2.827
2.827
2.827
2.829
2.829
2.830
2.830
2.830
2.830
2.830
2.831
2.831
2.832
2.832
2.832
2.832
2.833
2.833
2.833
2.835
2.836
2.836
2.836
2.837
2.837
2.838
2.838
2.839
2.840
2.840
2.841
2.841
2.843
2.845
2.846
2.846
2.847
2.847
2.849
2.849
2.849
2.850
2.851
2.851
2.852
2.852
2.852
2.852
2.855
2.855
2.856
2.856
2.856
2.857
2.857
2.857
2.858
2.858
2.858
2.858
2.859
2.860
2.860
2.861
2.862
2.863
2.863
2.864
2.864
2.864
2.865
2.865
2.865
2.866
2.866
2.866
2.867
2.868
2.868
2.870
2.870
2.870
2.871
2.872
2.872
2.872
2.873
2.873
2.874
2.874
2.874
2.874
2.875
2.876
2.876
2.876
2.877
2.877
2.878
2.878
2.879
2.879
2.879
2.881
2.881
2.881
2.882
2.882
2.883
2.883
2.883
2.884
2.884
2.885
2.885
2.885
2.885
2.886
2.887
2.887
2.887
2.887
2.887
2.888
2.888
2.890
2.890
2.890
2.891
2.891
2.891
2.891
2.892
2.892
2.893
2.894
2.895
2.896
2.896
2.897
2.897
2.897
2.897
2.899
2.899
2.899
2.899
2.900
2.900
2.900
2.902
2.902
2.904
2.905
2.905
2.905
2.906
2.906
2.906
2.906
2.907
2.910
2.911
2.914
2.914
2.916
2.917
2.918
2.918
2.919
2.921
2.922
2.922
2.923
2.923
2.924
2.924
2.925
2.925
2.927
2.927
2.928
2.928
2.928
2.930
2.931
2.931
2.932
2.932
2.933
2.933
2.934
2.937
2.937
2.937
2.938
2.939
2.940
2.940
2.941
2.941
2.942
2.942
2.944
2.944
2.949
2.949
2.952
2.955
2.956
2.956
2.959
2.960
2.961
2.962
2.963
2.964
2.967
2.968
2.970
2.972
2.976
2.976
2.977
2.979
2.979
2.980
2.980
2.982
2.982
2.983
2.985
2.985
2.988
2.988
2.989
2.990
2.991
2.991
2.992
2.995
2.995
2.996
2.997
2.997
3.001
3.002
3.004
3.006
3.011
3.012
3.012
3.012
3.015
3.020
3.022
3.023
3.024
3.024
3.024
3.025
3.026
3.033
3.039
3.040
3.040
3.044
3.045
3.048
3.049
3.051
3.052
3.053
3.055
3.055
3.057
3.057
3.058
3.060
3.064
3.066
3.070
3.070
3.070
3.071
3.077
3.078
3.081
3.087
3.090
3.090
3.093
3.096
3.103
3.109
3.113
3.116
3.118
3.119
3.121
3.122
3.124
3.128
3.135
3.135
3.145
3.159
3.162
3.177
3.179
3.189
3.195
3.210
3.219
3.225
3.246
3.250
