2.089
2.144
2.157
2.159
2.172
2.178
2.190
2.199
2.207
2.211
2.218
2.227
2.232
2.233
2.234
2.244
2.246
2.250
2.255
2.258
2.259
2.260
2.264
2.265
2.266
2.268
2.270
2.271
2.271
2.273
2.275
2.275
2.276
2.276
2.278
2.279
2.279
2.280
2.280
2.281
2.282
2.284
2.284
2.285
2.286
2.288
2.289
2.289
2.289
2.290
2.294
2.298
2.300
2.303
2.303
2.304
2.304
2.304
2.304
2.305
2.306
2.306
2.306
2.306
2.312
2.314
2.315
2.315
2.315
2.316
2.317
2.320
2.322
2.324
2.325
2.325
2.326
2.330
2.330
2.331
2.332
2.333
2.334
2.335
2.336
2.336
2.338
2.341
2.344
2.345
2.345
2.345
2.346
2.346
2.346
2.347
2.347
2.347
2.347
2.349
2.349
2.349
2.351
2.353
2.353
2.353
2.353
2.355
2.356
2.357
2.357
2.358
2.359
2.359
2.359
2.359
2.360
2.360
2.361
2.362
2.362
2.363
2.363
2.364
2.364
2.365
2.365
2.365
2.365
2.366
2.367
2.367
2.368
2.369
2.369
2.369
2.370
2.371
2.372
2.372
2.373
2.374
2.374
2.375
2.376
2.376
2.378
2.378
2.380
2.380
2.381
2.381
2.381
2.381
2.382
2.382
2.382
2.382
2.382
2.383
2.383
2.385
2.385
2.386
2.387
2.387
2.387
2.388
2.388
2.389
2.390
2.391
2.391
2.391
2.392
2.393
2.394
2.394
2.395
2.395
2.395
2.396
2.396
2.396
2.397
2.397
2.397
2.399
2.400
2.400
2.401
2.403
2.403
2.404
2.404
2.405
2.405
2.406
2.406
2.406
2.406
2.406
2.406
2.407
2.408
2.409
2.411
2.411
2.411
2.413
2.414
2.415
2.417
2.418
2.418
2.419
2.419
2.419
2.419
2.419
2.419
2.420
2.420
2.421
2.421
2.421
2.421
2.422
2.422
2.423
2.423
2.423
2.424
2.424
2.424
2.425
2.425
2.425
2.426
2.426
2.427
2.428
2.428
2.428
2.429
2.429
2.429
2.430
2.430
2.432
2.433
2.434
2.434
2.434
2.435
2.435
2.435
2.436
2.436
2.436
2.437
2.437
2.437
2.438
2.439
2.440
2.440
2.441
2.442
2.443
2.443
2.443
2.444
2.444
2.444
2.445
2.446
2.446
2.446
2.447
2.447
2.447
2.447
2.448
2.448
2.449
2.450
2.450
2.450
2.450
2.451
2.451
2.452
2.452
2.452
2.453
2.454
2.454
2.454
2.454
2.456
2.456
2.457
2.458
2.458
2.458
2.458
2.458
2.458
2.459
2.459
2.460
2.460
2.460
2.460
2.460
2.461
2.462
2.462
2.463
2.463
2.463
2.463
2.464
2.464
2.464
2.465
2.465
2.466
2.466
2.466
2.467
2.467
2.468
2.468
2.468
2.468
2.468
2.469
2.470
2.470
2.470
2.470
2.470
2.471
2.476
2.476
2.476
2.476
2.477
2.477
2.477
2.477
2.478
2.478
2.478
2.479
2.479
2.479
2.479
2.482
2.482
2.482
2.482
2.482
2.482
2.484
2.484
2.484
2.485
2.485
2.486
2.487
2.488
2.488
2.489
2.489
2.489
2.489
2.489
2.490
2.491
2.491
2.492
2.492
2.492
2.493
2.493
2.493
2.494
2.494
2.495
2.495
2.495
2.495
2.496
2.496
2.496
2.497
2.498
2.498
2.498
2.498
2.498
2.499
2.499
2.499
2.500
2.500
2.500
2.500
2.501
2.503
2.503
2.503
2.504
2.504
2.505
2.505
2.506
2.506
2.507
2.507
2.507
2.507
2.508
2.508
2.508
2.509
2.509
2.509
2.510
2.511
2.511
2.511
2.511
2.512
2.512
2.513
2.513
2.513
2.513
2.513
2.514
2.514
2.514
2.515
2.515
2.515
2.515
2.516
2.516
2.517
2.517
2.517
2.517
2.518
2.518
2.518
2.518
2.519
2.519
2.519
2.520
2.521
2.522
2.523
2.523
2.524
2.524
2.525
2.525
2.525
2.525
2.527
2.527
2.527
2.528
2.529
2.529
2.531
2.532
2.532
2.532
2.533
2.533
2.533
2.534
2.535
2.535
2.535
2.535
2.535
2.536
2.536
2.537
2.538
2.538
2.539
2.539
2.540
2.540
2.540
2.540
2.541
2.541
2.541
2.542
2.542
2.542
2.542
2.544
2.544
2.545
2.545
2.545
2.546
2.547
2.547
2.548
2.548
2.549
2.549
2.550
2.550
2.551
2.551
2.552
2.552
2.553
2.553
2.554
2.554
2.555
2.555
2.555
2.556
2.557
2.557
2.557
2.558
2.559
2.559
2.559
2.560
2.560
2.560
2.561
2.561
2.562
2.562
2.563
2.563
2.563
2.564
2.565
2.565
2.565
2.565
2.566
2.566
2.567
2.567
2.567
2.568
2.568
2.568
2.568
2.569
2.569
2.569
2.569
2.570
2.570
2.570
2.572
2.572
2.574
2.576
2.576
2.576
2.577
2.579
2.580
2.580
2.581
2.581
2.581
2.581
2.582
2.582
2.584
2.584
2.585
2.585
2.586
2.588
2.588
2.591
2.592
2.592
2.593
2.593
2.593
2.595
2.595
2.596
2.597
2.597
2.598
2.598
2.599
2.601
2.602
2.602
2.603
2.605
2.605
2.606
2.606
2.608
2.608
2.608
2.609
2.609
2.610
2.611
2.614
2.614
2.614
2.615
2.615
2.616
2.616
2.616
2.617
2.617
2.618
2.619
2.621
2.622
2.623
2.623
2.623
2.626
2.627
2.628
2.630
2.630
2.631
2.631
2.632
2.632
2.633
2.633
2.634
2.634
2.635
2.636
2.636
2.636
2.638
2.638
2.638
2.639
2.641
2.642
2.642
2.643
2.643
2.643
2.647
2.647
2.648
2.648
2.651
2.654
2.654
2.655
2.656
2.656
2.659
2.660
2.662
2.663
2.666
2.668
2.670
2.673
2.676
2.679
2.681
2.681
2.684
2.684
2.687
2.690
2.693
2.698
2.700
2.705
2.706
2.706
2.710
2.714
2.719
2.721
2.727
2.729
2.732
2.738
2.740
2.765
2.766
2.769
2.769
2.776
2.782
2.802
2.806
2.824
2.905
