2.033
2.057
2.064
2.125
2.141
2.147
2.149
2.197
2.206
2.212
2.216
2.216
2.219
2.229
2.230
2.230
2.231
2.231
2.237
2.242
2.242
2.245
2.248
2.249
2.249
2.252
2.258
2.258
2.259
2.266
2.267
2.269
2.277
2.278
2.279
2.279
2.279
2.280
2.280
2.283
2.284
2.286
2.287
2.292
2.292
2.296
2.301
2.303
2.303
2.303
2.303
2.306
2.309
2.309
2.312
2.314
2.315
2.317
2.318
2.321
2.321
2.322
2.323
2.324
2.324
2.325
2.329
2.330
2.330
2.331
2.333
2.334
2.334
2.334
2.334
2.334
2.334
2.334
2.334
2.335
2.336
2.336
2.338
2.339
2.339
2.340
2.341
2.342
2.344
2.344
2.345
2.346
2.346
2.346
2.346
2.350
2.350
2.352
2.352
2.353
2.354
2.355
2.356
2.356
2.357
2.358
2.358
2.360
2.362
2.363
2.363
2.363
2.364
2.366
2.366
2.367
2.368
2.369
2.371
2.372
2.374
2.377
2.377
2.377
2.378
2.379
2.380
2.382
2.382
2.383
2.383
2.384
2.385
2.385
2.385
2.386
2.387
2.387
2.388
2.389
2.390
2.390
2.390
2.391
2.393
2.395
2.395
2.396
2.397
2.398
2.398
2.399
2.403
2.404
2.404
2.405
2.405
2.405
2.406
2.407
2.407
2.409
2.409
2.409
2.409
2.410
2.410
2.410
2.410
2.410
2.410
2.410
2.411
2.412
2.413
2.413
2.415
2.415
2.416
2.417
2.417
2.417
2.417
2.417
2.417
2.418
2.418
2.419
2.419
2.420
2.420
2.421
2.422
2.422
2.423
2.423
2.425
2.426
2.427
2.427
2.427
2.427
2.427
2.428
2.428
2.428
2.429
2.429
2.429
2.430
2.431
2.431
2.433
2.434
2.434
2.434
2.434
2.435
2.436
2.438
2.438
2.439
2.439
2.440
2.441
2.441
2.442
2.443
2.443
2.444
2.444
2.445
2.445
2.445
2.445
2.445
2.446
2.446
2.447
2.448
2.449
2.449
2.449
2.450
2.451
2.452
2.452
2.453
2.454
2.455
2.456
2.457
2.457
2.458
2.458
2.458
2.459
2.459
2.459
2.459
2.460
2.461
2.461
2.463
2.463
2.464
2.464
2.465
2.465
2.466
2.467
2.467
2.467
2.467
2.467
2.468
2.468
2.469
2.469
2.469
2.470
2.470
2.471
2.472
2.472
2.473
2.474
2.474
2.475
2.476
2.476
2.477
2.477
2.477
2.478
2.478
2.479
2.480
2.480
2.481
2.481
2.481
2.481
2.482
2.482
2.482
2.484
2.486
2.486
2.486
2.487
2.488
2.488
2.490
2.490
2.490
2.490
2.491
2.491
2.491
2.492
2.492
2.493
2.493
2.493
2.493
2.494
2.495
2.496
2.497
2.497
2.498
2.498
2.502
2.502
2.502
2.502
2.503
2.504
2.506
2.506
2.507
2.508
2.508
2.508
2.509
2.509
2.509
2.510
2.510
2.510
2.514
2.515
2.517
2.518
2.518
2.519
2.520
2.520
2.520
2.521
2.521
2.523
2.523
2.523
2.523
2.524
2.524
2.524
2.525
2.525
2.526
2.526
2.528
2.528
2.528
2.528
2.529
2.529
2.530
2.531
2.531
2.531
2.532
2.533
2.533
2.533
2.533
2.533
2.535
2.535
2.535
2.537
2.537
2.538
2.539
2.539
2.539
2.539
2.540
2.540
2.540
2.541
2.542
2.542
2.542
2.542
2.543
2.544
2.544
2.544
2.544
2.544
2.545
2.545
2.546
2.546
2.546
2.546
2.547
2.547
2.548
2.548
2.548
2.549
2.549
2.550
2.550
2.550
2.550
2.550
2.551
2.552
2.552
2.552
2.553
2.553
2.553
2.554
2.554
2.554
2.554
2.555
2.556
2.556
2.557
2.558
2.558
2.559
2.560
2.561
2.561
2.562
2.563
2.563
2.563
2.564
2.565
2.566
2.567
2.567
2.567
2.567
2.569
2.570
2.570
2.570
2.571
2.571
2.572
2.572
2.573
2.573
2.574
2.575
2.576
2.576
2.577
2.578
2.580
2.580
2.581
2.581
2.581
2.582
2.583
2.584
2.585
2.586
2.586
2.587
2.588
2.588
2.589
2.589
2.590
2.590
2.590
2.591
2.592
2.592
2.592
2.594
2.595
2.595
2.595
2.596
2.597
2.598
2.598
2.599
2.599
2.599
2.603
2.604
2.604
2.605
2.605
2.606
2.607
2.607
2.607
2.607
2.608
2.609
2.612
2.612
2.612
2.613
2.613
2.614
2.614
2.615
2.616
2.618
2.619
2.619
2.620
2.621
2.622
2.622
2.623
2.625
2.625
2.626
2.628
2.629
2.629
2.629
2.629
2.630
2.632
2.632
2.633
2.635
2.635
2.635
2.636
2.636
2.636
2.637
2.638
2.638
2.640
2.640
2.641
2.641
2.642
2.642
2.643
2.645
2.646
2.647
2.648
2.648
2.648
2.649
2.651
2.653
2.654
2.654
2.655
2.656
2.659
2.659
2.659
2.659
2.661
2.662
2.662
2.662
2.662
2.664
2.665
2.665
2.666
2.666
2.667
2.667
2.668
2.669
2.670
2.671
2.672
2.673
2.673
2.673
2.674
2.674
2.674
2.674
2.676
2.676
2.676
2.678
2.679
2.682
2.682
2.682
2.685
2.685
2.686
2.687
2.687
2.687
2.688
2.689
2.693
2.693
2.693
2.695
2.695
2.696
2.696
2.697
2.697
2.698
2.699
2.699
2.705
2.706
2.710
2.713
2.713
2.715
2.715
2.716
2.716
2.717
2.718
2.719
2.721
2.722
2.725
2.726
2.727
2.729
2.730
2.731
2.732
2.732
2.735
2.735
2.736
2.738
2.740
2.740
2.744
2.744
2.745
2.746
2.748
2.748
2.749
2.750
2.750
2.751
2.751
2.756
2.758
2.761
2.765
2.765
2.769
2.781
2.781
2.787
2.790
2.790
2.792
2.793
2.796
2.796
2.801
2.801
2.804
2.805
2.806
2.807
2.807
2.807
2.808
2.822
2.824
2.830
2.831
2.831
2.840
2.843
2.845
2.852
2.856
2.861
2.889
2.890
2.915
2.917
2.928
2.934
2.942
3.017
3.020
