2.173
2.290
2.318
2.351
2.353
2.355
2.367
2.370
2.370
2.374
2.380
2.385
2.392
2.396
2.410
2.414
2.416
2.416
2.417
2.417
2.421
2.425
2.426
2.433
2.435
2.435
2.442
2.446
2.447
2.447
2.448
2.450
2.452
2.453
2.455
2.457
2.459
2.461
2.464
2.465
2.465
2.470
2.471
2.473
2.475
2.475
2.476
2.477
2.478
2.480
2.481
2.482
2.482
2.483
2.484
2.485
2.486
2.487
2.488
2.489
2.490
2.492
2.494
2.496
2.498
2.499
2.501
2.506
2.509
2.511
2.511
2.514
2.514
2.515
2.516
2.517
2.519
2.519
2.520
2.521
2.522
2.524
2.527
2.527
2.528
2.528
2.530
2.532
2.536
2.536
2.538
2.540
2.541
2.541
2.541
2.544
2.545
2.546
2.547
2.549
2.551
2.551
2.553
2.553
2.554
2.554
2.555
2.555
2.556
2.556
2.557
2.557
2.559
2.559
2.561
2.563
2.563
2.564
2.566
2.568
2.568
2.568
2.569
2.571
2.572
2.573
2.573
2.573
2.573
2.574
2.574
2.576
2.576
2.576
2.577
2.578
2.578
2.578
2.583
2.585
2.586
2.587
2.588
2.588
2.590
2.594
2.596
2.596
2.596
2.598
2.598
2.599
2.599
2.600
2.600
2.601
2.603
2.604
2.604
2.604
2.605
2.606
2.606
2.606
2.608
2.608
2.608
2.608
2.609
2.609
2.609
2.611
2.611
2.611
2.611
2.612
2.613
2.614
2.614
2.614
2.615
2.616
2.616
2.616
2.617
2.617
2.617
2.618
2.618
2.618
2.618
2.619
2.620
2.621
2.622
2.622
2.622
2.623
2.625
2.625
2.625
2.627
2.628
2.628
2.628
2.629
2.629
2.630
2.630
2.630
2.630
2.630
2.631
2.631
2.631
2.631
2.632
2.634
2.634
2.635
2.636
2.636
2.637
2.637
2.637
2.637
2.638
2.638
2.638
2.639
2.639
2.639
2.639
2.639
2.639
2.640
2.641
2.641
2.642
2.642
2.643
2.643
2.643
2.645
2.645
2.647
2.648
2.648
2.648
2.649
2.651
2.652
2.654
2.655
2.655
2.656
2.656
2.657
2.657
2.657
2.657
2.657
2.658
2.658
2.659
2.659
2.660
2.660
2.661
2.661
2.662
2.662
2.663
2.664
2.664
2.664
2.666
2.666
2.666
2.667
2.669
2.669
2.669
2.672
2.673
2.673
2.673
2.673
2.674
2.675
2.675
2.675
2.675
2.675
2.676
2.677
2.678
2.678
2.678
2.679
2.680
2.680
2.680
2.680
2.680
2.681
2.681
2.683
2.683
2.683
2.684
2.684
2.685
2.686
2.687
2.687
2.688
2.688
2.688
2.688
2.689
2.689
2.689
2.690
2.691
2.691
2.691
2.692
2.693
2.693
2.693
2.694
2.694
2.695
2.696
2.696
2.697
2.697
2.697
2.697
2.697
2.697
2.698
2.699
2.699
2.700
2.701
2.701
2.701
2.701
2.701
2.702
2.702
2.703
2.706
2.706
2.707
2.707
2.707
2.707
2.707
2.708
2.708
2.709
2.709
2.710
2.710
2.710
2.711
2.711
2.711
2.713
2.714
2.715
2.716
2.716
2.716
2.717
2.717
2.718
2.718
2.718
2.719
2.720
2.720
2.721
2.721
2.721
2.721
2.721
2.721
2.722
2.722
2.722
2.723
2.726
2.726
2.726
2.727
2.728
2.730
2.732
2.732
2.732
2.732
2.732
2.733
2.733
2.735
2.735
2.735
2.736
2.737
2.737
2.737
2.738
2.738
2.738
2.739
2.739
2.739
2.740
2.741
2.741
2.741
2.741
2.741
2.742
2.743
2.743
2.743
2.744
2.744
2.744
2.745
2.745
2.746
2.746
2.747
2.748
2.748
2.749
2.750
2.750
2.750
2.751
2.752
2.752
2.754
2.754
2.756
2.757
2.758
2.759
2.760
2.761
2.761
2.762
2.762
2.763
2.763
2.764
2.764
2.764
2.764
2.764
2.765
2.765
2.765
2.765
2.765
2.766
2.766
2.767
2.767
2.768
2.769
2.769
2.770
2.770
2.771
2.772
2.772
2.773
2.775
2.775
2.775
2.776
2.776
2.778
2.778
2.779
2.779
2.779
2.780
2.780
2.781
2.781
2.782
2.782
2.782
2.783
2.783
2.784
2.784
2.785
2.785
2.786
2.786
2.786
2.787
2.788
2.788
2.789
2.789
2.789
2.790
2.791
2.792
2.792
2.792
2.793
2.794
2.796
2.796
2.797
2.798
2.798
2.798
2.798
2.800
2.801
2.801
2.802
2.803
2.803
2.804
2.804
2.804
2.805
2.806
2.806
2.806
2.807
2.808
2.808
2.808
2.809
2.810
2.811
2.812
2.812
2.812
2.813
2.814
2.816
2.817
2.817
2.817
2.819
2.819
2.820
2.821
2.821
2.821
2.821
2.823
2.823
2.824
2.824
2.825
2.825
2.829
2.829
2.829
2.829
2.830
2.830
2.832
2.832
2.833
2.833
2.833
2.833
2.834
2.837
2.838
2.839
2.839
2.839
2.840
2.841
2.841
2.841
2.841
2.843
2.843
2.846
2.847
2.847
2.848
2.849
2.850
2.851
2.852
2.854
2.854
2.855
2.856
2.856
2.857
2.858
2.860
2.863
2.863
2.867
2.867
2.870
2.871
2.871
2.872
2.873
2.873
2.873
2.874
2.875
2.875
2.875
2.875
2.876
2.881
2.882
2.885
2.885
2.888
2.891
2.891
2.892
2.892
2.894
2.895
2.896
2.896
2.897
2.897
2.898
2.899
2.901
2.902
2.905
2.907
2.909
2.910
2.911
2.911
2.914
2.915
2.918
2.918
2.921
2.923
2.924
2.925
2.928
2.929
2.929
2.930
2.931
2.934
2.936
2.937
2.938
2.938
2.943
2.943
2.945
2.946
2.948
2.952
2.957
2.957
2.965
2.967
2.968
2.968
2.970
2.971
2.972
2.977
2.978
2.980
2.981
2.982
2.991
2.992
2.995
2.995
2.996
2.997
3.003
3.015
3.017
3.024
3.026
3.031
3.040
3.040
3.040
3.042
3.044
3.050
3.056
3.065
3.066
3.079
3.086
3.094
3.100
3.102
3.150
3.165
3.215
