2.038
2.053
2.068
2.095
2.106
2.118
2.138
2.145
2.149
2.151
2.152
2.159
2.162
2.165
2.174
2.175
2.177
2.185
2.186
2.187
2.187
2.190
2.190
2.191
2.191
2.194
2.195
2.198
2.201
2.201
2.201
2.204
2.207
2.207
2.207
2.210
2.211
2.213
2.214
2.215
2.220
2.220
2.222
2.222
2.222
2.223
2.225
2.227
2.227
2.227
2.228
2.230
2.230
2.231
2.232
2.234
2.236
2.236
2.236
2.237
2.238
2.239
2.239
2.240
2.241
2.241
2.242
2.243
2.244
2.245
2.245
2.246
2.246
2.247
2.248
2.249
2.249
2.250
2.250
2.250
2.250
2.250
2.251
2.251
2.252
2.252
2.252
2.252
2.254
2.254
2.255
2.255
2.256
2.256
2.256
2.257
2.257
2.258
2.258
2.258
2.258
2.258
2.259
2.260
2.260
2.262
2.262
2.262
2.263
2.264
2.265
2.265
2.266
2.266
2.267
2.267
2.268
2.271
2.271
2.271
2.271
2.272
2.272
2.272
2.273
2.273
2.273
2.274
2.274
2.277
2.278
2.279
2.281
2.283
2.284
2.284
2.285
2.285
2.287
2.287
2.288
2.288
2.288
2.288
2.289
2.290
2.290
2.290
2.290
2.290
2.291
2.291
2.293
2.293
2.293
2.294
2.294
2.294
2.295
2.295
2.296
2.296
2.297
2.298
2.299
2.300
2.300
2.301
2.302
2.302
2.303
2.304
2.304
2.304
2.304
2.307
2.307
2.307
2.308
2.308
2.308
2.309
2.309
2.309
2.309
2.310
2.311
2.312
2.313
2.313
2.314
2.315
2.315
2.316
2.316
2.316
2.316
2.316
2.317
2.317
2.318
2.318
2.318
2.319
2.319
2.319
2.322
2.323
2.323
2.324
2.325
2.325
2.325
2.326
2.326
2.327
2.327
2.327
2.328
2.329
2.329
2.329
2.329
2.329
2.329
2.330
2.330
2.330
2.331
2.331
2.331
2.332
2.332
2.332
2.334
2.334
2.334
2.335
2.335
2.335
2.337
2.337
2.337
2.337
2.338
2.339
2.340
2.341
2.341
2.343
2.344
2.344
2.345
2.345
2.345
2.345
2.345
2.346
2.346
2.347
2.347
2.347
2.347
2.348
2.348
2.348
2.348
2.349
2.350
2.350
2.351
2.351
2.351
2.352
2.353
2.354
2.354
2.354
2.354
2.355
2.356
2.356
2.357
2.357
2.358
2.358
2.359
2.359
2.359
2.360
2.361
2.361
2.363
2.363
2.364
2.365
2.366
2.366
2.367
2.368
2.368
2.368
2.369
2.369
2.369
2.370
2.370
2.371
2.371
2.371
2.372
2.372
2.372
2.372
2.372
2.372
2.372
2.373
2.373
2.373
2.373
2.374
2.374
2.375
2.376
2.376
2.376
2.376
2.377
2.377
2.377
2.378
2.378
2.380
2.380
2.380
2.382
2.382
2.382
2.382
2.382
2.384
2.384
2.384
2.385
2.385
2.386
2.387
2.387
2.388
2.388
2.389
2.392
2.392
2.392
2.393
2.393
2.394
2.394
2.394
2.395
2.395
2.396
2.397
2.398
2.398
2.398
2.398
2.399
2.400
2.400
2.400
2.401
2.401
2.401
2.401
2.402
2.402
2.402
2.403
2.403
2.404
2.404
2.404
2.404
2.404
2.404
2.404
2.405
2.405
2.405
2.406
2.406
2.406
2.406
2.406
2.407
2.407
2.408
2.408
2.408
2.409
2.409
2.410
2.411
2.411
2.412
2.412
2.412
2.413
2.413
2.413
2.414
2.414
2.414
2.414
2.415
2.415
2.416
2.416
2.417
2.417
2.417
2.417
2.417
2.417
2.418
2.419
2.419
2.420
2.420
2.420
2.421
2.421
2.421
2.422
2.422
2.423
2.423
2.424
2.425
2.425
2.425
2.425
2.426
2.426
2.427
2.427
2.428
2.428
2.429
2.429
2.429
2.430
2.430
2.430
2.430
2.431
2.431
2.432
2.432
2.432
2.432
2.433
2.433
2.434
2.434
2.435
2.435
2.436
2.437
2.437
2.438
2.438
2.438
2.438
2.439
2.439
2.440
2.441
2.441
2.441
2.441
2.442
2.443
2.444
2.445
2.445
2.446
2.446
2.447
2.448
2.448
2.448
2.449
2.450
2.450
2.451
2.451
2.451
2.451
2.452
2.452
2.453
2.453
2.453
2.454
2.454
2.454
2.454
2.454
2.456
2.456
2.457
2.458
2.458
2.458
2.459
2.460
2.460
2.461
2.461
2.461
2.462
2.462
2.463
2.463
2.464
2.464
2.464
2.465
2.466
2.466
2.467
2.467
2.467
2.468
2.470
2.470
2.470
2.470
2.471
2.471
2.471
2.472
2.473
2.473
2.473
2.474
2.476
2.477
2.479
2.479
2.480
2.480
2.480
2.481
2.481
2.483
2.483
2.484
2.486
2.487
2.487
2.488
2.488
2.490
2.490
2.490
2.490
2.490
2.492
2.492
2.494
2.496
2.497
2.497
2.497
2.497
2.497
2.497
2.497
2.498
2.498
2.500
2.500
2.500
2.501
2.501
2.502
2.502
2.503
2.504
2.504
2.505
2.506
2.506
2.508
2.511
2.512
2.512
2.512
2.513
2.515
2.515
2.516
2.516
2.518
2.518
2.519
2.519
2.520
2.521
2.523
2.523
2.523
2.523
2.526
2.527
2.530
2.530
2.531
2.531
2.532
2.532
2.533
2.533
2.533
2.534
2.535
2.537
2.537
2.537
2.539
2.540
2.542
2.543
2.545
2.546
2.546
2.546
2.546
2.549
2.550
2.552
2.553
2.553
2.553
2.554
2.554
2.554
2.554
2.560
2.561
2.562
2.562
2.563
2.565
2.565
2.566
2.566
2.567
2.568
2.568
2.568
2.569
2.572
2.572
2.573
2.574
2.574
2.575
2.575
2.576
2.577
2.578
2.579
2.579
2.583
2.585
2.586
2.586
2.586
2.594
2.600
2.601
2.601
2.606
2.608
2.611
2.611
2.613
2.616
2.616
2.623
2.623
2.625
2.628
2.630
2.631
2.633
2.636
2.641
2.645
2.649
2.649
2.653
2.656
2.668
2.672
2.676
2.677
2.681
2.682
2.688
2.695
2.735
2.748
2.750
2.769
2.770
2.837
