2.145
2.246
2.268
2.282
2.293
2.307
2.324
2.324
2.332
2.335
2.337
2.338
2.351
2.354
2.361
2.366
2.378
2.381
2.381
2.389
2.393
2.395
2.396
2.397
2.401
2.401
2.402
2.403
2.405
2.406
2.406
2.411
2.411
2.412
2.412
2.415
2.417
2.418
2.419
2.419
2.420
2.422
2.422
2.424
2.424
2.429
2.429
2.429
2.437
2.438
2.439
2.440
2.441
2.443
2.444
2.446
2.448
2.448
2.448
2.449
2.450
2.452
2.454
2.458
2.459
2.464
2.464
2.465
2.466
2.466
2.467
2.468
2.469
2.469
2.470
2.470
2.471
2.472
2.473
2.476
2.476
2.476
2.477
2.477
2.478
2.479
2.479
2.479
2.479
2.480
2.480
2.481
2.482
2.482
2.483
2.484
2.485
2.485
2.485
2.486
2.486
2.486
2.486
2.487
2.487
2.487
2.488
2.489
2.490
2.491
2.491
2.492
2.492
2.492
2.494
2.494
2.496
2.498
2.499
2.499
2.500
2.502
2.503
2.505
2.506
2.507
2.507
2.507
2.511
2.512
2.513
2.514
2.514
2.516
2.517
2.519
2.519
2.519
2.519
2.520
2.521
2.521
2.524
2.525
2.525
2.527
2.527
2.528
2.528
2.529
2.529
2.530
2.531
2.532
2.532
2.532
2.532
2.533
2.534
2.534
2.536
2.536
2.536
2.537
2.537
2.538
2.539
2.539
2.539
2.539
2.540
2.540
2.541
2.541
2.542
2.543
2.546
2.546
2.547
2.547
2.548
2.549
2.549
2.550
2.551
2.552
2.552
2.553
2.554
2.554
2.555
2.555
2.555
2.556
2.556
2.556
2.556
2.557
2.557
2.557
2.557
2.557
2.558
2.558
2.559
2.561
2.561
2.562
2.562
2.563
2.563
2.564
2.564
2.565
2.566
2.567
2.568
2.569
2.569
2.570
2.571
2.573
2.573
2.573
2.574
2.575
2.576
2.576
2.576
2.577
2.577
2.578
2.578
2.578
2.579
2.579
2.579
2.580
2.581
2.582
2.582
2.583
2.584
2.584
2.586
2.587
2.587
2.588
2.588
2.589
2.589
2.589
2.591
2.591
2.592
2.594
2.594
2.595
2.595
2.596
2.596
2.598
2.598
2.598
2.599
2.599
2.599
2.599
2.601
2.601
2.602
2.602
2.602
2.602
2.602
2.603
2.604
2.604
2.604
2.604
2.605
2.605
2.605
2.605
2.607
2.607
2.607
2.607
2.607
2.608
2.608
2.608
2.608
2.609
2.609
2.609
2.612
2.612
2.612
2.613
2.613
2.613
2.613
2.615
2.615
2.615
2.616
2.616
2.617
2.617
2.617
2.618
2.619
2.620
2.620
2.621
2.621
2.622
2.623
2.623
2.624
2.625
2.625
2.626
2.627
2.627
2.627
2.628
2.629
2.629
2.630
2.630
2.631
2.632
2.632
2.632
2.633
2.633
2.634
2.634
2.635
2.636
2.636
2.637
2.637
2.637
2.638
2.638
2.638
2.639
2.640
2.640
2.640
2.641
2.641
2.641
2.641
2.642
2.644
2.644
2.645
2.645
2.646
2.647
2.648
2.648
2.648
2.648
2.648
2.648
2.649
2.649
2.649
2.649
2.650
2.650
2.651
2.652
2.652
2.653
2.653
2.654
2.654
2.654
2.655
2.656
2.656
2.656
2.656
2.656
2.657
2.658
2.658
2.658
2.658
2.658
2.659
2.659
2.659
2.660
2.660
2.660
2.660
2.661
2.662
2.662
2.662
2.662
2.662
2.663
2.663
2.663
2.664
2.664
2.664
2.665
2.667
2.667
2.668
2.668
2.669
2.670
2.671
2.672
2.672
2.672
2.672
2.672
2.673
2.673
2.675
2.675
2.675
2.676
2.677
2.678
2.678
2.680
2.680
2.680
2.680
2.680
2.680
2.681
2.681
2.681
2.682
2.682
2.683
2.684
2.684
2.685
2.685
2.685
2.686
2.686
2.687
2.687
2.687
2.688
2.690
2.691
2.692
2.692
2.693
2.693
2.693
2.694
2.694
2.694
2.694
2.694
2.694
2.694
2.696
2.696
2.697
2.697
2.698
2.698
2.698
2.699
2.699
2.699
2.699
2.699
2.700
2.700
2.701
2.703
2.704
2.705
2.706
2.706
2.706
2.707
2.707
2.707
2.708
2.708
2.708
2.709
2.711
2.711
2.711
2.712
2.713
2.716
2.716
2.717
2.717
2.717
2.718
2.718
2.719
2.721
2.721
2.723
2.724
2.725
2.725
2.725
2.725
2.726
2.726
2.727
2.728
2.729
2.729
2.729
2.729
2.730
2.731
2.731
2.731
2.732
2.734
2.734
2.735
2.735
2.736
2.736
2.737
2.738
2.739
2.740
2.740
2.741
2.742
2.742
2.743
2.743
2.743
2.743
2.743
2.744
2.744
2.744
2.744
2.744
2.745
2.746
2.746
2.747
2.747
2.748
2.748
2.748
2.748
2.750
2.751
2.751
2.751
2.752
2.753
2.753
2.754
2.758
2.759
2.759
2.761
2.763
2.764
2.764
2.764
2.765
2.765
2.765
2.765
2.766
2.767
2.767
2.769
2.770
2.771
2.773
2.775
2.775
2.777
2.778
2.778
2.779
2.781
2.781
2.781
2.783
2.783
2.785
2.787
2.788
2.791
2.791
2.791
2.794
2.794
2.796
2.798
2.798
2.798
2.798
2.801
2.804
2.804
2.808
2.809
2.810
2.810
2.811
2.812
2.813
2.813
2.815
2.815
2.816
2.818
2.818
2.819
2.819
2.819
2.820
2.820
2.821
2.824
2.829
2.829
2.829
2.830
2.833
2.833
2.835
2.836
2.837
2.838
2.841
2.843
2.845
2.845
2.846
2.848
2.848
2.848
2.850
2.851
2.853
2.854
2.857
2.858
2.864
2.864
2.865
2.865
2.866
2.867
2.869
2.871
2.873
2.879
2.881
2.882
2.883
2.886
2.888
2.889
2.891
2.894
2.897
2.897
2.898
2.899
2.903
2.903
2.904
2.904
2.906
2.908
2.913
2.913
2.915
2.916
2.919
2.923
2.924
2.926
2.926
2.933
2.933
2.941
2.949
2.959
2.965
2.975
2.995
2.997
3.012
3.013
3.027
3.036
3.038
3.047
3.072
3.116
3.162
