1.776
1.794
1.805
1.805
1.809
1.813
1.817
1.824
1.846
1.855
1.856
1.860
1.862
1.863
1.863
1.864
1.867
1.867
1.869
1.871
1.872
1.874
1.874
1.881
1.884
1.888
1.890
1.895
1.896
1.896
1.897
1.897
1.898
1.899
1.899
1.899
1.902
1.902
1.903
1.904
1.907
1.908
1.909
1.910
1.915
1.915
1.917
1.917
1.918
1.920
1.921
1.922
1.923
1.924
1.924
1.924
1.924
1.924
1.924
1.925
1.926
1.927
1.928
1.931
1.931
1.932
1.933
1.933
1.933
1.935
1.937
1.937
1.937
1.937
1.937
1.938
1.941
1.941
1.942
1.942
1.943
1.944
1.944
1.944
1.944
1.945
1.946
1.946
1.947
1.948
1.951
1.952
1.952
1.953
1.954
1.954
1.954
1.955
1.957
1.958
1.962
1.962
1.962
1.964
1.966
1.966
1.968
1.968
1.968
1.968
1.968
1.970
1.970
1.970
1.970
1.972
1.972
1.972
1.973
1.974
1.974
1.975
1.975
1.977
1.977
1.978
1.978
1.979
1.980
1.981
1.981
1.982
1.984
1.984
1.984
1.985
1.985
1.985
1.985
1.986
1.987
1.987
1.987
1.988
1.988
1.989
1.990
1.990
1.991
1.991
1.991
1.992
1.993
1.993
1.994
1.995
1.995
1.996
1.997
1.998
1.998
1.998
1.998
1.999
1.999
2.000
2.000
2.000
2.001
2.002
2.003
2.003
2.004
2.005
2.005
2.006
2.007
2.008
2.008
2.008
2.008
2.008
2.008
2.008
2.009
2.009
2.009
2.009
2.010
2.010
2.010
2.012
2.012
2.013
2.013
2.013
2.014
2.014
2.014
2.016
2.016
2.016
2.016
2.017
2.017
2.018
2.018
2.019
2.019
2.020
2.020
2.021
2.021
2.022
2.022
2.022
2.023
2.023
2.023
2.024
2.025
2.025
2.026
2.026
2.026
2.026
2.027
2.027
2.028
2.028
2.028
2.029
2.029
2.030
2.030
2.031
2.031
2.032
2.033
2.033
2.033
2.033
2.034
2.034
2.034
2.034
2.035
2.035
2.036
2.036
2.036
2.036
2.036
2.036
2.036
2.037
2.038
2.038
2.038
2.039
2.039
2.039
2.039
2.039
2.040
2.040
2.040
2.040
2.041
2.041
2.042
2.042
2.042
2.042
2.043
2.043
2.043
2.044
2.044
2.044
2.045
2.045
2.045
2.045
2.045
2.045
2.046
2.046
2.046
2.047
2.047
2.048
2.048
2.049
2.050
2.050
2.051
2.051
2.051
2.052
2.053
2.053
2.054
2.054
2.055
2.055
2.056
2.057
2.058
2.058
2.059
2.059
2.060
2.060
2.061
2.061
2.062
2.062
2.062
2.062
2.063
2.063
2.064
2.064
2.064
2.064
2.066
2.067
2.067
2.067
2.068
2.068
2.068
2.068
2.069
2.069
2.070
2.071
2.071
2.071
2.071
2.072
2.072
2.072
2.074
2.074
2.075
2.075
2.076
2.076
2.076
2.076
2.076
2.077
2.077
2.077
2.077
2.078
2.079
2.080
2.082
2.082
2.083
2.083
2.083
2.084
2.084
2.084
2.085
2.085
2.086
2.086
2.086
2.086
2.087
2.087
2.087
2.088
2.088
2.088
2.089
2.089
2.090
2.090
2.090
2.090
2.090
2.090
2.090
2.091
2.091
2.093
2.093
2.093
2.093
2.093
2.093
2.094
2.094
2.096
2.097
2.097
2.098
2.098
2.099
2.099
2.099
2.099
2.100
2.100
2.101
2.101
2.101
2.101
2.102
2.102
2.102
2.102
2.103
2.103
2.104
2.104
2.106
2.106
2.107
2.107
2.107
2.108
2.108
2.109
2.109
2.110
2.110
2.110
2.110
2.110
2.111
2.112
2.112
2.112
2.113
2.113
2.114
2.114
2.115
2.115
2.115
2.115
2.116
2.116
2.116
2.116
2.116
2.117
2.117
2.117
2.117
2.118
2.118
2.118
2.118
2.118
2.119
2.119
2.120
2.120
2.121
2.121
2.121
2.121
2.122
2.122
2.122
2.123
2.124
2.124
2.124
2.124
2.124
2.125
2.125
2.125
2.127
2.127
2.127
2.128
2.129
2.129
2.129
2.130
2.130
2.130
2.130
2.131
2.131
2.132
2.133
2.133
2.133
2.133
2.133
2.134
2.134
2.135
2.135
2.135
2.137
2.137
2.137
2.138
2.138
2.138
2.139
2.140
2.140
2.140
2.140
2.140
2.140
2.141
2.142
2.143
2.143
2.144
2.144
2.144
2.145
2.145
2.146
2.146
2.146
2.146
2.146
2.146
2.146
2.147
2.147
2.148
2.151
2.151
2.151
2.152
2.152
2.152
2.152
2.153
2.154
2.154
2.155
2.155
2.156
2.156
2.157
2.157
2.157
2.158
2.158
2.159
2.159
2.160
2.160
2.162
2.162
2.166
2.166
2.166
2.166
2.167
2.168
2.169
2.170
2.170
2.170
2.171
2.171
2.172
2.173
2.173
2.173
2.174
2.174
2.175
2.175
2.176
2.177
2.177
2.177
2.178
2.178
2.179
2.179
2.180
2.181
2.181
2.181
2.182
2.183
2.184
2.184
2.185
2.186
2.187
2.188
2.190
2.190
2.190
2.190
2.192
2.192
2.193
2.193
2.193
2.194
2.195
2.196
2.196
2.196
2.197
2.198
2.199
2.199
2.200
2.200
2.201
2.201
2.202
2.202
2.203
2.204
2.204
2.205
2.207
2.207
2.208
2.209
2.209
2.209
2.210
2.210
2.211
2.213
2.213
2.214
2.216
2.216
2.216
2.217
2.220
2.222
2.223
2.224
2.226
2.227
2.227
2.228
2.228
2.229
2.230
2.231
2.231
2.232
2.232
2.233
2.234
2.235
2.235
2.237
2.238
2.238
2.239
2.239
2.241
2.241
2.242
2.242
2.243
2.244
2.246
2.247
2.255
2.255
2.256
2.256
2.259
2.260
2.263
2.264
2.264
2.265
2.266
2.269
2.269
2.271
2.272
2.274
2.276
2.277
2.284
2.284
2.285
2.285
2.288
2.291
2.291
2.291
2.293
2.293
2.297
2.302
2.303
2.309
2.311
2.317
2.321
2.321
2.334
2.342
2.342
2.368
2.387
2.421
2.436
