2.019
2.034
2.036
2.050
2.073
2.075
2.086
2.098
2.098
2.100
2.100
2.111
2.115
2.127
2.131
2.132
2.137
2.138
2.145
2.147
2.152
2.166
2.166
2.167
2.175
2.177
2.177
2.184
2.187
2.190
2.192
2.197
2.198
2.203
2.204
2.207
2.212
2.214
2.214
2.218
2.225
2.228
2.229
2.230
2.241
2.243
2.246
2.250
2.251
2.255
2.256
2.258
2.259
2.262
2.264
2.271
2.274
2.274
2.279
2.280
2.281
2.283
2.284
2.284
2.284
2.286
2.287
2.293
2.295
2.295
2.300
2.302
2.307
2.311
2.313
2.314
2.316
2.316
2.318
2.321
2.321
2.330
2.337
2.341
2.342
2.343
2.345
2.352
2.357
2.357
2.358
2.359
2.361
2.363
2.363
2.365
2.365
2.367
2.369
2.375
2.376
2.377
2.377
2.379
2.382
2.382
2.384
2.384
2.385
2.385
2.387
2.388
2.388
2.389
2.390
2.391
2.391
2.391
2.392
2.395
2.395
2.396
2.397
2.398
2.400
2.404
2.404
2.407
2.408
2.408
2.408
2.409
2.410
2.413
2.413
2.414
2.415
2.415
2.416
2.418
2.422
2.426
2.426
2.429
2.430
2.433
2.435
2.437
2.438
2.441
2.441
2.443
2.444
2.445
2.446
2.447
2.450
2.451
2.452
2.452
2.452
2.455
2.456
2.457
2.458
2.459
2.460
2.462
2.464
2.465
2.467
2.467
2.468
2.470
2.474
2.475
2.477
2.480
2.480
2.482
2.483
2.484
2.485
2.486
2.488
2.488
2.491
2.491
2.494
2.495
2.496
2.496
2.496
2.497
2.497
2.500
2.500
2.501
2.502
2.505
2.508
2.509
2.510
2.510
2.512
2.513
2.515
2.518
2.523
2.524
2.524
2.524
2.526
2.527
2.528
2.528
2.528
2.529
2.531
2.532
2.532
2.533
2.534
2.535
2.537
2.540
2.543
2.545
2.546
2.547
2.549
2.550
2.551
2.551
2.556
2.560
2.560
2.563
2.565
2.565
2.566
2.568
2.571
2.572
2.575
2.577
2.581
2.581
2.582
2.583
2.584
2.585
2.587
2.591
2.592
2.594
2.594
2.597
2.600
2.600
2.600
2.601
2.604
2.605
2.605
2.606
2.608
2.610
2.611
2.612
2.612
2.613
2.616
2.617
2.619
2.620
2.623
2.624
2.624
2.624
2.626
2.627
2.627
2.628
2.628
2.629
2.630
2.630
2.630
2.630
2.631
2.631
2.631
2.634
2.635
2.638
2.639
2.639
2.640
2.640
2.640
2.641
2.641
2.641
2.644
2.645
2.647
2.648
2.648
2.649
2.649
2.650
2.650
2.651
2.651
2.653
2.654
2.655
2.656
2.656
2.657
2.659
2.659
2.661
2.663
2.666
2.667
2.667
2.671
2.671
2.672
2.674
2.674
2.675
2.676
2.677
2.677
2.677
2.678
2.679
2.680
2.681
2.681
2.682
2.683
2.685
2.687
2.690
2.690
2.694
2.694
2.694
2.700
2.700
2.701
2.703
2.703
2.705
2.706
2.706
2.708
2.709
2.709
2.711
2.712
2.713
2.713
2.714
2.715
2.716
2.717
2.720
2.721
2.721
2.723
2.723
2.724
2.726
2.726
2.728
2.729
2.732
2.734
2.735
2.736
2.738
2.738
2.742
2.744
2.745
2.746
2.746
2.747
2.747
2.747
2.752
2.752
2.753
2.753
2.755
2.757
2.760
2.760
2.761
2.761
2.761
2.762
2.762
2.762
2.765
2.765
2.766
2.766
2.766
2.767
2.768
2.769
2.769
2.772
2.773
2.773
2.773
2.774
2.776
2.777
2.777
2.778
2.784
2.784
2.785
2.786
2.786
2.786
2.787
2.788
2.788
2.788
2.791
2.792
2.793
2.795
2.795
2.796
2.798
2.798
2.800
2.800
2.801
2.803
2.804
2.808
2.808
2.808
2.808
2.809
2.810
2.810
2.811
2.813
2.813
2.816
2.817
2.817
2.820
2.822
2.823
2.824
2.825
2.826
2.827
2.827
2.828
2.829
2.829
2.830
2.831
2.831
2.832
2.832
2.833
2.835
2.839
2.841
2.843
2.845
2.846
2.846
2.846
2.846
2.847
2.848
2.851
2.852
2.854
2.858
2.860
2.861
2.862
2.863
2.864
2.866
2.868
2.869
2.869
2.872
2.874
2.875
2.876
2.876
2.876
2.880
2.880
2.881
2.881
2.882
2.882
2.884
2.885
2.886
2.886
2.887
2.892
2.892
2.894
2.896
2.897
2.900
2.902
2.903
2.904
2.905
2.905
2.907
2.907
2.909
2.910
2.911
2.913
2.915
2.915
2.916
2.916
2.917
2.917
2.918
2.918
2.921
2.921
2.923
2.923
2.924
2.925
2.927
2.927
2.927
2.927
2.934
2.937
2.937
2.940
2.940
2.940
2.942
2.942
2.943
2.946
2.946
2.947
2.947
2.949
2.949
2.951
2.957
2.958
2.960
2.960
2.961
2.965
2.965
2.966
2.967
2.968
2.974
2.976
2.977
2.978
2.979
2.981
2.982
2.983
2.983
2.984
2.986
2.991
2.991
2.992
2.995
2.999
3.002
3.003
3.004
3.005
3.009
3.009
3.009
3.011
3.014
3.014
3.015
3.016
3.017
3.018
3.019
3.019
3.027
3.029
3.031
3.033
3.038
3.043
3.043
3.049
3.050
3.052
3.053
3.055
3.055
3.057
3.062
3.067
3.068
3.070
3.073
3.077
3.078
3.079
3.080
3.086
3.093
3.095
3.095
3.098
3.101
3.101
3.103
3.108
3.109
3.111
3.111
3.115
3.116
3.117
3.121
3.121
3.123
3.126
3.129
3.130
3.133
3.135
3.140
3.141
3.143
3.144
3.148
3.151
3.159
3.161
3.163
3.163
3.164
3.166
3.170
3.174
3.177
3.185
3.197
3.198
3.199
3.202
3.203
3.204
3.205
3.206
3.206
3.208
3.209
3.212
3.213
3.217
3.220
3.228
3.229
3.231
3.237
3.239
3.241
3.257
3.258
3.259
3.264
3.270
3.279
3.279
3.279
3.281
3.284
3.301
3.304
3.308
3.320
3.335
3.342
3.381
3.384
3.385
3.390
3.393
3.394
3.397
3.402
3.472
