2.454
2.480
2.484
2.505
2.547
2.555
2.565
2.595
2.595
2.599
2.606
2.612
2.629
2.646
2.655
2.661
2.662
2.669
2.671
2.674
2.676
2.680
2.693
2.694
2.695
2.702
2.705
2.705
2.708
2.710
2.712
2.714
2.718
2.720
2.724
2.731
2.731
2.736
2.741
2.745
2.745
2.745
2.745
2.760
2.765
2.774
2.775
2.781
2.782
2.782
2.783
2.786
2.787
2.788
2.796
2.797
2.801
2.804
2.804
2.805
2.807
2.808
2.812
2.815
2.818
2.824
2.824
2.825
2.827
2.832
2.834
2.834
2.835
2.838
2.839
2.841
2.841
2.842
2.843
2.844
2.844
2.845
2.846
2.850
2.852
2.853
2.854
2.855
2.856
2.856
2.856
2.858
2.859
2.860
2.860
2.861
2.864
2.866
2.866
2.868
2.872
2.872
2.873
2.874
2.875
2.875
2.877
2.880
2.883
2.883
2.886
2.886
2.887
2.887
2.888
2.891
2.892
2.892
2.893
2.894
2.894
2.895
2.896
2.896
2.898
2.899
2.900
2.902
2.902
2.906
2.906
2.907
2.908
2.909
2.909
2.909
2.911
2.914
2.914
2.914
2.915
2.915
2.915
2.915
2.915
2.918
2.919
2.920
2.921
2.922
2.922
2.923
2.926
2.927
2.928
2.928
2.929
2.930
2.938
2.940
2.941
2.943
2.943
2.946
2.949
2.950
2.950
2.952
2.953
2.953
2.953
2.955
2.955
2.956
2.956
2.957
2.962
2.962
2.964
2.964
2.968
2.969
2.970
2.970
2.971
2.972
2.974
2.975
2.977
2.979
2.981
2.982
2.982
2.987
2.989
2.989
2.990
2.992
2.993
2.995
2.995
2.996
2.996
2.997
2.998
2.999
2.999
3.000
3.000
3.000
3.001
3.002
3.002
3.002
3.003
3.005
3.005
3.006
3.007
3.009
3.010
3.010
3.012
3.013
3.015
3.015
3.016
3.017
3.020
3.022
3.023
3.026
3.026
3.027
3.031
3.033
3.034
3.034
3.036
3.036
3.039
3.039
3.040
3.041
3.041
3.042
3.042
3.043
3.043
3.044
3.044
3.045
3.046
3.047
3.050
3.050
3.051
3.051
3.053
3.054
3.055
3.055
3.057
3.058
3.061
3.061
3.061
3.063
3.064
3.064
3.065
3.065
3.066
3.066
3.067
3.067
3.070
3.071
3.077
3.077
3.078
3.079
3.079
3.079
3.079
3.083
3.083
3.083
3.086
3.087
3.087
3.087
3.087
3.088
3.088
3.090
3.090
3.091
3.091
3.091
3.091
3.092
3.093
3.094
3.094
3.095
3.095
3.095
3.096
3.097
3.098
3.099
3.099
3.100
3.100
3.101
3.101
3.101
3.102
3.104
3.106
3.107
3.107
3.109
3.109
3.109
3.112
3.112
3.113
3.116
3.116
3.117
3.117
3.118
3.118
3.123
3.126
3.126
3.127
3.128
3.129
3.129
3.129
3.130
3.130
3.130
3.131
3.133
3.134
3.135
3.135
3.136
3.137
3.137
3.139
3.140
3.141
3.142
3.142
3.145
3.145
3.146
3.146
3.147
3.148
3.149
3.150
3.151
3.151
3.152
3.153
3.154
3.156
3.159
3.160
3.161
3.162
3.163
3.164
3.166
3.168
3.168
3.169
3.170
3.170
3.171
3.172
3.172
3.176
3.177
3.178
3.178
3.179
3.179
3.179
3.179
3.180
3.180
3.181
3.182
3.183
3.183
3.184
3.185
3.185
3.186
3.188
3.188
3.189
3.189
3.190
3.191
3.192
3.192
3.192
3.194
3.196
3.196
3.197
3.198
3.198
3.199
3.199
3.199
3.201
3.201
3.202
3.202
3.202
3.203
3.203
3.203
3.203
3.203
3.205
3.206
3.208
3.208
3.208
3.209
3.210
3.210
3.211
3.211
3.211
3.213
3.215
3.217
3.218
3.218
3.218
3.220
3.221
3.222
3.222
3.223
3.223
3.223
3.225
3.225
3.225
3.225
3.226
3.226
3.228
3.229
3.229
3.231
3.231
3.232
3.233
3.233
3.234
3.236
3.236
3.240
3.240
3.240
3.241
3.241
3.241
3.242
3.243
3.244
3.244
3.245
3.247
3.247
3.247
3.248
3.248
3.250
3.251
3.252
3.252
3.252
3.254
3.255
3.255
3.256
3.256
3.259
3.260
3.261
3.261
3.261
3.262
3.264
3.265
3.265
3.266
3.267
3.269
3.273
3.273
3.275
3.276
3.276
3.277
3.278
3.280
3.281
3.282
3.283
3.286
3.289
3.290
3.291
3.291
3.292
3.292
3.294
3.294
3.294
3.295
3.296
3.296
3.296
3.297
3.297
3.300
3.300
3.302
3.303
3.305
3.305
3.308
3.309
3.309
3.310
3.310
3.310
3.313
3.314
3.314
3.314
3.316
3.318
3.318
3.320
3.321
3.322
3.324
3.326
3.327
3.328
3.328
3.328
3.329
3.329
3.330
3.330
3.331
3.334
3.336
3.338
3.339
3.339
3.341
3.341
3.342
3.342
3.344
3.346
3.347
3.350
3.354
3.354
3.355
3.356
3.358
3.359
3.362
3.364
3.364
3.365
3.365
3.367
3.367
3.368
3.372
3.373
3.373
3.376
3.376
3.378
3.381
3.383
3.385
3.387
3.389
3.389
3.395
3.396
3.397
3.397
3.399
3.400
3.400
3.401
3.402
3.403
3.403
3.406
3.406
3.412
3.414
3.414
3.418
3.419
3.419
3.421
3.421
3.422
3.425
3.427
3.428
3.434
3.437
3.439
3.439
3.440
3.445
3.445
3.446
3.449
3.450
3.450
3.451
3.454
3.458
3.459
3.461
3.461
3.463
3.466
3.467
3.468
3.470
3.473
3.474
3.475
3.479
3.480
3.482
3.482
3.486
3.490
3.495
3.495
3.497
3.499
3.500
3.501
3.504
3.506
3.506
3.508
3.509
3.520
3.538
3.540
3.541
3.542
3.543
3.544
3.552
3.552
3.563
3.567
3.569
3.570
3.571
3.584
3.587
3.594
3.597
3.615
3.620
3.625
3.628
3.633
3.633
3.667
3.668
3.671
3.678
3.699
3.700
3.702
3.717
3.772
3.779
3.783
3.784
3.823
3.848
3.866
3.870
3.872
3.878
3.922
