2.075
2.150
2.152
2.155
2.165
2.174
2.197
2.201
2.204
2.204
2.209
2.212
2.214
2.214
2.214
2.215
2.217
2.221
2.226
2.226
2.227
2.229
2.230
2.231
2.237
2.239
2.241
2.243
2.244
2.246
2.247
2.247
2.247
2.249
2.250
2.251
2.251
2.252
2.254
2.254
2.255
2.256
2.260
2.260
2.261
2.262
2.262
2.264
2.265
2.265
2.265
2.267
2.267
2.269
2.269
2.270
2.270
2.270
2.271
2.274
2.274
2.274
2.275
2.276
2.276
2.277
2.277
2.278
2.279
2.279
2.281
2.281
2.282
2.283
2.284
2.286
2.287
2.287
2.288
2.289
2.289
2.292
2.292
2.292
2.293
2.293
2.294
2.295
2.296
2.296
2.297
2.298
2.298
2.299
2.300
2.300
2.300
2.302
2.304
2.305
2.305
2.307
2.307
2.307
2.308
2.308
2.310
2.311
2.311
2.311
2.312
2.312
2.312
2.313
2.313
2.314
2.314
2.314
2.315
2.316
2.317
2.318
2.318
2.319
2.319
2.320
2.320
2.320
2.321
2.321
2.322
2.322
2.323
2.324
2.324
2.324
2.324
2.325
2.325
2.325
2.326
2.326
2.327
2.327
2.328
2.329
2.329
2.330
2.332
2.332
2.332
2.334
2.335
2.336
2.336
2.337
2.339
2.339
2.339
2.340
2.340
2.340
2.340
2.341
2.341
2.341
2.341
2.342
2.342
2.342
2.342
2.343
2.343
2.344
2.344
2.345
2.345
2.346
2.347
2.348
2.348
2.349
2.349
2.350
2.350
2.350
2.351
2.351
2.351
2.352
2.352
2.353
2.353
2.354
2.354
2.354
2.354
2.354
2.354
2.354
2.355
2.355
2.356
2.357
2.357
2.357
2.357
2.358
2.359
2.359
2.359
2.359
2.359
2.359
2.360
2.360
2.362
2.362
2.363
2.363
2.363
2.364
2.365
2.365
2.366
2.367
2.368
2.368
2.369
2.369
2.370
2.371
2.371
2.372
2.373
2.374
2.374
2.375
2.375
2.375
2.375
2.375
2.376
2.376
2.376
2.377
2.377
2.377
2.377
2.377
2.378
2.378
2.378
2.378
2.379
2.379
2.380
2.380
2.380
2.381
2.381
2.381
2.381
2.381
2.382
2.382
2.382
2.383
2.383
2.384
2.384
2.385
2.385
2.385
2.385
2.386
2.386
2.386
2.386
2.386
2.386
2.387
2.387
2.387
2.388
2.388
2.388
2.389
2.389
2.389
2.389
2.390
2.390
2.390
2.390
2.391
2.391
2.391
2.392
2.393
2.393
2.393
2.393
2.393
2.394
2.394
2.394
2.395
2.395
2.396
2.396
2.398
2.398
2.399
2.399
2.400
2.400
2.400
2.400
2.401
2.403
2.403
2.403
2.403
2.403
2.404
2.404
2.404
2.404
2.404
2.405
2.405
2.405
2.406
2.406
2.407
2.407
2.408
2.408
2.409
2.409
2.410
2.410
2.411
2.411
2.411
2.412
2.413
2.413
2.414
2.414
2.414
2.414
2.415
2.415
2.415
2.415
2.415
2.415
2.415
2.415
2.416
2.417
2.417
2.417
2.417
2.418
2.419
2.419
2.421
2.421
2.421
2.421
2.421
2.422
2.422
2.422
2.422
2.423
2.423
2.423
2.423
2.424
2.425
2.425
2.426
2.426
2.426
2.426
2.427
2.427
2.427
2.427
2.428
2.428
2.429
2.429
2.429
2.429
2.429
2.429
2.429
2.429
2.430
2.431
2.431
2.431
2.432
2.432
2.432
2.432
2.432
2.434
2.434
2.435
2.435
2.435
2.435
2.436
2.436
2.436
2.437
2.437
2.437
2.438
2.438
2.439
2.440
2.440
2.442
2.442
2.443
2.444
2.444
2.445
2.445
2.446
2.447
2.447
2.447
2.448
2.448
2.448
2.448
2.449
2.449
2.449
2.449
2.450
2.450
2.451
2.451
2.451
2.452
2.452
2.453
2.453
2.453
2.454
2.454
2.454
2.455
2.456
2.456
2.456
2.457
2.457
2.457
2.458
2.458
2.458
2.459
2.459
2.459
2.460
2.461
2.462
2.462
2.463
2.465
2.465
2.465
2.466
2.466
2.466
2.467
2.467
2.468
2.469
2.470
2.470
2.471
2.471
2.472
2.472
2.472
2.473
2.473
2.473
2.474
2.474
2.474
2.475
2.475
2.477
2.477
2.477
2.477
2.478
2.478
2.479
2.480
2.481
2.482
2.482
2.482
2.484
2.484
2.484
2.485
2.486
2.486
2.487
2.487
2.487
2.488
2.489
2.490
2.490
2.490
2.491
2.491
2.491
2.491
2.492
2.492
2.493
2.494
2.494
2.494
2.494
2.494
2.496
2.497
2.497
2.497
2.497
2.498
2.498
2.499
2.499
2.500
2.500
2.501
2.501
2.502
2.503
2.504
2.504
2.504
2.505
2.508
2.508
2.508
2.510
2.510
2.511
2.511
2.512
2.513
2.514
2.514
2.516
2.516
2.517
2.517
2.518
2.519
2.519
2.519
2.520
2.521
2.521
2.522
2.523
2.524
2.524
2.524
2.525
2.525
2.526
2.526
2.528
2.529
2.529
2.530
2.531
2.531
2.532
2.532
2.533
2.533
2.534
2.537
2.538
2.539
2.539
2.542
2.543
2.545
2.545
2.546
2.546
2.546
2.547
2.547
2.549
2.551
2.552
2.552
2.553
2.554
2.555
2.555
2.555
2.555
2.557
2.557
2.558
2.559
2.562
2.563
2.563
2.564
2.564
2.565
2.565
2.566
2.567
2.569
2.569
2.570
2.570
2.571
2.571
2.572
2.574
2.576
2.577
2.578
2.579
2.579
2.580
2.582
2.584
2.585
2.586
2.586
2.589
2.590
2.593
2.594
2.594
2.594
2.595
2.595
2.596
2.596
2.597
2.599
2.599
2.599
2.600
2.601
2.601
2.602
2.602
2.602
2.612
2.613
2.615
2.616
2.617
2.621
2.622
2.626
2.628
2.629
2.631
2.633
2.635
2.635
2.636
2.636
2.638
2.638
2.639
2.642
2.643
2.647
2.651
2.656
2.659
2.659
2.660
2.660
2.668
2.670
2.674
2.675
2.675
2.685
2.724
2.725
2.730
2.731
2.735
2.739
2.747
2.761
2.801
2.862
