2.254
2.277
2.277
2.278
2.283
2.298
2.305
2.309
2.310
2.313
2.317
2.324
2.329
2.339
2.346
2.351
2.356
2.359
2.361
2.364
2.368
2.371
2.373
2.374
2.378
2.382
2.385
2.387
2.387
2.387
2.388
2.391
2.392
2.396
2.396
2.397
2.397
2.399
2.400
2.400
2.404
2.405
2.406
2.409
2.409
2.410
2.411
2.411
2.411
2.412
2.415
2.418
2.418
2.418
2.419
2.421
2.422
2.423
2.425
2.426
2.431
2.433
2.434
2.434
2.435
2.439
2.440
2.441
2.441
2.443
2.444
2.447
2.448
2.450
2.451
2.451
2.451
2.452
2.452
2.453
2.453
2.454
2.455
2.456
2.456
2.457
2.458
2.459
2.460
2.460
2.460
2.461
2.461
2.462
2.463
2.465
2.466
2.467
2.467
2.468
2.468
2.468
2.469
2.469
2.470
2.471
2.471
2.471
2.472
2.472
2.472
2.472
2.473
2.473
2.475
2.478
2.479
2.481
2.482
2.482
2.482
2.483
2.484
2.484
2.484
2.484
2.484
2.484
2.485
2.485
2.485
2.485
2.485
2.486
2.486
2.489
2.489
2.489
2.490
2.491
2.491
2.491
2.491
2.492
2.492
2.493
2.493
2.493
2.494
2.494
2.495
2.496
2.497
2.498
2.498
2.499
2.499
2.499
2.500
2.502
2.503
2.504
2.504
2.504
2.504
2.504
2.505
2.505
2.506
2.506
2.506
2.507
2.508
2.508
2.508
2.511
2.513
2.514
2.514
2.514
2.514
2.514
2.515
2.516
2.516
2.516
2.516
2.516
2.517
2.519
2.519
2.519
2.519
2.519
2.519
2.519
2.520
2.521
2.522
2.523
2.523
2.524
2.525
2.526
2.526
2.527
2.527
2.527
2.527
2.528
2.528
2.528
2.529
2.530
2.531
2.531
2.532
2.533
2.533
2.534
2.534
2.535
2.536
2.537
2.537
2.538
2.538
2.539
2.540
2.540
2.540
2.541
2.541
2.541
2.541
2.541
2.542
2.542
2.542
2.543
2.547
2.549
2.549
2.550
2.550
2.551
2.552
2.552
2.552
2.553
2.553
2.554
2.554
2.554
2.555
2.555
2.557
2.557
2.557
2.558
2.558
2.558
2.559
2.559
2.559
2.560
2.560
2.560
2.560
2.561
2.562
2.562
2.562
2.562
2.562
2.563
2.563
2.563
2.564
2.564
2.564
2.564
2.564
2.565
2.565
2.565
2.566
2.566
2.567
2.568
2.568
2.568
2.568
2.568
2.569
2.569
2.569
2.570
2.570
2.570
2.570
2.571
2.571
2.571
2.571
2.572
2.572
2.573
2.574
2.574
2.574
2.577
2.577
2.577
2.578
2.580
2.580
2.581
2.581
2.581
2.581
2.581
2.582
2.582
2.582
2.582
2.582
2.582
2.583
2.583
2.584
2.584
2.584
2.585
2.586
2.587
2.588
2.588
2.588
2.588
2.588
2.588
2.590
2.590
2.591
2.591
2.591
2.592
2.592
2.592
2.593
2.593
2.593
2.594
2.595
2.595
2.595
2.596
2.599
2.599
2.599
2.599
2.600
2.601
2.602
2.603
2.603
2.603
2.604
2.605
2.605
2.606
2.607
2.607
2.607
2.608
2.609
2.609
2.609
2.610
2.610
2.610
2.611
2.611
2.611
2.613
2.613
2.614
2.614
2.614
2.615
2.615
2.615
2.615
2.616
2.616
2.617
2.617
2.618
2.618
2.619
2.619
2.619
2.619
2.619
2.620
2.620
2.621
2.621
2.621
2.622
2.623
2.623
2.624
2.624
2.625
2.626
2.627
2.627
2.627
2.627
2.627
2.627
2.627
2.628
2.629
2.630
2.630
2.630
2.630
2.630
2.631
2.632
2.633
2.633
2.634
2.634
2.634
2.635
2.635
2.635
2.635
2.635
2.636
2.637
2.637
2.637
2.637
2.637
2.637
2.637
2.638
2.638
2.638
2.639
2.639
2.639
2.639
2.640
2.640
2.640
2.641
2.641
2.641
2.643
2.645
2.645
2.645
2.646
2.646
2.646
2.646
2.646
2.646
2.647
2.647
2.648
2.648
2.648
2.649
2.649
2.649
2.651
2.652
2.654
2.654
2.655
2.656
2.656
2.657
2.657
2.657
2.658
2.659
2.660
2.661
2.662
2.666
2.666
2.666
2.666
2.666
2.666
2.668
2.669
2.669
2.670
2.670
2.671
2.671
2.671
2.672
2.672
2.673
2.673
2.673
2.674
2.674
2.675
2.676
2.676
2.677
2.677
2.677
2.677
2.679
2.679
2.680
2.680
2.681
2.681
2.682
2.683
2.683
2.684
2.685
2.685
2.686
2.687
2.688
2.688
2.689
2.689
2.689
2.690
2.690
2.691
2.692
2.693
2.693
2.694
2.694
2.694
2.694
2.695
2.695
2.696
2.697
2.697
2.698
2.699
2.700
2.701
2.701
2.703
2.703
2.704
2.704
2.704
2.704
2.705
2.705
2.705
2.705
2.705
2.705
2.705
2.705
2.706
2.706
2.708
2.710
2.711
2.711
2.711
2.711
2.712
2.712
2.712
2.713
2.714
2.715
2.716
2.716
2.716
2.718
2.718
2.719
2.720
2.720
2.720
2.720
2.721
2.722
2.723
2.723
2.723
2.724
2.724
2.724
2.725
2.726
2.727
2.727
2.728
2.728
2.729
2.729
2.732
2.733
2.736
2.736
2.736
2.737
2.737
2.737
2.738
2.738
2.739
2.742
2.743
2.744
2.746
2.746
2.746
2.747
2.747
2.747
2.748
2.749
2.749
2.750
2.750
2.751
2.751
2.751
2.753
2.754
2.754
2.757
2.757
2.759
2.760
2.760
2.761
2.761
2.762
2.763
2.763
2.764
2.764
2.764
2.765
2.768
2.768
2.769
2.773
2.774
2.774
2.775
2.776
2.777
2.779
2.782
2.786
2.788
2.789
2.794
2.794
2.794
2.797
2.798
2.798
2.798
2.800
2.805
2.808
2.809
2.813
2.813
2.814
2.817
2.818
2.824
2.828
2.830
2.832
2.832
2.834
2.835
2.837
2.838
2.838
2.843
2.843
2.849
2.851
2.851
2.862
2.864
2.865
2.869
2.870
2.888
2.895
2.897
2.906
2.909
2.911
2.925
2.970
2.986
