1.697
1.823
1.851
1.865
1.873
1.875
1.878
1.886
1.919
1.924
1.930
1.931
1.943
1.959
1.960
1.964
1.966
1.971
1.977
1.984
1.991
1.991
1.994
1.997
1.999
2.002
2.013
2.015
2.016
2.024
2.031
2.034
2.034
2.034
2.036
2.038
2.042
2.043
2.044
2.045
2.050
2.051
2.051
2.052
2.055
2.056
2.057
2.057
2.059
2.059
2.060
2.064
2.066
2.066
2.070
2.072
2.074
2.074
2.075
2.077
2.077
2.081
2.085
2.086
2.087
2.088
2.088
2.088
2.089
2.091
2.091
2.092
2.093
2.093
2.093
2.094
2.094
2.095
2.098
2.098
2.101
2.103
2.104
2.107
2.108
2.109
2.110
2.111
2.111
2.112
2.113
2.113
2.116
2.116
2.117
2.118
2.119
2.120
2.120
2.124
2.126
2.127
2.132
2.134
2.134
2.135
2.136
2.137
2.137
2.140
2.140
2.140
2.142
2.143
2.145
2.146
2.146
2.147
2.147
2.150
2.151
2.154
2.155
2.156
2.156
2.157
2.158
2.158
2.160
2.161
2.161
2.162
2.163
2.165
2.168
2.169
2.169
2.169
2.169
2.171
2.175
2.175
2.175
2.175
2.176
2.176
2.176
2.177
2.179
2.179
2.181
2.181
2.183
2.184
2.185
2.185
2.186
2.187
2.188
2.189
2.189
2.189
2.189
2.190
2.190
2.192
2.192
2.192
2.195
2.197
2.197
2.198
2.199
2.200
2.201
2.202
2.202
2.202
2.203
2.204
2.204
2.205
2.206
2.207
2.208
2.210
2.211
2.211
2.212
2.214
2.215
2.215
2.215
2.215
2.218
2.221
2.222
2.225
2.228
2.230
2.230
2.231
2.231
2.232
2.233
2.234
2.235
2.235
2.236
2.237
2.237
2.240
2.241
2.241
2.242
2.242
2.245
2.245
2.245
2.245
2.246
2.247
2.249
2.252
2.252
2.253
2.254
2.254
2.254
2.254
2.254
2.255
2.255
2.257
2.257
2.258
2.260
2.260
2.260
2.261
2.261
2.262
2.262
2.262
2.262
2.264
2.265
2.265
2.267
2.268
2.270
2.270
2.272
2.273
2.273
2.273
2.273
2.276
2.277
2.278
2.278
2.281
2.282
2.283
2.283
2.283
2.283
2.284
2.284
2.287
2.289
2.289
2.290
2.291
2.292
2.292
2.292
2.293
2.294
2.295
2.296
2.297
2.298
2.299
2.300
2.301
2.302
2.302
2.303
2.303
2.305
2.305
2.306
2.306
2.308
2.309
2.309
2.309
2.313
2.315
2.316
2.316
2.317
2.318
2.320
2.321
2.321
2.321
2.322
2.323
2.323
2.323
2.325
2.326
2.327
2.327
2.328
2.328
2.328
2.329
2.329
2.330
2.330
2.330
2.330
2.331
2.334
2.336
2.336
2.336
2.336
2.337
2.337
2.340
2.340
2.340
2.343
2.347
2.348
2.349
2.350
2.350
2.350
2.351
2.352
2.352
2.355
2.355
2.356
2.357
2.358
2.360
2.360
2.360
2.360
2.361
2.361
2.361
2.364
2.366
2.366
2.367
2.369
2.369
2.369
2.370
2.370
2.370
2.371
2.371
2.371
2.372
2.372
2.373
2.373
2.373
2.373
2.374
2.374
2.375
2.375
2.375
2.377
2.378
2.378
2.378
2.379
2.381
2.381
2.382
2.386
2.387
2.389
2.391
2.391
2.392
2.392
2.393
2.395
2.396
2.396
2.397
2.398
2.399
2.400
2.400
2.401
2.402
2.403
2.404
2.404
2.404
2.405
2.406
2.406
2.407
2.408
2.408
2.408
2.409
2.410
2.411
2.413
2.413
2.414
2.416
2.416
2.416
2.416
2.416
2.416
2.419
2.419
2.420
2.421
2.422
2.424
2.425
2.425
2.425
2.425
2.425
2.426
2.426
2.427
2.427
2.428
2.428
2.431
2.431
2.431
2.431
2.431
2.432
2.432
2.433
2.433
2.433
2.434
2.436
2.437
2.439
2.440
2.441
2.442
2.442
2.442
2.444
2.444
2.444
2.444
2.445
2.447
2.447
2.449
2.452
2.452
2.453
2.453
2.454
2.457
2.458
2.461
2.461
2.463
2.465
2.466
2.466
2.467
2.467
2.467
2.469
2.473
2.473
2.476
2.476
2.476
2.477
2.477
2.478
2.478
2.480
2.480
2.481
2.481
2.482
2.482
2.483
2.484
2.485
2.488
2.488
2.489
2.490
2.490
2.490
2.490
2.491
2.492
2.492
2.494
2.494
2.495
2.496
2.498
2.498
2.501
2.501
2.501
2.503
2.503
2.505
2.505
2.508
2.509
2.509
2.510
2.512
2.512
2.512
2.512
2.513
2.514
2.514
2.515
2.515
2.515
2.517
2.517
2.518
2.520
2.521
2.522
2.522
2.522
2.523
2.524
2.524
2.524
2.525
2.528
2.528
2.529
2.531
2.532
2.532
2.533
2.534
2.534
2.534
2.535
2.536
2.537
2.537
2.538
2.539
2.539
2.541
2.543
2.543
2.545
2.545
2.546
2.547
2.551
2.551
2.553
2.560
2.561
2.561
2.561
2.562
2.563
2.563
2.564
2.564
2.566
2.567
2.567
2.568
2.569
2.570
2.571
2.572
2.572
2.573
2.574
2.580
2.581
2.582
2.583
2.585
2.589
2.593
2.593
2.594
2.595
2.596
2.598
2.601
2.602
2.602
2.603
2.604
2.604
2.606
2.606
2.607
2.608
2.608
2.612
2.613
2.620
2.621
2.622
2.622
2.623
2.625
2.626
2.628
2.630
2.633
2.634
2.637
2.637
2.637
2.637
2.637
2.637
2.643
2.644
2.644
2.644
2.647
2.649
2.649
2.649
2.650
2.652
2.653
2.655
2.656
2.660
2.662
2.664
2.664
2.664
2.667
2.668
2.670
2.672
2.677
2.678
2.681
2.687
2.698
2.700
2.700
2.700
2.705
2.705
2.707
2.708
2.712
2.718
2.718
2.720
2.721
2.729
2.729
2.730
2.733
2.740
2.743
2.747
2.750
2.752
2.753
2.754
2.756
2.759
2.761
2.761
2.762
2.764
2.765
2.769
2.775
2.780
2.781
2.786
2.804
2.814
2.814
2.821
2.822
2.851
2.857
2.894
2.903
2.908
2.995
