2.988
3.065
3.083
3.114
3.124
3.124
3.149
3.154
3.160
3.162
3.185
3.192
3.192
3.201
3.203
3.204
3.220
3.220
3.220
3.223
3.225
3.227
3.232
3.248
3.249
3.255
3.269
3.281
3.287
3.290
3.291
3.295
3.296
3.297
3.298
3.301
3.302
3.303
3.310
3.323
3.323
3.329
3.337
3.337
3.337
3.349
3.349
3.353
3.354
3.357
3.360
3.360
3.362
3.363
3.365
3.371
3.375
3.390
3.392
3.404
3.408
3.410
3.413
3.413
3.414
3.416
3.416
3.419
3.421
3.424
3.424
3.428
3.429
3.429
3.430
3.432
3.437
3.439
3.442
3.443
3.446
3.448
3.448
3.449
3.449
3.450
3.451
3.454
3.456
3.456
3.458
3.458
3.458
3.460
3.465
3.469
3.469
3.471
3.474
3.476
3.477
3.481
3.482
3.483
3.483
3.485
3.486
3.486
3.486
3.487
3.487
3.488
3.488
3.490
3.493
3.493
3.497
3.499
3.505
3.508
3.510
3.514
3.515
3.516
3.518
3.519
3.519
3.519
3.520
3.520
3.520
3.522
3.523
3.528
3.528
3.528
3.531
3.533
3.537
3.539
3.540
3.542
3.543
3.544
3.549
3.550
3.553
3.554
3.556
3.558
3.558
3.559
3.559
3.559
3.561
3.562
3.563
3.563
3.564
3.564
3.565
3.566
3.566
3.567
3.567
3.568
3.572
3.572
3.573
3.577
3.577
3.577
3.579
3.582
3.582
3.583
3.583
3.584
3.589
3.590
3.590
3.590
3.590
3.591
3.591
3.593
3.594
3.595
3.598
3.598
3.600
3.601
3.601
3.602
3.603
3.606
3.609
3.609
3.609
3.610
3.610
3.611
3.612
3.614
3.617
3.618
3.618
3.620
3.620
3.621
3.622
3.623
3.623
3.625
3.626
3.627
3.627
3.628
3.629
3.630
3.631
3.633
3.633
3.634
3.634
3.634
3.637
3.639
3.640
3.640
3.641
3.641
3.642
3.647
3.648
3.648
3.649
3.649
3.650
3.650
3.650
3.651
3.651
3.651
3.651
3.653
3.653
3.654
3.656
3.657
3.657
3.659
3.660
3.660
3.662
3.663
3.663
3.664
3.666
3.667
3.668
3.669
3.671
3.671
3.671
3.672
3.672
3.673
3.674
3.675
3.675
3.676
3.678
3.679
3.679
3.680
3.682
3.682
3.683
3.684
3.686
3.686
3.686
3.688
3.688
3.690
3.690
3.690
3.691
3.691
3.691
3.693
3.694
3.695
3.696
3.697
3.699
3.702
3.702
3.703
3.708
3.708
3.708
3.709
3.710
3.711
3.712
3.712
3.717
3.717
3.719
3.719
3.721
3.721
3.722
3.722
3.722
3.722
3.723
3.723
3.724
3.725
3.725
3.729
3.731
3.732
3.733
3.734
3.735
3.738
3.740
3.740
3.740
3.740
3.742
3.744
3.745
3.745
3.748
3.750
3.751
3.751
3.751
3.752
3.752
3.755
3.756
3.756
3.758
3.760
3.762
3.762
3.762
3.765
3.766
3.768
3.770
3.771
3.772
3.772
3.774
3.777
3.778
3.778
3.779
3.782
3.784
3.785
3.787
3.787
3.787
3.787
3.788
3.788
3.789
3.790
3.792
3.794
3.795
3.795
3.796
3.796
3.797
3.797
3.798
3.798
3.799
3.799
3.799
3.800
3.801
3.802
3.803
3.803
3.804
3.804
3.807
3.808
3.809
3.815
3.815
3.816
3.817
3.818
3.818
3.819
3.819
3.822
3.825
3.827
3.828
3.828
3.831
3.832
3.832
3.834
3.835
3.836
3.838
3.838
3.841
3.842
3.842
3.844
3.845
3.845
3.846
3.847
3.849
3.849
3.854
3.856
3.856
3.857
3.861
3.862
3.862
3.862
3.863
3.864
3.865
3.866
3.867
3.867
3.868
3.869
3.869
3.870
3.871
3.871
3.873
3.875
3.875
3.875
3.877
3.877
3.877
3.878
3.879
3.879
3.881
3.883
3.884
3.887
3.887
3.889
3.893
3.893
3.893
3.897
3.899
3.899
3.901
3.901
3.902
3.902
3.903
3.904
3.905
3.906
3.908
3.909
3.912
3.912
3.913
3.915
3.918
3.918
3.919
3.919
3.919
3.921
3.921
3.922
3.922
3.923
3.924
3.925
3.927
3.927
3.929
3.930
3.931
3.931
3.932
3.932
3.934
3.935
3.937
3.937
3.938
3.940
3.942
3.942
3.943
3.943
3.943
3.943
3.945
3.945
3.946
3.949
3.949
3.949
3.956
3.956
3.959
3.961
3.961
3.962
3.962
3.962
3.964
3.966
3.966
3.967
3.968
3.969
3.972
3.973
3.978
3.978
3.981
3.982
3.983
3.983
3.983
3.985
3.987
3.988
3.989
3.989
3.990
3.992
3.992
3.993
3.994
3.995
3.998
3.999
4.001
4.004
4.007
4.008
4.009
4.009
4.010
4.012
4.012
4.013
4.015
4.019
4.022
4.023
4.028
4.028
4.031
4.032
4.033
4.034
4.036
4.037
4.038
4.041
4.041
4.041
4.041
4.046
4.046
4.049
4.050
4.050
4.053
4.055
4.057
4.058
4.058
4.060
4.061
4.062
4.062
4.066
4.067
4.068
4.069
4.071
4.079
4.080
4.081
4.082
4.083
4.086
4.088
4.092
4.094
4.094
4.095
4.096
4.097
4.100
4.100
4.103
4.105
4.105
4.106
4.114
4.115
4.120
4.121
4.122
4.122
4.123
4.124
4.125
4.127
4.131
4.131
4.132
4.133
4.133
4.135
4.138
4.138
4.138
4.139
4.141
4.142
4.143
4.144
4.148
4.150
4.150
4.150
4.152
4.152
4.156
4.157
4.157
4.157
4.157
4.160
4.161
4.163
4.164
4.165
4.167
4.176
4.180
4.183
4.183
4.187
4.191
4.192
4.195
4.197
4.198
4.202
4.204
4.215
4.215
4.218
4.221
4.222
4.226
4.230
4.236
4.236
4.245
4.247
4.249
4.253
4.255
4.258
4.267
4.267
4.270
4.271
4.273
4.274
4.276
4.277
4.287
4.296
4.306
4.317
4.322
4.323
4.329
4.337
4.341
4.344
4.350
4.363
4.371
4.383
4.404
4.415
4.430
4.443
4.476
4.495
4.581
