2.172
2.228
2.256
2.264
2.270
2.279
2.301
2.302
2.324
2.333
2.339
2.342
2.346
2.351
2.352
2.355
2.356
2.356
2.361
2.363
2.363
2.364
2.365
2.367
2.370
2.376
2.378
2.379
2.383
2.388
2.390
2.390
2.391
2.392
2.393
2.394
2.399
2.399
2.400
2.403
2.408
2.410
2.412
2.415
2.417
2.417
2.418
2.420
2.420
2.421
2.424
2.425
2.425
2.427
2.428
2.428
2.429
2.431
2.432
2.432
2.432
2.432
2.432
2.433
2.433
2.435
2.436
2.438
2.438
2.439
2.440
2.441
2.442
2.442
2.442
2.442
2.443
2.444
2.444
2.445
2.447
2.447
2.448
2.448
2.451
2.451
2.451
2.452
2.454
2.454
2.456
2.457
2.458
2.460
2.461
2.461
2.461
2.462
2.464
2.465
2.465
2.466
2.467
2.467
2.468
2.468
2.469
2.470
2.470
2.473
2.474
2.474
2.475
2.475
2.476
2.476
2.476
2.476
2.477
2.477
2.478
2.478
2.479
2.480
2.480
2.480
2.481
2.481
2.481
2.482
2.483
2.483
2.484
2.484
2.486
2.486
2.486
2.488
2.489
2.489
2.490
2.490
2.491
2.491
2.492
2.492
2.493
2.495
2.495
2.495
2.496
2.498
2.498
2.499
2.499
2.499
2.499
2.500
2.501
2.501
2.501
2.503
2.503
2.503
2.504
2.504
2.505
2.506
2.506
2.508
2.508
2.509
2.509
2.509
2.510
2.512
2.512
2.513
2.513
2.514
2.516
2.516
2.516
2.517
2.517
2.518
2.518
2.518
2.518
2.518
2.519
2.520
2.521
2.521
2.522
2.522
2.523
2.524
2.524
2.525
2.525
2.526
2.526
2.526
2.526
2.527
2.530
2.531
2.531
2.532
2.533
2.533
2.534
2.534
2.535
2.535
2.535
2.535
2.536
2.537
2.537
2.538
2.538
2.539
2.540
2.540
2.540
2.541
2.541
2.543
2.544
2.544
2.544
2.545
2.545
2.545
2.545
2.546
2.546
2.546
2.548
2.548
2.550
2.550
2.550
2.550
2.550
2.551
2.551
2.552
2.552
2.553
2.554
2.554
2.555
2.555
2.556
2.556
2.556
2.556
2.557
2.557
2.557
2.558
2.558
2.558
2.558
2.559
2.560
2.562
2.562
2.562
2.563
2.564
2.565
2.565
2.565
2.566
2.566
2.566
2.567
2.567
2.568
2.568
2.569
2.569
2.569
2.570
2.570
2.571
2.571
2.571
2.571
2.573
2.573
2.573
2.574
2.574
2.575
2.575
2.575
2.576
2.576
2.576
2.577
2.578
2.578
2.579
2.579
2.580
2.581
2.581
2.581
2.582
2.583
2.583
2.583
2.586
2.586
2.586
2.587
2.587
2.588
2.588
2.588
2.588
2.588
2.589
2.590
2.591
2.591
2.592
2.592
2.592
2.592
2.594
2.594
2.594
2.595
2.595
2.595
2.596
2.596
2.596
2.596
2.596
2.597
2.597
2.599
2.600
2.601
2.601
2.601
2.602
2.603
2.605
2.605
2.605
2.605
2.606
2.607
2.607
2.608
2.608
2.608
2.608
2.609
2.610
2.610
2.611
2.611
2.611
2.611
2.612
2.613
2.613
2.613
2.614
2.614
2.617
2.618
2.618
2.618
2.619
2.619
2.620
2.621
2.622
2.622
2.623
2.623
2.624
2.624
2.624
2.625
2.625
2.625
2.627
2.627
2.627
2.628
2.628
2.628
2.629
2.629
2.630
2.630
2.631
2.632
2.632
2.632
2.633
2.633
2.634
2.634
2.634
2.636
2.637
2.637
2.637
2.638
2.638
2.639
2.639
2.639
2.639
2.640
2.641
2.643
2.644
2.644
2.644
2.645
2.645
2.645
2.646
2.647
2.647
2.648
2.648
2.649
2.649
2.649
2.650
2.651
2.651
2.651
2.651
2.653
2.653
2.653
2.654
2.654
2.654
2.654
2.654
2.655
2.656
2.657
2.657
2.658
2.658
2.658
2.658
2.658
2.658
2.659
2.659
2.660
2.662
2.662
2.663
2.663
2.664
2.665
2.667
2.667
2.667
2.667
2.667
2.668
2.668
2.669
2.669
2.670
2.670
2.670
2.671
2.672
2.672
2.673
2.673
2.673
2.673
2.673
2.673
2.675
2.676
2.676
2.677
2.678
2.679
2.679
2.681
2.681
2.681
2.682
2.682
2.683
2.683
2.684
2.685
2.686
2.686
2.687
2.687
2.687
2.687
2.689
2.689
2.689
2.689
2.691
2.691
2.691
2.691
2.692
2.693
2.693
2.694
2.696
2.697
2.697
2.697
2.698
2.699
2.699
2.699
2.700
2.701
2.701
2.702
2.703
2.703
2.703
2.704
2.704
2.706
2.707
2.707
2.708
2.709
2.710
2.711
2.712
2.713
2.713
2.713
2.714
2.714
2.714
2.717
2.718
2.718
2.719
2.720
2.721
2.721
2.723
2.723
2.724
2.724
2.724
2.724
2.727
2.727
2.729
2.729
2.730
2.731
2.732
2.734
2.735
2.735
2.735
2.735
2.737
2.737
2.737
2.738
2.739
2.739
2.741
2.743
2.743
2.744
2.745
2.747
2.747
2.748
2.749
2.749
2.749
2.749
2.750
2.751
2.751
2.751
2.753
2.753
2.754
2.757
2.757
2.757
2.757
2.758
2.759
2.759
2.760
2.760
2.761
2.763
2.765
2.768
2.768
2.771
2.772
2.773
2.777
2.777
2.778
2.778
2.778
2.779
2.780
2.781
2.781
2.782
2.782
2.783
2.784
2.784
2.787
2.787
2.787
2.789
2.789
2.792
2.793
2.794
2.796
2.797
2.798
2.801
2.802
2.804
2.806
2.813
2.816
2.817
2.818
2.819
2.820
2.821
2.823
2.825
2.826
2.827
2.832
2.833
2.834
2.835
2.841
2.842
2.843
2.846
2.846
2.849
2.852
2.854
2.855
2.856
2.860
2.863
2.864
2.865
2.869
2.872
2.874
2.878
2.880
2.881
2.881
2.883
2.891
2.891
2.892
2.897
2.898
2.899
2.900
2.901
2.907
2.913
2.921
2.924
2.928
2.928
2.930
2.933
2.946
2.952
2.963
2.972
2.973
2.974
2.987
3.019
3.022
3.040
3.051
3.819
