1.465
1.525
1.554
1.563
1.566
1.576
1.591
1.604
1.607
1.616
1.619
1.619
1.628
1.630
1.635
1.636
1.639
1.640
1.642
1.642
1.644
1.644
1.648
1.649
1.651
1.653
1.655
1.657
1.662
1.663
1.664
1.669
1.671
1.675
1.682
1.689
1.692
1.693
1.694
1.697
1.697
1.698
1.698
1.702
1.704
1.704
1.705
1.706
1.708
1.709
1.710
1.711
1.711
1.711
1.713
1.713
1.715
1.716
1.716
1.717
1.720
1.721
1.721
1.723
1.724
1.724
1.725
1.726
1.727
1.727
1.731
1.732
1.732
1.732
1.733
1.734
1.737
1.739
1.740
1.742
1.743
1.744
1.747
1.749
1.749
1.749
1.750
1.750
1.750
1.750
1.751
1.751
1.753
1.753
1.754
1.755
1.756
1.756
1.757
1.757
1.757
1.758
1.758
1.759
1.760
1.761
1.762
1.764
1.765
1.765
1.771
1.771
1.772
1.772
1.772
1.772
1.773
1.773
1.775
1.780
1.781
1.781
1.782
1.782
1.783
1.783
1.784
1.786
1.786
1.786
1.787
1.787
1.789
1.790
1.791
1.791
1.792
1.794
1.796
1.797
1.798
1.799
1.800
1.800
1.800
1.802
1.802
1.802
1.803
1.803
1.804
1.804
1.805
1.806
1.809
1.809
1.809
1.811
1.811
1.812
1.812
1.813
1.813
1.814
1.814
1.815
1.815
1.815
1.815
1.818
1.819
1.821
1.821
1.822
1.823
1.823
1.824
1.824
1.824
1.827
1.827
1.827
1.827
1.827
1.829
1.829
1.832
1.834
1.835
1.835
1.838
1.838
1.840
1.842
1.842
1.842
1.843
1.844
1.845
1.846
1.846
1.847
1.848
1.849
1.850
1.851
1.851
1.852
1.853
1.854
1.854
1.855
1.857
1.858
1.858
1.860
1.861
1.861
1.863
1.866
1.867
1.868
1.868
1.869
1.870
1.870
1.871
1.871
1.871
1.874
1.875
1.875
1.876
1.877
1.878
1.879
1.880
1.880
1.880
1.884
1.884
1.886
1.886
1.888
1.889
1.889
1.890
1.890
1.891
1.892
1.894
1.895
1.895
1.900
1.902
1.902
1.903
1.904
1.905
1.906
1.906
1.906
1.908
1.909
1.909
1.910
1.912
1.913
1.914
1.914
1.915
1.917
1.917
1.922
1.922
1.923
1.924
1.924
1.924
1.925
1.926
1.926
1.928
1.929
1.931
1.931
1.932
1.934
1.937
1.938
1.940
1.941
1.941
1.945
1.945
1.946
1.947
1.947
1.948
1.950
1.950
1.951
1.954
1.956
1.959
1.961
1.962
1.962
1.963
1.963
1.965
1.965
1.966
1.966
1.966
1.966
1.967
1.967
1.968
1.970
1.970
1.973
1.973
1.973
1.975
1.976
1.977
1.978
1.978
1.979
1.980
1.981
1.984
1.985
1.985
1.986
1.986
1.989
1.990
1.990
1.990
1.992
1.995
2.000
2.002
2.003
2.011
2.012
2.012
2.016
2.019
2.022
2.022
2.023
2.023
2.023
2.027
2.031
2.036
2.038
2.040
2.041
2.042
2.052
2.056
2.058
2.062
2.063
2.063
2.073
2.075
2.082
2.090
2.092
2.096
2.099
2.099
2.103
2.112
2.113
2.124
2.124
2.126
2.126
2.129
2.129
2.131
2.134
2.140
2.142
2.145
2.151
2.152
2.154
2.155
2.158
2.167
2.167
2.171
2.172
2.174
2.178
2.179
2.186
2.191
2.202
2.206
2.217
2.218
2.219
2.219
2.220
2.220
2.225
2.226
2.227
2.229
2.231
2.231
2.235
2.237
2.238
2.239
2.239
2.239
2.239
2.241
2.245
2.248
2.249
2.250
2.250
2.250
2.251
2.251
2.253
2.257
2.258
2.259
2.260
2.260
2.261
2.264
2.265
2.266
2.266
2.268
2.269
2.272
2.273
2.273
2.273
2.275
2.276
2.280
2.281
2.282
2.282
2.283
2.283
2.284
2.284
2.285
2.289
2.289
2.292
2.292
2.295
2.296
2.298
2.298
2.299
2.300
2.301
2.301
2.303
2.306
2.306
2.308
2.309
2.309
2.310
2.310
2.311
2.312
2.312
2.312
2.313
2.313
2.313
2.314
2.314
2.315
2.315
2.317
2.319
2.319
2.321
2.324
2.325
2.325
2.326
2.327
2.327
2.329
2.331
2.331
2.332
2.333
2.334
2.334
2.335
2.337
2.340
2.340
2.340
2.341
2.344
2.344
2.347
2.348
2.349
2.349
2.349
2.352
2.352
2.353
2.353
2.353
2.353
2.357
2.359
2.359
2.360
2.361
2.361
2.362
2.362
2.362
2.362
2.364
2.364
2.364
2.364
2.364
2.365
2.365
2.366
2.368
2.370
2.370
2.371
2.371
2.371
2.372
2.374
2.374
2.374
2.374
2.376
2.376
2.377
2.378
2.379
2.379
2.380
2.380
2.384
2.384
2.384
2.384
2.385
2.386
2.388
2.389
2.389
2.389
2.392
2.392
2.393
2.394
2.396
2.397
2.399
2.400
2.401
2.402
2.403
2.403
2.404
2.405
2.406
2.406
2.407
2.407
2.408
2.413
2.413
2.414
2.415
2.416
2.417
2.417
2.417
2.417
2.417
2.418
2.419
2.419
2.419
2.419
2.419
2.422
2.424
2.424
2.424
2.424
2.425
2.426
2.427
2.428
2.429
2.433
2.434
2.435
2.435
2.437
2.439
2.440
2.441
2.442
2.442
2.444
2.444
2.447
2.447
2.447
2.447
2.448
2.449
2.450
2.450
2.451
2.451
2.452
2.453
2.454
2.455
2.455
2.455
2.456
2.456
2.458
2.458
2.461
2.463
2.466
2.466
2.468
2.475
2.476
2.476
2.479
2.481
2.481
2.482
2.486
2.487
2.487
2.487
2.489
2.491
2.494
2.496
2.496
2.497
2.498
2.501
2.502
2.505
2.505
2.506
2.507
2.507
2.508
2.509
2.513
2.514
2.514
2.516
2.516
2.517
2.527
2.527
2.529
2.530
2.532
2.532
2.539
2.539
2.548
2.558
2.561
2.562
2.565
2.572
2.581
2.584
2.587
2.596
2.600
2.606
2.622
2.634
2.634
2.637
2.643
2.665
2.678
2.682
2.693
2.836
