2.551
2.580
2.758
2.780
2.832
2.842
2.856
2.895
2.963
2.985
2.995
3.000
3.004
3.011
3.023
3.024
3.030
3.033
3.041
3.042
3.046
3.053
3.055
3.057
3.058
3.073
3.080
3.096
3.105
3.106
3.109
3.115
3.132
3.133
3.134
3.143
3.158
3.162
3.164
3.172
3.174
3.176
3.179
3.188
3.190
3.191
3.193
3.196
3.197
3.203
3.205
3.213
3.213
3.215
3.219
3.224
3.227
3.228
3.229
3.229
3.229
3.230
3.232
3.235
3.235
3.242
3.243
3.246
3.249
3.251
3.255
3.257
3.259
3.262
3.262
3.263
3.264
3.265
3.269
3.271
3.274
3.275
3.278
3.284
3.288
3.290
3.293
3.298
3.299
3.300
3.301
3.302
3.303
3.305
3.311
3.313
3.314
3.316
3.321
3.322
3.322
3.324
3.324
3.325
3.326
3.328
3.330
3.333
3.333
3.334
3.334
3.334
3.335
3.340
3.348
3.348
3.348
3.350
3.351
3.351
3.354
3.354
3.356
3.357
3.363
3.363
3.364
3.365
3.369
3.369
3.370
3.371
3.373
3.375
3.375
3.376
3.378
3.379
3.382
3.382
3.383
3.386
3.388
3.388
3.391
3.393
3.395
3.400
3.401
3.401
3.405
3.406
3.410
3.411
3.411
3.411
3.413
3.415
3.419
3.419
3.419
3.419
3.420
3.421
3.421
3.425
3.426
3.427
3.428
3.428
3.428
3.429
3.431
3.431
3.433
3.435
3.435
3.438
3.440
3.443
3.443
3.443
3.444
3.446
3.447
3.448
3.449
3.451
3.452
3.454
3.456
3.457
3.457
3.458
3.458
3.459
3.460
3.461
3.462
3.463
3.465
3.470
3.470
3.477
3.479
3.481
3.481
3.482
3.484
3.484
3.485
3.486
3.487
3.487
3.488
3.489
3.491
3.492
3.492
3.493
3.495
3.496
3.497
3.497
3.499
3.499
3.499
3.500
3.500
3.500
3.501
3.502
3.502
3.504
3.504
3.510
3.512
3.512
3.513
3.514
3.516
3.516
3.517
3.518
3.519
3.520
3.521
3.522
3.522
3.523
3.524
3.524
3.524
3.525
3.525
3.526
3.527
3.528
3.530
3.533
3.535
3.537
3.540
3.541
3.541
3.548
3.548
3.550
3.552
3.552
3.553
3.555
3.557
3.558
3.559
3.559
3.559
3.559
3.559
3.560
3.561
3.562
3.562
3.564
3.565
3.565
3.565
3.566
3.566
3.568
3.573
3.578
3.579
3.580
3.581
3.582
3.582
3.582
3.584
3.586
3.588
3.590
3.592
3.592
3.593
3.594
3.594
3.595
3.596
3.597
3.598
3.599
3.599
3.601
3.602
3.602
3.603
3.603
3.605
3.605
3.606
3.607
3.609
3.609
3.612
3.614
3.614
3.614
3.614
3.616
3.616
3.621
3.621
3.622
3.623
3.623
3.623
3.625
3.625
3.626
3.630
3.631
3.631
3.632
3.632
3.632
3.632
3.633
3.633
3.634
3.635
3.636
3.636
3.636
3.637
3.637
3.637
3.638
3.639
3.640
3.646
3.652
3.652
3.652
3.653
3.655
3.655
3.660
3.661
3.663
3.663
3.663
3.663
3.663
3.664
3.664
3.667
3.668
3.668
3.669
3.669
3.670
3.671
3.672
3.672
3.673
3.673
3.674
3.674
3.677
3.677
3.678
3.681
3.682
3.682
3.683
3.684
3.685
3.687
3.688
3.688
3.688
3.690
3.691
3.691
3.692
3.695
3.695
3.696
3.696
3.698
3.698
3.699
3.700
3.701
3.701
3.702
3.704
3.706
3.706
3.707
3.708
3.708
3.710
3.710
3.712
3.712
3.712
3.713
3.713
3.715
3.716
3.717
3.717
3.718
3.719
3.721
3.721
3.722
3.723
3.726
3.728
3.729
3.729
3.730
3.730
3.731
3.732
3.733
3.733
3.734
3.735
3.736
3.736
3.736
3.737
3.738
3.738
3.738
3.739
3.739
3.740
3.742
3.742
3.742
3.743
3.744
3.745
3.748
3.749
3.749
3.753
3.754
3.754
3.756
3.757
3.758
3.760
3.761
3.761
3.761
3.763
3.765
3.765
3.767
3.767
3.767
3.768
3.770
3.771
3.771
3.773
3.775
3.775
3.776
3.776
3.776
3.776
3.777
3.778
3.779
3.782
3.783
3.788
3.789
3.789
3.789
3.791
3.791
3.794
3.795
3.796
3.797
3.797
3.797
3.799
3.799
3.800
3.802
3.803
3.805
3.806
3.806
3.807
3.808
3.808
3.809
3.814
3.816
3.816
3.816
3.816
3.817
3.818
3.818
3.819
3.819
3.819
3.820
3.822
3.823
3.823
3.825
3.832
3.833
3.835
3.836
3.839
3.839
3.841
3.841
3.842
3.842
3.843
3.843
3.844
3.845
3.845
3.852
3.855
3.856
3.858
3.858
3.860
3.861
3.861
3.864
3.865
3.867
3.870
3.870
3.871
3.874
3.874
3.874
3.875
3.876
3.877
3.877
3.877
3.879
3.881
3.882
3.882
3.884
3.888
3.890
3.893
3.904
3.904
3.908
3.911
3.912
3.917
3.918
3.918
3.918
3.924
3.926
3.929
3.930
3.930
3.930
3.931
3.932
3.932
3.932
3.933
3.941
3.942
3.948
3.950
3.952
3.952
3.953
3.953
3.954
3.956
3.960
3.962
3.963
3.966
3.967
3.969
3.971
3.973
3.974
3.977
3.980
3.981
3.982
3.982
3.984
3.985
3.987
3.988
3.991
3.992
4.002
4.002
4.004
4.010
4.010
4.012
4.014
4.016
4.017
4.018
4.021
4.022
4.025
4.033
4.037
4.037
4.039
4.041
4.043
4.045
4.045
4.048
4.052
4.053
4.070
4.070
4.077
4.082
4.084
4.098
4.099
4.105
4.108
4.109
4.111
4.114
4.114
4.119
4.124
4.131
4.132
4.133
4.134
4.139
4.145
4.147
4.149
4.151
4.156
4.159
4.164
4.165
4.170
4.186
4.187
4.191
4.194
4.195
4.198
4.208
4.212
4.214
4.234
4.239
4.248
4.266
4.275
4.279
4.280
4.283
4.306
4.311
4.314
4.340
4.360
4.368
4.379
4.419
4.468
4.484
4.485
4.537
4.565
4.573
