2.138
2.158
2.171
2.177
2.217
2.246
2.248
2.256
2.265
2.271
2.272
2.277
2.279
2.280
2.280
2.283
2.283
2.284
2.289
2.295
2.301
2.302
2.304
2.305
2.307
2.309
2.330
2.331
2.331
2.335
2.340
2.345
2.350
2.354
2.355
2.356
2.359
2.367
2.369
2.370
2.373
2.377
2.377
2.384
2.386
2.389
2.391
2.392
2.395
2.395
2.398
2.401
2.406
2.408
2.411
2.417
2.417
2.418
2.424
2.430
2.430
2.433
2.436
2.438
2.439
2.444
2.451
2.453
2.457
2.460
2.461
2.461
2.463
2.466
2.470
2.472
2.474
2.480
2.482
2.483
2.485
2.485
2.490
2.492
2.492
2.496
2.496
2.503
2.504
2.506
2.510
2.511
2.511
2.511
2.512
2.513
2.514
2.515
2.517
2.518
2.520
2.520
2.521
2.523
2.524
2.527
2.527
2.528
2.531
2.533
2.534
2.534
2.541
2.542
2.543
2.545
2.545
2.549
2.550
2.552
2.553
2.554
2.554
2.554
2.556
2.562
2.563
2.565
2.567
2.569
2.570
2.571
2.572
2.573
2.573
2.574
2.578
2.579
2.580
2.580
2.582
2.583
2.583
2.584
2.587
2.588
2.590
2.590
2.592
2.594
2.595
2.597
2.597
2.597
2.600
2.600
2.601
2.604
2.606
2.607
2.608
2.611
2.612
2.613
2.617
2.620
2.621
2.623
2.625
2.625
2.626
2.627
2.628
2.628
2.630
2.630
2.630
2.630
2.630
2.631
2.632
2.633
2.633
2.633
2.634
2.637
2.639
2.641
2.641
2.643
2.644
2.645
2.646
2.647
2.649
2.649
2.649
2.651
2.654
2.656
2.657
2.658
2.659
2.660
2.660
2.664
2.666
2.667
2.668
2.669
2.670
2.670
2.672
2.672
2.674
2.674
2.675
2.675
2.679
2.679
2.680
2.681
2.682
2.683
2.683
2.685
2.685
2.687
2.687
2.689
2.690
2.691
2.691
2.691
2.691
2.692
2.693
2.693
2.695
2.695
2.695
2.695
2.696
2.697
2.698
2.700
2.701
2.701
2.702
2.702
2.703
2.704
2.707
2.709
2.710
2.710
2.711
2.712
2.712
2.713
2.715
2.716
2.716
2.717
2.718
2.720
2.720
2.722
2.724
2.726
2.727
2.727
2.728
2.729
2.730
2.731
2.731
2.734
2.735
2.737
2.740
2.741
2.742
2.742
2.743
2.743
2.743
2.744
2.745
2.745
2.745
2.749
2.751
2.751
2.753
2.753
2.753
2.754
2.756
2.756
2.757
2.758
2.758
2.758
2.759
2.759
2.762
2.762
2.763
2.764
2.766
2.767
2.767
2.768
2.768
2.768
2.769
2.770
2.770
2.770
2.770
2.771
2.771
2.772
2.772
2.772
2.773
2.774
2.774
2.776
2.776
2.777
2.778
2.779
2.779
2.783
2.783
2.784
2.784
2.785
2.785
2.785
2.786
2.786
2.787
2.788
2.788
2.788
2.789
2.789
2.791
2.792
2.792
2.793
2.795
2.795
2.796
2.797
2.798
2.799
2.800
2.800
2.801
2.805
2.806
2.806
2.806
2.808
2.810
2.810
2.811
2.811
2.811
2.812
2.813
2.816
2.818
2.818
2.820
2.821
2.822
2.824
2.824
2.825
2.827
2.827
2.829
2.829
2.829
2.829
2.831
2.833
2.833
2.834
2.834
2.836
2.836
2.836
2.836
2.837
2.837
2.839
2.840
2.840
2.841
2.841
2.841
2.841
2.841
2.842
2.842
2.842
2.845
2.846
2.848
2.849
2.852
2.852
2.853
2.854
2.855
2.855
2.856
2.856
2.857
2.857
2.857
2.858
2.858
2.860
2.863
2.863
2.866
2.868
2.869
2.870
2.872
2.872
2.872
2.874
2.875
2.877
2.877
2.878
2.878
2.879
2.879
2.879
2.881
2.882
2.883
2.884
2.885
2.885
2.887
2.889
2.889
2.890
2.890
2.890
2.891
2.891
2.892
2.893
2.894
2.894
2.896
2.897
2.897
2.898
2.899
2.901
2.901
2.901
2.902
2.904
2.907
2.911
2.914
2.914
2.914
2.915
2.916
2.916
2.917
2.918
2.920
2.921
2.922
2.923
2.924
2.929
2.930
2.930
2.931
2.932
2.934
2.936
2.937
2.937
2.940
2.943
2.945
2.945
2.945
2.946
2.946
2.946
2.947
2.948
2.950
2.952
2.952
2.952
2.952
2.953
2.953
2.955
2.955
2.958
2.960
2.961
2.962
2.964
2.964
2.964
2.965
2.967
2.971
2.972
2.979
2.979
2.979
2.980
2.980
2.980
2.981
2.982
2.982
2.983
2.985
2.986
2.988
2.989
2.990
2.992
2.993
2.995
2.996
2.997
2.997
2.999
2.999
2.999
3.000
3.000
3.001
3.001
3.002
3.002
3.005
3.005
3.007
3.007
3.008
3.009
3.010
3.011
3.012
3.013
3.015
3.017
3.018
3.018
3.019
3.022
3.023
3.026
3.026
3.028
3.028
3.029
3.034
3.034
3.034
3.034
3.034
3.035
3.035
3.036
3.037
3.038
3.038
3.040
3.045
3.046
3.048
3.050
3.051
3.051
3.052
3.052
3.054
3.055
3.057
3.059
3.062
3.063
3.063
3.063
3.063
3.066
3.067
3.067
3.069
3.070
3.074
3.080
3.082
3.084
3.084
3.085
3.085
3.087
3.088
3.089
3.091
3.100
3.101
3.104
3.105
3.111
3.111
3.114
3.116
3.117
3.118
3.119
3.119
3.119
3.122
3.122
3.123
3.126
3.128
3.128
3.132
3.133
3.133
3.137
3.140
3.145
3.152
3.153
3.156
3.156
3.156
3.158
3.158
3.161
3.164
3.164
3.175
3.179
3.181
3.185
3.188
3.194
3.195
3.196
3.203
3.207
3.209
3.214
3.223
3.229
3.235
3.238
3.239
3.243
3.245
3.251
3.257
3.258
3.263
3.265
3.268
3.278
3.281
3.299
3.304
3.304
3.306
3.309
3.310
3.323
3.327
3.335
3.355
3.361
3.366
3.373
3.375
3.403
3.404
3.419
3.425
3.432
3.436
3.456
3.473
3.504
3.509
3.510
3.510
3.521
3.522
3.555
3.556
3.570
3.625
3.667
