2.836
2.862
2.895
2.918
2.921
2.924
2.926
2.926
2.934
2.940
2.941
2.947
2.947
2.952
2.957
2.976
2.977
2.979
2.984
2.987
2.993
2.994
2.999
3.001
3.004
3.007
3.008
3.009
3.010
3.010
3.011
3.011
3.012
3.012
3.012
3.012
3.013
3.018
3.020
3.021
3.021
3.023
3.024
3.026
3.028
3.030
3.031
3.031
3.032
3.037
3.038
3.039
3.042
3.043
3.044
3.045
3.046
3.047
3.050
3.056
3.057
3.057
3.057
3.057
3.058
3.058
3.060
3.062
3.062
3.064
3.065
3.065
3.065
3.067
3.067
3.068
3.070
3.071
3.071
3.072
3.074
3.075
3.076
3.079
3.081
3.082
3.083
3.084
3.084
3.085
3.086
3.087
3.087
3.089
3.090
3.090
3.091
3.091
3.092
3.092
3.093
3.094
3.094
3.095
3.096
3.098
3.098
3.098
3.099
3.099
3.099
3.101
3.101
3.101
3.102
3.102
3.103
3.103
3.103
3.107
3.110
3.111
3.114
3.114
3.115
3.118
3.119
3.119
3.119
3.121
3.121
3.122
3.123
3.124
3.125
3.127
3.128
3.128
3.128
3.129
3.130
3.130
3.131
3.131
3.132
3.133
3.133
3.135
3.135
3.135
3.141
3.141
3.141
3.142
3.142
3.143
3.143
3.143
3.145
3.146
3.146
3.147
3.147
3.150
3.150
3.151
3.151
3.152
3.153
3.155
3.155
3.155
3.157
3.157
3.157
3.158
3.159
3.159
3.159
3.161
3.161
3.162
3.165
3.165
3.165
3.165
3.166
3.166
3.166
3.166
3.167
3.167
3.167
3.168
3.169
3.169
3.169
3.170
3.170
3.171
3.172
3.172
3.172
3.172
3.172
3.172
3.173
3.173
3.175
3.175
3.176
3.176
3.177
3.178
3.178
3.178
3.179
3.179
3.180
3.181
3.181
3.182
3.183
3.184
3.184
3.184
3.184
3.185
3.185
3.186
3.186
3.190
3.190
3.191
3.191
3.192
3.192
3.192
3.193
3.193
3.194
3.194
3.195
3.196
3.196
3.198
3.198
3.198
3.199
3.200
3.200
3.201
3.201
3.202
3.202
3.202
3.203
3.204
3.205
3.205
3.206
3.206
3.206
3.207
3.207
3.207
3.207
3.207
3.208
3.208
3.208
3.208
3.208
3.209
3.209
3.210
3.210
3.210
3.211
3.212
3.212
3.212
3.212
3.212
3.213
3.213
3.216
3.217
3.217
3.217
3.217
3.218
3.218
3.219
3.219
3.219
3.220
3.220
3.220
3.222
3.222
3.223
3.224
3.224
3.224
3.225
3.225
3.226
3.226
3.227
3.227
3.227
3.227
3.227
3.231
3.231
3.232
3.232
3.232
3.233
3.233
3.233
3.234
3.234
3.234
3.235
3.237
3.237
3.237
3.237
3.237
3.238
3.238
3.238
3.239
3.239
3.239
3.239
3.240
3.240
3.240
3.241
3.242
3.242
3.243
3.244
3.245
3.245
3.245
3.246
3.246
3.247
3.247
3.248
3.248
3.249
3.249
3.249
3.250
3.251
3.251
3.251
3.252
3.253
3.255
3.255
3.255
3.256
3.259
3.259
3.259
3.259
3.260
3.260
3.260
3.262
3.262
3.262
3.263
3.264
3.265
3.266
3.266
3.267
3.267
3.267
3.267
3.268
3.268
3.268
3.268
3.270
3.270
3.272
3.273
3.273
3.273
3.274
3.274
3.276
3.276
3.276
3.276
3.276
3.277
3.277
3.277
3.277
3.278
3.278
3.279
3.279
3.279
3.280
3.280
3.281
3.281
3.281
3.281
3.281
3.282
3.282
3.282
3.283
3.284
3.285
3.286
3.286
3.287
3.287
3.287
3.287
3.288
3.289
3.290
3.291
3.292
3.294
3.294
3.295
3.297
3.297
3.297
3.297
3.297
3.297
3.298
3.298
3.299
3.299
3.299
3.300
3.301
3.301
3.302
3.302
3.302
3.303
3.306
3.306
3.306
3.307
3.307
3.307
3.307
3.308
3.309
3.309
3.310
3.310
3.311
3.311
3.311
3.312
3.313
3.314
3.315
3.315
3.315
3.316
3.316
3.316
3.317
3.318
3.318
3.320
3.321
3.321
3.321
3.323
3.323
3.323
3.323
3.328
3.329
3.330
3.330
3.330
3.330
3.330
3.331
3.332
3.332
3.332
3.332
3.333
3.333
3.333
3.334
3.334
3.334
3.336
3.337
3.337
3.338
3.339
3.339
3.340
3.341
3.341
3.341
3.343
3.343
3.343
3.344
3.344
3.344
3.345
3.345
3.345
3.347
3.347
3.348
3.349
3.349
3.349
3.349
3.349
3.349
3.350
3.350
3.352
3.353
3.354
3.354
3.354
3.355
3.355
3.355
3.356
3.357
3.357
3.358
3.359
3.359
3.360
3.363
3.364
3.365
3.367
3.367
3.367
3.369
3.369
3.370
3.372
3.374
3.374
3.374
3.374
3.375
3.375
3.375
3.376
3.376
3.377
3.377
3.378
3.378
3.379
3.379
3.380
3.380
3.380
3.381
3.381
3.384
3.384
3.384
3.385
3.385
3.385
3.385
3.385
3.386
3.386
3.386
3.388
3.388
3.389
3.390
3.390
3.390
3.390
3.390
3.391
3.392
3.392
3.392
3.393
3.397
3.397
3.398
3.398
3.398
3.399
3.399
3.400
3.401
3.401
3.403
3.403
3.404
3.405
3.406
3.407
3.408
3.409
3.411
3.411
3.412
3.412
3.414
3.415
3.415
3.415
3.416
3.416
3.416
3.418
3.418
3.418
3.421
3.422
3.425
3.429
3.430
3.431
3.431
3.435
3.436
3.438
3.440
3.441
3.442
3.443
3.443
3.444
3.444
3.444
3.446
3.447
3.452
3.453
3.457
3.458
3.461
3.461
3.467
3.475
3.479
3.479
3.479
3.481
3.482
3.482
3.483
3.485
3.487
3.488
3.489
3.490
3.490
3.494
3.497
3.497
3.504
3.506
3.510
3.513
3.514
3.514
3.514
3.515
3.517
3.518
3.520
3.524
3.529
3.531
3.533
3.536
3.539
3.543
3.551
3.552
3.554
3.567
3.568
3.571
3.571
3.575
3.583
3.613
3.625
3.631
3.634
3.644
3.649
3.692
3.799
3.866
