2.570
2.581
2.583
2.592
2.592
2.596
2.612
2.626
2.640
2.642
2.649
2.660
2.663
2.664
2.670
2.682
2.684
2.685
2.686
2.686
2.686
2.690
2.694
2.695
2.695
2.696
2.698
2.698
2.698
2.702
2.708
2.709
2.709
2.710
2.711
2.713
2.713
2.715
2.716
2.717
2.721
2.721
2.723
2.723
2.726
2.727
2.729
2.730
2.731
2.731
2.734
2.735
2.735
2.736
2.736
2.736
2.737
2.737
2.738
2.738
2.741
2.742
2.742
2.743
2.744
2.744
2.744
2.745
2.745
2.746
2.747
2.750
2.750
2.750
2.751
2.755
2.756
2.757
2.758
2.762
2.762
2.763
2.763
2.764
2.765
2.766
2.766
2.767
2.767
2.769
2.771
2.772
2.773
2.773
2.775
2.778
2.778
2.778
2.778
2.779
2.780
2.780
2.780
2.782
2.782
2.782
2.782
2.783
2.783
2.785
2.786
2.787
2.787
2.787
2.787
2.788
2.788
2.788
2.789
2.790
2.792
2.792
2.792
2.793
2.795
2.797
2.797
2.798
2.798
2.799
2.800
2.801
2.802
2.802
2.803
2.803
2.804
2.804
2.806
2.806
2.806
2.807
2.807
2.809
2.810
2.811
2.813
2.813
2.814
2.814
2.814
2.815
2.815
2.816
2.817
2.818
2.819
2.819
2.820
2.820
2.821
2.822
2.822
2.823
2.823
2.823
2.825
2.826
2.826
2.827
2.827
2.827
2.828
2.829
2.830
2.830
2.830
2.830
2.831
2.831
2.832
2.832
2.832
2.834
2.835
2.835
2.839
2.839
2.839
2.840
2.840
2.841
2.841
2.842
2.842
2.843
2.843
2.844
2.844
2.845
2.845
2.846
2.846
2.846
2.847
2.848
2.848
2.849
2.849
2.850
2.851
2.851
2.851
2.852
2.852
2.853
2.853
2.854
2.855
2.856
2.856
2.857
2.858
2.859
2.860
2.862
2.862
2.862
2.863
2.863
2.864
2.865
2.865
2.865
2.865
2.865
2.865
2.865
2.866
2.866
2.866
2.867
2.868
2.868
2.868
2.868
2.869
2.869
2.870
2.872
2.872
2.872
2.872
2.872
2.872
2.873
2.873
2.874
2.874
2.874
2.875
2.875
2.875
2.876
2.876
2.876
2.876
2.877
2.877
2.877
2.877
2.877
2.878
2.879
2.879
2.879
2.881
2.881
2.881
2.882
2.882
2.883
2.883
2.883
2.883
2.884
2.885
2.885
2.885
2.885
2.885
2.885
2.886
2.886
2.887
2.887
2.888
2.888
2.889
2.889
2.889
2.890
2.890
2.890
2.891
2.891
2.891
2.891
2.892
2.893
2.894
2.894
2.894
2.894
2.895
2.896
2.896
2.896
2.897
2.897
2.897
2.899
2.900
2.900
2.901
2.901
2.902
2.902
2.903
2.903
2.903
2.904
2.904
2.904
2.905
2.905
2.906
2.906
2.907
2.907
2.908
2.908
2.908
2.909
2.909
2.909
2.909
2.909
2.910
2.912
2.912
2.912
2.912
2.913
2.913
2.915
2.916
2.916
2.917
2.917
2.917
2.918
2.918
2.918
2.919
2.919
2.920
2.921
2.921
2.921
2.922
2.922
2.922
2.922
2.922
2.922
2.923
2.923
2.924
2.925
2.925
2.926
2.926
2.926
2.927
2.927
2.927
2.927
2.928
2.928
2.928
2.929
2.929
2.929
2.930
2.930
2.931
2.931
2.932
2.933
2.934
2.935
2.935
2.936
2.937
2.937
2.937
2.938
2.938
2.939
2.939
2.940
2.941
2.941
2.941
2.942
2.942
2.942
2.942
2.942
2.944
2.944
2.944
2.946
2.946
2.946
2.946
2.946
2.947
2.947
2.948
2.949
2.950
2.950
2.951
2.951
2.952
2.952
2.952
2.952
2.953
2.953
2.954
2.955
2.955
2.955
2.957
2.958
2.959
2.959
2.959
2.960
2.960
2.960
2.960
2.961
2.964
2.964
2.964
2.965
2.965
2.965
2.966
2.967
2.967
2.967
2.968
2.968
2.969
2.970
2.970
2.970
2.970
2.971
2.972
2.973
2.973
2.973
2.974
2.975
2.975
2.976
2.977
2.977
2.978
2.978
2.979
2.980
2.980
2.980
2.980
2.982
2.982
2.986
2.986
2.987
2.988
2.988
2.988
2.988
2.988
2.989
2.989
2.989
2.990
2.991
2.991
2.991
2.992
2.992
2.992
2.993
2.995
2.995
2.995
2.996
2.997
2.997
3.000
3.000
3.000
3.001
3.001
3.001
3.001
3.002
3.003
3.003
3.005
3.005
3.005
3.007
3.008
3.009
3.009
3.009
3.009
3.010
3.010
3.011
3.011
3.013
3.013
3.014
3.014
3.015
3.015
3.015
3.016
3.016
3.017
3.017
3.018
3.020
3.020
3.021
3.022
3.024
3.025
3.025
3.027
3.027
3.028
3.028
3.028
3.029
3.029
3.029
3.030
3.031
3.032
3.035
3.036
3.036
3.036
3.036
3.037
3.037
3.037
3.038
3.039
3.039
3.040
3.040
3.041
3.042
3.042
3.043
3.044
3.044
3.044
3.047
3.048
3.048
3.050
3.051
3.051
3.052
3.052
3.053
3.054
3.055
3.055
3.055
3.056
3.057
3.057
3.058
3.058
3.059
3.061
3.061
3.063
3.063
3.063
3.063
3.065
3.068
3.068
3.069
3.070
3.070
3.070
3.072
3.073
3.076
3.076
3.076
3.077
3.077
3.078
3.078
3.078
3.081
3.082
3.084
3.085
3.086
3.086
3.088
3.089
3.091
3.095
3.095
3.096
3.098
3.098
3.101
3.101
3.101
3.104
3.107
3.109
3.109
3.110
3.110
3.111
3.113
3.113
3.115
3.116
3.118
3.121
3.122
3.123
3.124
3.124
3.126
3.130
3.132
3.133
3.135
3.135
3.138
3.143
3.145
3.145
3.146
3.147
3.153
3.154
3.158
3.158
3.162
3.163
3.169
3.170
3.172
3.173
3.174
3.178
3.181
3.181
3.186
3.187
3.190
3.191
3.193
3.193
3.196
3.196
3.200
3.200
3.201
3.202
3.203
3.204
3.209
3.210
3.210
3.213
3.217
3.218
3.223
3.247
3.251
3.262
3.262
3.272
3.300
3.311
3.389
