1.693
1.720
1.738
1.757
1.777
1.783
1.784
1.786
1.790
1.796
1.796
1.797
1.803
1.804
1.804
1.804
1.808
1.812
1.813
1.818
1.823
1.826
1.826
1.827
1.829
1.832
1.833
1.833
1.837
1.838
1.839
1.843
1.843
1.845
1.846
1.846
1.847
1.847
1.850
1.853
1.853
1.854
1.854
1.855
1.855
1.857
1.858
1.858
1.859
1.860
1.861
1.864
1.865
1.868
1.868
1.868
1.868
1.870
1.870
1.871
1.873
1.873
1.873
1.873
1.874
1.874
1.876
1.876
1.876
1.878
1.879
1.883
1.884
1.884
1.884
1.886
1.887
1.888
1.888
1.889
1.889
1.890
1.892
1.894
1.894
1.895
1.895
1.896
1.896
1.897
1.897
1.898
1.898
1.899
1.899
1.900
1.902
1.903
1.903
1.904
1.904
1.904
1.904
1.906
1.906
1.907
1.908
1.908
1.909
1.909
1.910
1.910
1.911
1.911
1.911
1.914
1.914
1.914
1.914
1.915
1.916
1.917
1.917
1.917
1.918
1.919
1.920
1.920
1.920
1.921
1.921
1.921
1.922
1.922
1.923
1.923
1.924
1.924
1.924
1.924
1.924
1.925
1.925
1.926
1.926
1.927
1.927
1.927
1.929
1.930
1.930
1.930
1.931
1.932
1.932
1.932
1.932
1.933
1.933
1.935
1.935
1.936
1.936
1.937
1.938
1.939
1.939
1.939
1.939
1.940
1.940
1.940
1.941
1.941
1.941
1.942
1.942
1.942
1.942
1.943
1.943
1.943
1.943
1.943
1.944
1.944
1.945
1.945
1.945
1.946
1.947
1.948
1.948
1.949
1.950
1.951
1.951
1.951
1.952
1.952
1.952
1.953
1.953
1.954
1.954
1.955
1.956
1.956
1.957
1.958
1.958
1.958
1.959
1.959
1.959
1.959
1.960
1.960
1.960
1.962
1.964
1.964
1.964
1.965
1.966
1.966
1.967
1.967
1.967
1.968
1.968
1.968
1.968
1.969
1.969
1.970
1.970
1.970
1.970
1.971
1.971
1.971
1.972
1.972
1.972
1.972
1.973
1.973
1.973
1.973
1.973
1.974
1.974
1.975
1.975
1.975
1.976
1.977
1.977
1.977
1.978
1.978
1.979
1.979
1.979
1.979
1.980
1.980
1.980
1.981
1.981
1.981
1.982
1.982
1.982
1.983
1.983
1.983
1.984
1.984
1.984
1.984
1.984
1.984
1.985
1.985
1.985
1.985
1.985
1.986
1.987
1.987
1.987
1.987
1.987
1.987
1.987
1.988
1.988
1.988
1.988
1.988
1.989
1.989
1.989
1.990
1.990
1.990
1.990
1.990
1.990
1.991
1.992
1.992
1.992
1.992
1.993
1.993
1.993
1.993
1.993
1.994
1.994
1.994
1.994
1.994
1.995
1.995
1.996
1.997
1.998
1.998
1.999
1.999
2.001
2.002
2.003
2.004
2.004
2.005
2.007
2.007
2.007
2.008
2.009
2.009
2.009
2.009
2.010
2.010
2.010
2.011
2.011
2.011
2.011
2.011
2.011
2.011
2.012
2.013
2.013
2.013
2.013
2.014
2.014
2.014
2.015
2.016
2.016
2.016
2.018
2.018
2.019
2.019
2.020
2.020
2.020
2.021
2.021
2.021
2.021
2.021
2.022
2.022
2.022
2.023
2.024
2.024
2.025
2.025
2.025
2.026
2.027
2.027
2.027
2.027
2.028
2.028
2.028
2.028
2.028
2.028
2.028
2.029
2.030
2.030
2.030
2.031
2.032
2.032
2.032
2.032
2.032
2.033
2.033
2.033
2.033
2.034
2.034
2.035
2.036
2.036
2.037
2.037
2.037
2.038
2.038
2.038
2.038
2.039
2.039
2.039
2.039
2.040
2.041
2.041
2.042
2.043
2.043
2.044
2.044
2.045
2.045
2.045
2.045
2.045
2.046
2.046
2.046
2.046
2.046
2.048
2.048
2.048
2.049
2.049
2.050
2.050
2.051
2.051
2.051
2.053
2.053
2.054
2.054
2.055
2.055
2.055
2.055
2.056
2.056
2.056
2.057
2.057
2.058
2.058
2.059
2.059
2.060
2.060
2.060
2.061
2.061
2.061
2.061
2.062
2.062
2.063
2.063
2.063
2.063
2.063
2.064
2.065
2.065
2.065
2.065
2.066
2.066
2.067
2.067
2.067
2.068
2.069
2.069
2.069
2.069
2.069
2.070
2.070
2.071
2.071
2.071
2.071
2.072
2.074
2.074
2.074
2.074
2.074
2.075
2.075
2.076
2.076
2.077
2.077
2.077
2.077
2.077
2.077
2.077
2.079
2.079
2.079
2.079
2.080
2.081
2.081
2.083
2.084
2.085
2.086
2.086
2.088
2.088
2.088
2.089
2.089
2.090
2.090
2.091
2.091
2.091
2.092
2.092
2.094
2.094
2.094
2.095
2.095
2.095
2.096
2.096
2.098
2.098
2.098
2.099
2.100
2.101
2.101
2.102
2.102
2.102
2.102
2.103
2.103
2.104
2.104
2.104
2.106
2.106
2.106
2.106
2.106
2.108
2.108
2.110
2.110
2.110
2.110
2.111
2.111
2.112
2.112
2.113
2.113
2.114
2.114
2.115
2.115
2.115
2.116
2.117
2.117
2.118
2.119
2.120
2.121
2.122
2.122
2.124
2.124
2.124
2.124
2.124
2.125
2.125
2.126
2.128
2.128
2.128
2.129
2.129
2.130
2.130
2.130
2.130
2.131
2.132
2.134
2.135
2.137
2.137
2.138
2.139
2.139
2.139
2.140
2.140
2.141
2.141
2.142
2.143
2.144
2.144
2.144
2.144
2.145
2.146
2.148
2.148
2.148
2.148
2.150
2.151
2.152
2.152
2.153
2.155
2.156
2.157
2.158
2.158
2.159
2.159
2.160
2.163
2.164
2.165
2.167
2.167
2.171
2.171
2.171
2.172
2.173
2.174
2.175
2.175
2.177
2.180
2.181
2.182
2.182
2.183
2.185
2.187
2.188
2.189
2.189
2.191
2.193
2.197
2.198
2.198
2.200
2.205
2.205
2.210
2.210
2.213
2.214
2.214
2.218
2.219
2.224
2.228
2.230
2.233
2.240
2.253
2.255
2.256
2.263
2.268
2.270
2.278
2.283
2.290
2.333
2.354
2.361
