1.922
1.929
1.930
1.937
1.956
1.961
1.974
1.980
1.984
1.993
1.994
1.994
1.995
1.997
2.005
2.012
2.014
2.016
2.022
2.023
2.026
2.028
2.029
2.031
2.035
2.035
2.039
2.040
2.041
2.044
2.045
2.046
2.047
2.048
2.049
2.049
2.053
2.054
2.057
2.060
2.061
2.063
2.064
2.064
2.067
2.067
2.068
2.070
2.071
2.071
2.073
2.074
2.074
2.075
2.075
2.077
2.079
2.080
2.081
2.081
2.082
2.084
2.086
2.087
2.087
2.088
2.088
2.090
2.091
2.092
2.092
2.092
2.095
2.095
2.095
2.097
2.098
2.098
2.098
2.098
2.099
2.100
2.100
2.101
2.101
2.101
2.102
2.102
2.103
2.103
2.103
2.105
2.105
2.107
2.107
2.108
2.108
2.109
2.109
2.109
2.109
2.109
2.111
2.111
2.111
2.112
2.113
2.113
2.114
2.114
2.114
2.116
2.116
2.117
2.118
2.118
2.119
2.119
2.120
2.120
2.120
2.121
2.121
2.121
2.123
2.124
2.125
2.125
2.125
2.126
2.126
2.126
2.127
2.130
2.130
2.132
2.132
2.134
2.134
2.134
2.134
2.134
2.136
2.136
2.136
2.137
2.138
2.138
2.139
2.139
2.140
2.141
2.141
2.142
2.142
2.143
2.144
2.144
2.145
2.145
2.147
2.147
2.147
2.148
2.148
2.148
2.149
2.149
2.149
2.149
2.149
2.150
2.151
2.151
2.152
2.152
2.153
2.153
2.153
2.154
2.155
2.156
2.156
2.156
2.157
2.157
2.157
2.158
2.158
2.159
2.160
2.161
2.161
2.161
2.162
2.163
2.163
2.164
2.164
2.164
2.165
2.165
2.165
2.165
2.166
2.166
2.168
2.168
2.168
2.169
2.169
2.171
2.171
2.172
2.172
2.172
2.173
2.174
2.175
2.175
2.176
2.176
2.176
2.176
2.176
2.176
2.177
2.177
2.177
2.178
2.179
2.179
2.179
2.179
2.181
2.181
2.181
2.182
2.182
2.182
2.183
2.183
2.184
2.184
2.184
2.185
2.185
2.186
2.186
2.186
2.187
2.187
2.187
2.187
2.188
2.188
2.189
2.189
2.189
2.189
2.189
2.191
2.192
2.192
2.192
2.192
2.192
2.193
2.193
2.194
2.194
2.195
2.195
2.196
2.196
2.196
2.196
2.197
2.197
2.197
2.198
2.198
2.199
2.199
2.200
2.200
2.201
2.201
2.201
2.203
2.204
2.204
2.204
2.205
2.205
2.205
2.206
2.206
2.206
2.206
2.206
2.206
2.206
2.207
2.207
2.207
2.207
2.209
2.209
2.209
2.210
2.210
2.211
2.211
2.211
2.211
2.212
2.212
2.212
2.212
2.212
2.212
2.212
2.212
2.213
2.214
2.214
2.216
2.217
2.217
2.217
2.218
2.218
2.218
2.218
2.218
2.219
2.220
2.220
2.220
2.221
2.222
2.222
2.223
2.224
2.224
2.224
2.224
2.224
2.224
2.225
2.225
2.225
2.225
2.225
2.226
2.226
2.226
2.227
2.227
2.227
2.227
2.229
2.229
2.229
2.230
2.230
2.230
2.231
2.231
2.232
2.232
2.232
2.232
2.234
2.234
2.234
2.234
2.234
2.234
2.234
2.235
2.235
2.235
2.235
2.236
2.236
2.236
2.237
2.237
2.238
2.238
2.238
2.238
2.238
2.239
2.239
2.239
2.239
2.239
2.240
2.240
2.240
2.240
2.242
2.242
2.242
2.243
2.244
2.244
2.244
2.244
2.244
2.245
2.245
2.245
2.245
2.246
2.246
2.246
2.247
2.247
2.247
2.248
2.249
2.249
2.249
2.250
2.250
2.250
2.250
2.250
2.251
2.251
2.251
2.252
2.252
2.252
2.252
2.253
2.253
2.253
2.253
2.253
2.255
2.256
2.256
2.257
2.257
2.257
2.257
2.257
2.258
2.258
2.258
2.259
2.259
2.259
2.259
2.259
2.260
2.260
2.260
2.261
2.262
2.262
2.263
2.264
2.264
2.264
2.265
2.266
2.266
2.266
2.267
2.267
2.268
2.268
2.269
2.270
2.270
2.271
2.271
2.272
2.272
2.272
2.273
2.273
2.273
2.273
2.273
2.274
2.275
2.275
2.275
2.275
2.275
2.275
2.276
2.276
2.277
2.277
2.277
2.277
2.277
2.277
2.278
2.279
2.279
2.279
2.280
2.280
2.280
2.280
2.280
2.281
2.282
2.283
2.283
2.283
2.284
2.284
2.285
2.285
2.286
2.286
2.286
2.286
2.286
2.286
2.286
2.287
2.287
2.288
2.288
2.288
2.288
2.288
2.288
2.289
2.290
2.292
2.292
2.292
2.292
2.293
2.293
2.293
2.294
2.294
2.295
2.295
2.295
2.298
2.298
2.300
2.301
2.302
2.302
2.303
2.303
2.304
2.305
2.306
2.307
2.309
2.310
2.310
2.311
2.311
2.311
2.312
2.312
2.312
2.313
2.313
2.314
2.315
2.316
2.316
2.317
2.317
2.317
2.318
2.319
2.320
2.322
2.322
2.322
2.322
2.324
2.324
2.324
2.324
2.325
2.325
2.326
2.326
2.327
2.328
2.329
2.329
2.330
2.331
2.331
2.331
2.331
2.331
2.334
2.334
2.334
2.334
2.334
2.334
2.335
2.336
2.336
2.337
2.337
2.338
2.338
2.340
2.340
2.341
2.341
2.342
2.342
2.343
2.346
2.347
2.348
2.348
2.349
2.350
2.351
2.351
2.352
2.353
2.355
2.357
2.358
2.358
2.359
2.359
2.359
2.359
2.359
2.359
2.360
2.361
2.362
2.363
2.363
2.364
2.365
2.365
2.366
2.366
2.366
2.367
2.368
2.372
2.373
2.373
2.374
2.375
2.376
2.379
2.384
2.385
2.386
2.386
2.388
2.389
2.390
2.391
2.394
2.396
2.397
2.397
2.397
2.398
2.400
2.401
2.402
2.403
2.403
2.405
2.405
2.406
2.411
2.412
2.415
2.419
2.420
2.423
2.426
2.427
2.428
2.429
2.431
2.432
2.441
2.442
2.443
2.451
2.452
2.452
2.452
2.454
2.460
2.465
2.470
2.477
2.479
2.488
2.491
2.497
2.504
2.513
2.521
2.524
