2.532
2.655
2.662
2.714
2.722
2.728
2.730
2.743
2.750
2.751
2.758
2.762
2.762
2.771
2.774
2.777
2.780
2.780
2.780
2.781
2.781
2.782
2.785
2.785
2.787
2.788
2.788
2.791
2.793
2.794
2.795
2.801
2.801
2.804
2.804
2.805
2.806
2.806
2.809
2.809
2.810
2.811
2.811
2.813
2.813
2.817
2.818
2.825
2.825
2.826
2.828
2.830
2.830
2.832
2.833
2.834
2.836
2.838
2.839
2.839
2.842
2.842
2.842
2.843
2.847
2.847
2.851
2.853
2.859
2.862
2.864
2.864
2.864
2.866
2.866
2.867
2.872
2.872
2.873
2.873
2.874
2.874
2.880
2.881
2.882
2.883
2.883
2.883
2.884
2.884
2.885
2.885
2.886
2.886
2.887
2.887
2.888
2.890
2.891
2.892
2.892
2.893
2.894
2.897
2.897
2.898
2.898
2.899
2.899
2.901
2.902
2.902
2.903
2.904
2.904
2.905
2.905
2.905
2.907
2.907
2.909
2.910
2.910
2.912
2.912
2.913
2.913
2.913
2.914
2.914
2.915
2.915
2.918
2.918
2.919
2.919
2.920
2.921
2.921
2.922
2.923
2.923
2.923
2.924
2.924
2.924
2.925
2.925
2.925
2.926
2.926
2.926
2.926
2.927
2.927
2.928
2.928
2.928
2.929
2.929
2.931
2.931
2.932
2.933
2.933
2.934
2.934
2.934
2.934
2.934
2.935
2.936
2.936
2.937
2.938
2.938
2.938
2.939
2.940
2.940
2.941
2.941
2.943
2.943
2.944
2.945
2.945
2.945
2.945
2.945
2.945
2.946
2.946
2.947
2.947
2.948
2.948
2.949
2.949
2.950
2.950
2.950
2.950
2.951
2.951
2.951
2.951
2.952
2.952
2.953
2.954
2.954
2.955
2.956
2.957
2.957
2.958
2.958
2.958
2.959
2.959
2.959
2.959
2.960
2.960
2.960
2.961
2.962
2.962
2.962
2.962
2.963
2.964
2.964
2.964
2.964
2.965
2.966
2.966
2.966
2.967
2.967
2.968
2.968
2.968
2.970
2.970
2.971
2.972
2.972
2.973
2.973
2.974
2.976
2.977
2.977
2.978
2.978
2.978
2.979
2.979
2.979
2.979
2.979
2.979
2.980
2.980
2.981
2.981
2.983
2.984
2.984
2.984
2.985
2.985
2.986
2.987
2.987
2.987
2.987
2.988
2.988
2.988
2.988
2.988
2.988
2.989
2.990
2.990
2.990
2.990
2.991
2.991
2.991
2.991
2.991
2.992
2.992
2.992
2.993
2.993
2.993
2.994
2.994
2.996
2.996
2.997
2.997
2.998
2.998
2.998
2.998
2.999
2.999
2.999
3.000
3.001
3.001
3.001
3.002
3.003
3.003
3.003
3.003
3.004
3.004
3.004
3.005
3.005
3.005
3.005
3.006
3.007
3.007
3.008
3.008
3.009
3.009
3.009
3.010
3.011
3.011
3.012
3.013
3.013
3.013
3.013
3.014
3.014
3.014
3.014
3.015
3.015
3.015
3.016
3.016
3.017
3.017
3.017
3.017
3.019
3.019
3.019
3.019
3.020
3.021
3.022
3.022
3.022
3.023
3.024
3.024
3.024
3.024
3.025
3.026
3.026
3.026
3.027
3.028
3.028
3.028
3.028
3.029
3.029
3.029
3.030
3.030
3.031
3.031
3.032
3.032
3.032
3.033
3.033
3.034
3.034
3.035
3.035
3.036
3.036
3.036
3.036
3.036
3.037
3.037
3.038
3.038
3.038
3.039
3.039
3.039
3.039
3.039
3.040
3.041
3.041
3.042
3.043
3.044
3.045
3.047
3.048
3.048
3.051
3.051
3.052
3.052
3.053
3.053
3.054
3.054
3.055
3.055
3.055
3.055
3.055
3.055
3.056
3.056
3.056
3.057
3.058
3.058
3.058
3.058
3.058
3.058
3.059
3.059
3.059
3.059
3.060
3.060
3.060
3.061
3.061
3.061
3.061
3.061
3.062
3.062
3.063
3.063
3.063
3.064
3.064
3.065
3.065
3.065
3.065
3.067
3.067
3.068
3.069
3.069
3.069
3.070
3.070
3.070
3.070
3.071
3.071
3.071
3.073
3.073
3.074
3.074
3.075
3.076
3.077
3.077
3.078
3.078
3.078
3.078
3.080
3.081
3.083
3.083
3.083
3.083
3.084
3.085
3.085
3.086
3.086
3.086
3.087
3.087
3.088
3.088
3.088
3.088
3.088
3.089
3.089
3.090
3.091
3.092
3.092
3.093
3.093
3.093
3.095
3.096
3.096
3.096
3.097
3.098
3.098
3.099
3.100
3.100
3.100
3.100
3.100
3.100
3.100
3.101
3.102
3.102
3.103
3.104
3.106
3.106
3.106
3.107
3.108
3.109
3.109
3.109
3.109
3.110
3.111
3.113
3.113
3.114
3.115
3.115
3.116
3.116
3.117
3.118
3.118
3.119
3.119
3.121
3.123
3.124
3.125
3.125
3.129
3.129
3.130
3.131
3.131
3.132
3.132
3.132
3.132
3.133
3.134
3.134
3.137
3.137
3.140
3.140
3.140
3.141
3.142
3.142
3.143
3.143
3.145
3.147
3.147
3.147
3.148
3.149
3.150
3.150
3.152
3.152
3.153
3.155
3.155
3.156
3.156
3.157
3.157
3.160
3.161
3.162
3.162
3.163
3.165
3.166
3.168
3.168
3.173
3.174
3.175
3.177
3.178
3.178
3.179
3.179
3.179
3.181
3.182
3.182
3.183
3.184
3.185
3.188
3.188
3.188
3.188
3.189
3.189
3.190
3.192
3.193
3.194
3.195
3.196
3.197
3.197
3.198
3.198
3.198
3.199
3.200
3.200
3.201
3.201
3.202
3.206
3.208
3.209
3.209
3.212
3.217
3.217
3.217
3.218
3.220
3.223
3.224
3.228
3.230
3.231
3.232
3.235
3.235
3.235
3.235
3.239
3.240
3.240
3.242
3.242
3.242
3.243
3.243
3.243
3.245
3.247
3.248
3.253
3.255
3.256
3.256
3.259
3.263
3.265
3.269
3.273
3.275
3.276
3.276
3.278
3.280
3.281
3.284
3.289
3.291
3.291
3.300
3.305
3.306
3.309
3.321
3.327
3.329
3.332
3.353
3.355
3.361
3.379
3.434
