1.961
1.977
2.043
2.044
2.068
2.070
2.078
2.104
2.111
2.115
2.116
2.119
2.129
2.129
2.133
2.137
2.146
2.148
2.154
2.161
2.163
2.168
2.169
2.169
2.180
2.186
2.191
2.191
2.199
2.199
2.201
2.201
2.202
2.203
2.205
2.206
2.207
2.207
2.209
2.209
2.210
2.212
2.213
2.213
2.215
2.218
2.218
2.219
2.219
2.219
2.224
2.228
2.231
2.231
2.232
2.233
2.233
2.235
2.236
2.237
2.239
2.241
2.242
2.243
2.246
2.246
2.247
2.249
2.250
2.252
2.252
2.253
2.254
2.254
2.256
2.256
2.257
2.258
2.258
2.259
2.259
2.260
2.263
2.263
2.265
2.271
2.271
2.271
2.271
2.275
2.278
2.278
2.278
2.280
2.281
2.282
2.282
2.282
2.283
2.283
2.286
2.286
2.286
2.288
2.288
2.288
2.289
2.289
2.289
2.291
2.294
2.294
2.295
2.295
2.296
2.297
2.298
2.299
2.300
2.302
2.302
2.304
2.304
2.305
2.306
2.306
2.313
2.313
2.314
2.314
2.314
2.316
2.316
2.316
2.317
2.318
2.318
2.319
2.319
2.323
2.324
2.324
2.324
2.326
2.326
2.326
2.326
2.328
2.328
2.329
2.330
2.331
2.331
2.332
2.332
2.334
2.335
2.336
2.336
2.337
2.337
2.340
2.341
2.341
2.341
2.342
2.343
2.343
2.344
2.344
2.345
2.347
2.349
2.349
2.352
2.352
2.353
2.353
2.355
2.355
2.355
2.355
2.356
2.357
2.358
2.358
2.359
2.359
2.360
2.361
2.361
2.363
2.364
2.364
2.365
2.366
2.368
2.369
2.369
2.370
2.372
2.373
2.373
2.374
2.375
2.375
2.376
2.377
2.377
2.377
2.377
2.378
2.378
2.379
2.379
2.379
2.379
2.380
2.380
2.381
2.381
2.382
2.382
2.382
2.382
2.383
2.385
2.385
2.386
2.386
2.386
2.387
2.387
2.388
2.388
2.389
2.389
2.389
2.389
2.389
2.390
2.390
2.391
2.391
2.392
2.395
2.396
2.396
2.397
2.398
2.400
2.400
2.401
2.403
2.404
2.404
2.405
2.405
2.405
2.406
2.407
2.407
2.408
2.409
2.410
2.410
2.411
2.411
2.411
2.412
2.413
2.415
2.416
2.417
2.419
2.419
2.420
2.420
2.420
2.420
2.421
2.421
2.421
2.421
2.422
2.422
2.422
2.422
2.423
2.423
2.423
2.424
2.425
2.425
2.426
2.426
2.426
2.427
2.427
2.429
2.429
2.430
2.430
2.431
2.431
2.431
2.431
2.431
2.432
2.432
2.433
2.434
2.434
2.434
2.434
2.435
2.435
2.435
2.435
2.436
2.436
2.437
2.437
2.437
2.437
2.439
2.439
2.440
2.440
2.440
2.440
2.443
2.443
2.443
2.443
2.444
2.444
2.445
2.446
2.446
2.446
2.446
2.447
2.447
2.448
2.448
2.449
2.449
2.450
2.450
2.450
2.450
2.451
2.451
2.451
2.452
2.453
2.454
2.456
2.456
2.456
2.456
2.457
2.457
2.458
2.459
2.459
2.459
2.459
2.460
2.460
2.460
2.460
2.461
2.461
2.462
2.462
2.463
2.463
2.463
2.463
2.464
2.464
2.464
2.464
2.464
2.465
2.465
2.466
2.466
2.467
2.468
2.468
2.468
2.468
2.468
2.469
2.469
2.470
2.470
2.470
2.470
2.471
2.471
2.472
2.473
2.474
2.475
2.475
2.475
2.476
2.476
2.477
2.478
2.478
2.478
2.478
2.479
2.479
2.479
2.481
2.482
2.484
2.486
2.486
2.486
2.487
2.487
2.488
2.488
2.488
2.489
2.490
2.491
2.491
2.491
2.492
2.492
2.492
2.493
2.494
2.496
2.497
2.497
2.497
2.497
2.497
2.498
2.498
2.498
2.499
2.499
2.499
2.501
2.502
2.503
2.503
2.503
2.503
2.504
2.504
2.504
2.505
2.505
2.505
2.506
2.506
2.507
2.507
2.508
2.508
2.508
2.508
2.508
2.509
2.509
2.510
2.510
2.510
2.510
2.510
2.511
2.511
2.511
2.514
2.515
2.516
2.517
2.517
2.517
2.518
2.518
2.518
2.519
2.520
2.521
2.522
2.523
2.523
2.523
2.523
2.524
2.525
2.525
2.526
2.526
2.526
2.528
2.529
2.530
2.530
2.531
2.531
2.531
2.531
2.531
2.531
2.533
2.534
2.534
2.534
2.535
2.536
2.536
2.536
2.537
2.537
2.538
2.538
2.538
2.540
2.540
2.541
2.541
2.542
2.543
2.543
2.544
2.544
2.545
2.545
2.546
2.546
2.546
2.546
2.547
2.547
2.547
2.548
2.549
2.549
2.549
2.550
2.550
2.551
2.551
2.552
2.552
2.556
2.556
2.556
2.557
2.558
2.559
2.559
2.559
2.559
2.560
2.560
2.561
2.562
2.563
2.563
2.564
2.564
2.564
2.564
2.566
2.567
2.567
2.568
2.568
2.568
2.569
2.572
2.572
2.572
2.573
2.575
2.576
2.576
2.578
2.578
2.579
2.579
2.580
2.581
2.583
2.584
2.585
2.587
2.587
2.589
2.590
2.590
2.592
2.592
2.593
2.595
2.596
2.596
2.596
2.597
2.598
2.602
2.602
2.604
2.605
2.605
2.606
2.606
2.607
2.607
2.609
2.609
2.610
2.612
2.612
2.613
2.614
2.616
2.616
2.617
2.618
2.620
2.621
2.623
2.624
2.626
2.627
2.627
2.627
2.628
2.629
2.637
2.637
2.638
2.642
2.642
2.645
2.646
2.654
2.655
2.655
2.658
2.658
2.659
2.659
2.661
2.662
2.663
2.664
2.664
2.666
2.668
2.669
2.669
2.669
2.669
2.672
2.674
2.675
2.677
2.678
2.679
2.684
2.685
2.685
2.685
2.686
2.687
2.688
2.688
2.694
2.694
2.695
2.695
2.698
2.702
2.703
2.707
2.707
2.712
2.715
2.718
2.720
2.721
2.721
2.727
2.728
2.731
2.735
2.735
2.744
2.760
2.761
2.766
2.770
2.773
2.778
2.778
2.780
2.781
2.790
2.792
2.796
2.821
2.824
2.831
2.883
2.905
2.940
