2.063
2.158
2.172
2.191
2.193
2.200
2.206
2.208
2.210
2.212
2.212
2.216
2.220
2.221
2.224
2.228
2.232
2.232
2.234
2.239
2.240
2.244
2.252
2.254
2.256
2.256
2.260
2.270
2.272
2.274
2.274
2.276
2.277
2.278
2.281
2.284
2.284
2.285
2.285
2.286
2.287
2.288
2.296
2.296
2.298
2.298
2.299
2.300
2.300
2.300
2.301
2.305
2.310
2.312
2.314
2.314
2.316
2.316
2.316
2.317
2.318
2.320
2.320
2.322
2.325
2.325
2.326
2.331
2.331
2.332
2.332
2.333
2.334
2.334
2.336
2.336
2.337
2.339
2.340
2.340
2.340
2.343
2.345
2.346
2.347
2.348
2.349
2.350
2.350
2.351
2.352
2.356
2.356
2.357
2.358
2.359
2.359
2.359
2.361
2.361
2.363
2.364
2.364
2.366
2.367
2.368
2.369
2.370
2.370
2.370
2.370
2.371
2.372
2.373
2.373
2.374
2.374
2.374
2.377
2.377
2.377
2.378
2.378
2.379
2.379
2.379
2.381
2.381
2.381
2.383
2.383
2.385
2.388
2.390
2.390
2.390
2.391
2.392
2.392
2.392
2.395
2.395
2.396
2.396
2.396
2.397
2.398
2.398
2.398
2.398
2.399
2.399
2.400
2.401
2.401
2.401
2.402
2.402
2.402
2.403
2.403
2.403
2.405
2.405
2.406
2.407
2.407
2.410
2.410
2.411
2.412
2.412
2.414
2.415
2.415
2.416
2.416
2.416
2.416
2.417
2.418
2.418
2.419
2.419
2.419
2.419
2.419
2.419
2.420
2.421
2.421
2.421
2.422
2.422
2.422
2.423
2.423
2.423
2.423
2.424
2.427
2.428
2.429
2.430
2.431
2.433
2.434
2.434
2.435
2.435
2.435
2.435
2.437
2.438
2.438
2.439
2.439
2.439
2.439
2.440
2.440
2.440
2.441
2.442
2.442
2.444
2.444
2.445
2.446
2.446
2.446
2.446
2.447
2.447
2.447
2.447
2.448
2.448
2.449
2.449
2.449
2.449
2.449
2.450
2.450
2.450
2.451
2.451
2.453
2.453
2.454
2.455
2.456
2.458
2.458
2.459
2.460
2.460
2.461
2.461
2.461
2.461
2.462
2.462
2.463
2.464
2.464
2.465
2.465
2.465
2.467
2.467
2.467
2.468
2.468
2.470
2.471
2.472
2.472
2.473
2.473
2.473
2.474
2.475
2.475
2.475
2.476
2.476
2.477
2.478
2.479
2.479
2.479
2.479
2.480
2.480
2.480
2.481
2.481
2.482
2.482
2.482
2.483
2.483
2.483
2.484
2.484
2.485
2.485
2.485
2.486
2.486
2.486
2.486
2.487
2.488
2.488
2.488
2.489
2.489
2.490
2.490
2.490
2.491
2.491
2.492
2.492
2.493
2.493
2.493
2.493
2.494
2.494
2.495
2.496
2.497
2.497
2.501
2.502
2.502
2.502
2.502
2.503
2.503
2.505
2.506
2.506
2.507
2.507
2.508
2.508
2.508
2.508
2.509
2.509
2.510
2.510
2.511
2.512
2.512
2.512
2.513
2.513
2.515
2.515
2.515
2.515
2.515
2.515
2.516
2.517
2.517
2.517
2.518
2.518
2.518
2.518
2.519
2.519
2.519
2.520
2.521
2.521
2.522
2.522
2.524
2.525
2.525
2.526
2.526
2.527
2.527
2.528
2.529
2.529
2.529
2.530
2.530
2.530
2.530
2.531
2.532
2.533
2.534
2.534
2.534
2.534
2.535
2.535
2.535
2.536
2.536
2.536
2.536
2.540
2.540
2.541
2.542
2.542
2.543
2.543
2.544
2.544
2.544
2.546
2.546
2.546
2.547
2.549
2.549
2.549
2.550
2.551
2.552
2.552
2.552
2.553
2.554
2.554
2.554
2.555
2.556
2.556
2.557
2.557
2.557
2.558
2.558
2.559
2.560
2.561
2.562
2.562
2.563
2.563
2.563
2.564
2.564
2.565
2.566
2.567
2.567
2.568
2.568
2.568
2.569
2.569
2.569
2.571
2.571
2.572
2.572
2.573
2.574
2.574
2.574
2.576
2.576
2.577
2.578
2.579
2.579
2.580
2.580
2.581
2.583
2.584
2.585
2.585
2.586
2.586
2.588
2.589
2.589
2.590
2.590
2.590
2.590
2.591
2.593
2.593
2.593
2.593
2.594
2.594
2.594
2.594
2.595
2.595
2.596
2.596
2.596
2.596
2.597
2.597
2.597
2.598
2.598
2.598
2.598
2.601
2.601
2.601
2.601
2.602
2.602
2.602
2.604
2.605
2.606
2.609
2.610
2.610
2.610
2.611
2.611
2.612
2.614
2.614
2.614
2.616
2.616
2.617
2.618
2.619
2.620
2.621
2.623
2.623
2.624
2.624
2.627
2.627
2.628
2.628
2.629
2.630
2.631
2.632
2.632
2.633
2.633
2.634
2.634
2.635
2.636
2.636
2.637
2.638
2.639
2.639
2.639
2.640
2.640
2.643
2.644
2.645
2.645
2.645
2.646
2.646
2.647
2.649
2.650
2.653
2.653
2.655
2.657
2.658
2.658
2.659
2.662
2.663
2.663
2.665
2.666
2.666
2.667
2.668
2.668
2.668
2.668
2.668
2.671
2.671
2.671
2.672
2.674
2.675
2.675
2.677
2.677
2.678
2.678
2.679
2.679
2.679
2.680
2.680
2.682
2.682
2.683
2.687
2.687
2.688
2.688
2.688
2.689
2.689
2.690
2.690
2.690
2.691
2.691
2.692
2.692
2.692
2.693
2.695
2.696
2.698
2.700
2.701
2.705
2.706
2.707
2.708
2.710
2.710
2.714
2.715
2.719
2.719
2.721
2.725
2.728
2.729
2.731
2.732
2.735
2.735
2.738
2.738
2.739
2.740
2.741
2.741
2.741
2.745
2.747
2.747
2.750
2.753
2.755
2.756
2.758
2.760
2.761
2.763
2.764
2.767
2.769
2.770
2.772
2.772
2.773
2.774
2.774
2.783
2.784
2.785
2.788
2.790
2.791
2.792
2.796
2.796
2.798
2.804
2.805
2.818
2.819
2.819
2.834
2.838
2.841
2.842
2.845
2.847
2.847
2.853
2.863
2.865
2.874
2.880
2.887
2.890
2.906
2.949
3.008
3.045
3.618
