2.207
2.257
2.258
2.296
2.318
2.323
2.324
2.346
2.350
2.351
2.354
2.360
2.369
2.372
2.384
2.388
2.398
2.399
2.401
2.406
2.406
2.409
2.412
2.412
2.413
2.414
2.415
2.416
2.424
2.429
2.433
2.434
2.434
2.434
2.437
2.438
2.439
2.439
2.440
2.446
2.446
2.450
2.451
2.452
2.452
2.453
2.454
2.457
2.457
2.461
2.465
2.465
2.466
2.466
2.466
2.470
2.472
2.473
2.473
2.474
2.478
2.481
2.485
2.485
2.485
2.486
2.486
2.488
2.489
2.490
2.491
2.491
2.492
2.493
2.493
2.496
2.497
2.497
2.498
2.499
2.499
2.501
2.502
2.504
2.507
2.508
2.510
2.510
2.511
2.511
2.513
2.514
2.515
2.517
2.518
2.518
2.520
2.521
2.524
2.524
2.524
2.524
2.524
2.525
2.525
2.526
2.527
2.528
2.529
2.529
2.531
2.531
2.531
2.532
2.532
2.532
2.532
2.533
2.534
2.535
2.535
2.536
2.536
2.536
2.538
2.539
2.541
2.543
2.544
2.544
2.546
2.548
2.548
2.549
2.549
2.550
2.551
2.552
2.552
2.553
2.554
2.554
2.554
2.555
2.556
2.556
2.556
2.557
2.558
2.558
2.558
2.558
2.560
2.560
2.560
2.561
2.563
2.563
2.564
2.564
2.564
2.567
2.567
2.568
2.570
2.570
2.571
2.571
2.573
2.574
2.574
2.575
2.575
2.575
2.575
2.575
2.575
2.576
2.576
2.577
2.580
2.581
2.581
2.582
2.582
2.583
2.584
2.584
2.585
2.586
2.586
2.586
2.586
2.587
2.587
2.587
2.587
2.588
2.588
2.588
2.589
2.589
2.589
2.589
2.590
2.590
2.591
2.591
2.591
2.592
2.594
2.594
2.595
2.595
2.595
2.596
2.596
2.596
2.596
2.597
2.597
2.598
2.598
2.599
2.599
2.599
2.599
2.601
2.602
2.602
2.603
2.603
2.603
2.604
2.604
2.604
2.604
2.605
2.605
2.605
2.606
2.606
2.606
2.606
2.607
2.607
2.608
2.609
2.611
2.611
2.611
2.611
2.611
2.611
2.612
2.612
2.613
2.613
2.614
2.614
2.614
2.615
2.615
2.616
2.616
2.617
2.618
2.618
2.618
2.619
2.620
2.620
2.620
2.620
2.621
2.621
2.621
2.622
2.622
2.622
2.622
2.623
2.623
2.623
2.624
2.624
2.625
2.625
2.626
2.626
2.627
2.628
2.629
2.630
2.632
2.633
2.633
2.634
2.634
2.634
2.635
2.635
2.635
2.635
2.637
2.639
2.639
2.640
2.642
2.642
2.643
2.643
2.644
2.644
2.644
2.644
2.644
2.645
2.646
2.647
2.648
2.648
2.649
2.650
2.650
2.650
2.651
2.653
2.653
2.654
2.655
2.656
2.657
2.657
2.658
2.658
2.658
2.659
2.659
2.660
2.660
2.660
2.660
2.662
2.663
2.663
2.664
2.664
2.664
2.665
2.666
2.667
2.669
2.669
2.669
2.670
2.670
2.670
2.670
2.671
2.672
2.676
2.677
2.677
2.677
2.678
2.678
2.678
2.679
2.679
2.680
2.680
2.680
2.681
2.682
2.682
2.682
2.683
2.683
2.683
2.684
2.684
2.684
2.685
2.686
2.686
2.687
2.688
2.688
2.688
2.689
2.689
2.691
2.691
2.692
2.692
2.693
2.694
2.694
2.694
2.696
2.698
2.699
2.700
2.703
2.704
2.704
2.705
2.705
2.706
2.706
2.706
2.706
2.709
2.709
2.710
2.711
2.711
2.711
2.712
2.713
2.714
2.714
2.714
2.715
2.715
2.716
2.716
2.716
2.718
2.718
2.718
2.719
2.719
2.720
2.720
2.720
2.720
2.720
2.721
2.721
2.722
2.722
2.722
2.722
2.722
2.724
2.725
2.725
2.725
2.726
2.726
2.726
2.726
2.727
2.728
2.728
2.731
2.731
2.731
2.733
2.735
2.735
2.735
2.736
2.736
2.736
2.736
2.736
2.739
2.740
2.740
2.741
2.742
2.742
2.744
2.746
2.747
2.748
2.748
2.749
2.749
2.751
2.751
2.752
2.752
2.753
2.754
2.755
2.755
2.758
2.758
2.759
2.760
2.760
2.760
2.760
2.761
2.761
2.761
2.761
2.763
2.763
2.763
2.763
2.765
2.766
2.766
2.767
2.768
2.769
2.769
2.771
2.771
2.772
2.772
2.772
2.772
2.774
2.774
2.775
2.775
2.775
2.776
2.776
2.776
2.777
2.777
2.778
2.778
2.778
2.778
2.779
2.779
2.780
2.780
2.782
2.783
2.783
2.784
2.784
2.785
2.785
2.786
2.787
2.788
2.788
2.789
2.789
2.790
2.791
2.792
2.792
2.792
2.793
2.793
2.794
2.797
2.799
2.799
2.801
2.801
2.801
2.802
2.805
2.806
2.808
2.809
2.810
2.811
2.811
2.812
2.812
2.813
2.814
2.814
2.814
2.814
2.814
2.815
2.817
2.817
2.818
2.819
2.819
2.820
2.822
2.822
2.822
2.823
2.823
2.824
2.825
2.825
2.825
2.826
2.827
2.827
2.828
2.828
2.830
2.830
2.831
2.831
2.831
2.832
2.832
2.832
2.835
2.836
2.836
2.837
2.840
2.842
2.843
2.844
2.844
2.845
2.845
2.846
2.846
2.846
2.846
2.847
2.848
2.849
2.849
2.850
2.851
2.853
2.853
2.856
2.856
2.856
2.858
2.858
2.859
2.861
2.861
2.861
2.861
2.862
2.866
2.868
2.870
2.870
2.871
2.873
2.874
2.878
2.879
2.881
2.881
2.882
2.885
2.887
2.888
2.888
2.890
2.890
2.890
2.892
2.893
2.895
2.895
2.899
2.901
2.902
2.902
2.903
2.903
2.905
2.906
2.908
2.909
2.912
2.914
2.916
2.918
2.920
2.922
2.922
2.924
2.925
2.927
2.928
2.928
2.929
2.934
2.936
2.936
2.939
2.944
2.948
2.949
2.949
2.951
2.952
2.952
2.955
2.959
2.960
2.964
2.965
2.978
2.980
2.983
2.984
2.993
3.004
3.008
3.024
3.027
3.041
3.042
3.062
3.070
3.097
3.106
3.156
3.270
3.990
