2.194
2.203
2.216
2.242
2.261
2.269
2.287
2.294
2.313
2.315
2.317
2.332
2.343
2.347
2.350
2.354
2.356
2.360
2.367
2.373
2.380
2.390
2.394
2.400
2.403
2.407
2.408
2.409
2.411
2.412
2.414
2.418
2.418
2.419
2.424
2.424
2.424
2.426
2.427
2.428
2.431
2.433
2.434
2.446
2.449
2.449
2.451
2.456
2.462
2.462
2.464
2.464
2.470
2.470
2.471
2.471
2.473
2.474
2.477
2.482
2.484
2.484
2.486
2.487
2.489
2.491
2.491
2.494
2.495
2.495
2.496
2.497
2.498
2.498
2.498
2.505
2.511
2.513
2.515
2.519
2.519
2.520
2.522
2.524
2.528
2.531
2.531
2.532
2.534
2.534
2.534
2.534
2.535
2.535
2.536
2.538
2.538
2.543
2.543
2.544
2.544
2.547
2.548
2.549
2.551
2.552
2.553
2.553
2.555
2.555
2.555
2.555
2.557
2.557
2.557
2.558
2.560
2.560
2.564
2.565
2.566
2.567
2.567
2.569
2.571
2.571
2.572
2.572
2.572
2.573
2.573
2.575
2.578
2.578
2.580
2.582
2.584
2.587
2.587
2.587
2.588
2.591
2.594
2.595
2.595
2.598
2.598
2.599
2.599
2.600
2.602
2.604
2.605
2.605
2.605
2.607
2.608
2.608
2.608
2.609
2.609
2.609
2.612
2.613
2.613
2.614
2.614
2.615
2.615
2.616
2.617
2.621
2.621
2.622
2.622
2.623
2.623
2.624
2.625
2.625
2.625
2.631
2.634
2.635
2.635
2.638
2.638
2.640
2.641
2.642
2.644
2.644
2.645
2.647
2.648
2.650
2.651
2.651
2.652
2.653
2.654
2.656
2.657
2.659
2.660
2.660
2.661
2.661
2.662
2.663
2.663
2.665
2.665
2.666
2.669
2.669
2.670
2.671
2.672
2.673
2.673
2.673
2.676
2.676
2.676
2.676
2.678
2.679
2.679
2.679
2.681
2.684
2.684
2.686
2.686
2.686
2.688
2.688
2.690
2.690
2.690
2.692
2.692
2.692
2.693
2.694
2.695
2.696
2.696
2.696
2.696
2.696
2.697
2.697
2.698
2.699
2.700
2.700
2.703
2.703
2.703
2.706
2.706
2.707
2.707
2.708
2.708
2.708
2.708
2.709
2.710
2.710
2.711
2.713
2.715
2.715
2.716
2.716
2.717
2.720
2.721
2.721
2.722
2.722
2.722
2.722
2.723
2.724
2.725
2.728
2.728
2.728
2.729
2.729
2.732
2.734
2.735
2.735
2.735
2.737
2.737
2.737
2.738
2.738
2.742
2.742
2.742
2.742
2.742
2.743
2.743
2.743
2.745
2.745
2.745
2.745
2.745
2.746
2.746
2.748
2.748
2.748
2.748
2.748
2.752
2.752
2.752
2.753
2.753
2.753
2.754
2.754
2.754
2.758
2.758
2.759
2.760
2.760
2.760
2.760
2.761
2.762
2.763
2.763
2.763
2.765
2.765
2.766
2.766
2.766
2.766
2.766
2.767
2.769
2.772
2.772
2.773
2.773
2.773
2.773
2.775
2.775
2.775
2.776
2.777
2.778
2.778
2.780
2.780
2.781
2.781
2.781
2.782
2.782
2.783
2.783
2.786
2.786
2.787
2.787
2.787
2.788
2.788
2.791
2.792
2.792
2.793
2.793
2.793
2.794
2.794
2.794
2.794
2.795
2.796
2.797
2.797
2.797
2.798
2.798
2.799
2.799
2.799
2.800
2.800
2.801
2.803
2.803
2.804
2.804
2.805
2.805
2.805
2.807
2.807
2.807
2.808
2.809
2.809
2.809
2.810
2.811
2.812
2.812
2.813
2.815
2.815
2.816
2.821
2.824
2.825
2.825
2.827
2.827
2.829
2.830
2.831
2.832
2.832
2.833
2.834
2.834
2.834
2.834
2.834
2.835
2.837
2.837
2.837
2.837
2.837
2.838
2.840
2.841
2.841
2.842
2.842
2.843
2.843
2.843
2.844
2.844
2.845
2.846
2.846
2.847
2.847
2.849
2.849
2.850
2.850
2.850
2.851
2.855
2.856
2.857
2.857
2.857
2.857
2.858
2.860
2.861
2.862
2.862
2.863
2.864
2.864
2.865
2.867
2.867
2.868
2.869
2.869
2.871
2.871
2.872
2.872
2.874
2.875
2.878
2.878
2.878
2.878
2.879
2.879
2.880
2.881
2.881
2.881
2.881
2.883
2.883
2.884
2.885
2.887
2.887
2.888
2.888
2.890
2.890
2.891
2.891
2.893
2.894
2.895
2.896
2.896
2.899
2.899
2.900
2.901
2.902
2.902
2.905
2.906
2.908
2.908
2.908
2.909
2.911
2.912
2.913
2.914
2.914
2.915
2.915
2.917
2.917
2.917
2.918
2.919
2.919
2.921
2.922
2.922
2.923
2.923
2.924
2.925
2.925
2.929
2.930
2.930
2.931
2.931
2.931
2.932
2.932
2.933
2.933
2.933
2.934
2.934
2.934
2.935
2.935
2.936
2.937
2.937
2.944
2.944
2.945
2.946
2.947
2.947
2.949
2.949
2.950
2.951
2.952
2.952
2.955
2.956
2.956
2.956
2.956
2.956
2.957
2.957
2.958
2.959
2.963
2.963
2.963
2.965
2.966
2.967
2.970
2.971
2.973
2.976
2.979
2.980
2.980
2.981
2.984
2.985
2.988
2.989
2.990
2.992
2.992
2.994
2.994
2.995
2.996
2.999
3.001
3.001
3.004
3.004
3.004
3.006
3.007
3.009
3.012
3.013
3.013
3.017
3.020
3.021
3.022
3.025
3.028
3.031
3.031
3.031
3.032
3.033
3.035
3.036
3.037
3.038
3.041
3.042
3.043
3.043
3.045
3.045
3.048
3.049
3.050
3.052
3.054
3.056
3.057
3.057
3.060
3.060
3.063
3.064
3.065
3.066
3.069
3.069
3.070
3.072
3.073
3.078
3.079
3.082
3.083
3.097
3.099
3.103
3.103
3.106
3.108
3.113
3.114
3.119
3.119
3.123
3.126
3.128
3.138
3.139
3.145
3.150
3.150
3.152
3.152
3.159
3.159
3.185
3.192
3.198
3.200
3.203
3.205
3.212
3.219
3.222
3.227
3.240
3.253
3.255
3.316
3.328
3.339
3.414
3.505
