1.800
1.900
1.957
2.001
2.206
2.248
2.254
2.255
2.270
2.275
2.279
2.280
2.285
2.285
2.287
2.290
2.290
2.295
2.297
2.298
2.304
2.305
2.306
2.306
2.309
2.311
2.313
2.314
2.315
2.318
2.319
2.319
2.321
2.325
2.327
2.329
2.334
2.337
2.338
2.338
2.339
2.341
2.342
2.342
2.345
2.346
2.346
2.346
2.346
2.351
2.352
2.352
2.354
2.355
2.357
2.360
2.360
2.361
2.371
2.371
2.372
2.373
2.375
2.379
2.379
2.380
2.380
2.381
2.381
2.382
2.382
2.382
2.382
2.383
2.384
2.385
2.386
2.386
2.389
2.389
2.390
2.390
2.390
2.393
2.393
2.395
2.395
2.396
2.397
2.397
2.400
2.400
2.401
2.402
2.403
2.404
2.405
2.405
2.407
2.411
2.413
2.415
2.415
2.415
2.417
2.417
2.418
2.418
2.419
2.419
2.420
2.423
2.426
2.427
2.427
2.427
2.428
2.428
2.429
2.429
2.430
2.430
2.431
2.431
2.432
2.432
2.432
2.433
2.434
2.434
2.436
2.436
2.437
2.438
2.439
2.439
2.439
2.439
2.439
2.440
2.441
2.443
2.443
2.443
2.444
2.444
2.445
2.445
2.445
2.445
2.448
2.448
2.449
2.450
2.451
2.451
2.451
2.451
2.452
2.453
2.453
2.454
2.455
2.457
2.457
2.457
2.458
2.460
2.460
2.461
2.461
2.461
2.461
2.462
2.462
2.463
2.463
2.463
2.463
2.464
2.464
2.464
2.465
2.465
2.465
2.465
2.466
2.466
2.466
2.466
2.467
2.467
2.467
2.468
2.468
2.468
2.469
2.469
2.469
2.471
2.471
2.472
2.473
2.473
2.474
2.474
2.474
2.475
2.476
2.476
2.476
2.477
2.477
2.478
2.478
2.478
2.479
2.479
2.480
2.480
2.480
2.480
2.481
2.481
2.481
2.482
2.484
2.484
2.486
2.486
2.486
2.486
2.487
2.487
2.488
2.488
2.490
2.490
2.490
2.490
2.491
2.491
2.492
2.493
2.494
2.494
2.494
2.494
2.494
2.494
2.495
2.495
2.496
2.496
2.496
2.497
2.499
2.499
2.499
2.499
2.499
2.500
2.500
2.500
2.500
2.501
2.501
2.502
2.502
2.502
2.503
2.503
2.504
2.504
2.505
2.506
2.506
2.506
2.507
2.507
2.507
2.507
2.508
2.508
2.508
2.509
2.509
2.510
2.510
2.511
2.511
2.511
2.511
2.512
2.512
2.512
2.512
2.513
2.513
2.513
2.513
2.513
2.514
2.514
2.514
2.515
2.515
2.515
2.515
2.515
2.515
2.515
2.517
2.517
2.517
2.517
2.517
2.519
2.519
2.519
2.519
2.519
2.520
2.520
2.520
2.520
2.520
2.521
2.521
2.521
2.521
2.521
2.521
2.522
2.522
2.522
2.522
2.523
2.523
2.523
2.524
2.525
2.525
2.526
2.528
2.528
2.528
2.528
2.528
2.529
2.529
2.530
2.530
2.530
2.530
2.530
2.531
2.531
2.532
2.532
2.532
2.532
2.532
2.533
2.533
2.534
2.534
2.535
2.535
2.535
2.535
2.536
2.538
2.538
2.539
2.539
2.540
2.540
2.540
2.541
2.541
2.541
2.541
2.541
2.541
2.541
2.542
2.542
2.543
2.543
2.543
2.543
2.544
2.544
2.546
2.546
2.547
2.547
2.547
2.548
2.548
2.548
2.549
2.549
2.550
2.551
2.551
2.551
2.552
2.552
2.552
2.553
2.553
2.553
2.553
2.553
2.553
2.554
2.554
2.555
2.556
2.556
2.556
2.556
2.557
2.557
2.557
2.557
2.557
2.557
2.557
2.558
2.558
2.558
2.559
2.559
2.560
2.560
2.560
2.560
2.561
2.561
2.561
2.561
2.561
2.562
2.563
2.564
2.564
2.564
2.565
2.565
2.566
2.567
2.568
2.568
2.568
2.568
2.569
2.570
2.570
2.570
2.571
2.571
2.571
2.572
2.572
2.572
2.572
2.573
2.574
2.574
2.574
2.575
2.575
2.575
2.576
2.577
2.577
2.578
2.578
2.578
2.579
2.579
2.579
2.580
2.580
2.580
2.580
2.581
2.582
2.583
2.583
2.583
2.584
2.585
2.585
2.586
2.586
2.586
2.587
2.588
2.588
2.589
2.589
2.589
2.590
2.590
2.590
2.591
2.591
2.591
2.591
2.591
2.592
2.592
2.593
2.593
2.593
2.594
2.594
2.594
2.594
2.595
2.596
2.598
2.598
2.598
2.599
2.599
2.599
2.600
2.601
2.601
2.601
2.602
2.603
2.604
2.604
2.604
2.604
2.604
2.607
2.608
2.608
2.609
2.609
2.610
2.611
2.612
2.612
2.612
2.613
2.613
2.614
2.614
2.615
2.616
2.617
2.618
2.618
2.618
2.619
2.619
2.619
2.620
2.622
2.623
2.624
2.625
2.625
2.626
2.626
2.627
2.627
2.627
2.627
2.628
2.629
2.630
2.630
2.631
2.631
2.632
2.632
2.633
2.634
2.635
2.635
2.636
2.637
2.637
2.637
2.638
2.638
2.638
2.639
2.639
2.639
2.639
2.639
2.639
2.640
2.640
2.641
2.642
2.643
2.644
2.645
2.646
2.646
2.647
2.648
2.649
2.649
2.650
2.650
2.650
2.650
2.652
2.654
2.654
2.655
2.655
2.656
2.656
2.656
2.657
2.659
2.660
2.662
2.663
2.663
2.663
2.663
2.663
2.665
2.667
2.667
2.668
2.669
2.672
2.673
2.675
2.676
2.676
2.676
2.677
2.679
2.680
2.680
2.681
2.681
2.682
2.682
2.682
2.682
2.682
2.684
2.686
2.687
2.688
2.689
2.690
2.690
2.692
2.692
2.692
2.694
2.695
2.696
2.698
2.698
2.698
2.699
2.700
2.705
2.705
2.705
2.706
2.708
2.708
2.708
2.708
2.710
2.711
2.711
2.711
2.715
2.716
2.720
2.720
2.726
2.726
2.727
2.728
2.729
2.732
2.733
2.733
2.737
2.739
2.740
2.741
2.749
2.750
2.753
2.755
2.756
2.757
2.763
2.764
2.778
2.782
2.787
2.794
2.798
2.811
2.815
2.816
2.853
3.233
