1.987
2.009
2.010
2.042
2.084
2.084
2.094
2.103
2.121
2.123
2.124
2.126
2.144
2.159
2.160
2.161
2.162
2.164
2.165
2.167
2.167
2.168
2.168
2.169
2.169
2.170
2.172
2.174
2.176
2.176
2.179
2.182
2.185
2.185
2.195
2.195
2.195
2.197
2.198
2.201
2.206
2.209
2.210
2.211
2.211
2.211
2.212
2.216
2.218
2.227
2.229
2.229
2.230
2.230
2.230
2.230
2.231
2.231
2.231
2.236
2.239
2.239
2.239
2.240
2.241
2.242
2.243
2.243
2.245
2.245
2.245
2.247
2.247
2.248
2.249
2.249
2.250
2.250
2.251
2.251
2.251
2.252
2.254
2.256
2.257
2.258
2.258
2.259
2.259
2.259
2.259
2.260
2.260
2.261
2.265
2.266
2.267
2.268
2.268
2.268
2.269
2.270
2.271
2.272
2.273
2.273
2.276
2.277
2.277
2.278
2.278
2.280
2.280
2.281
2.281
2.282
2.282
2.284
2.287
2.288
2.289
2.289
2.290
2.291
2.291
2.291
2.291
2.292
2.292
2.295
2.296
2.297
2.299
2.299
2.300
2.301
2.301
2.304
2.304
2.304
2.305
2.305
2.306
2.306
2.306
2.306
2.308
2.309
2.310
2.313
2.315
2.315
2.316
2.316
2.317
2.317
2.319
2.320
2.321
2.322
2.322
2.322
2.324
2.324
2.325
2.325
2.326
2.326
2.326
2.326
2.328
2.329
2.329
2.330
2.330
2.330
2.331
2.331
2.331
2.331
2.331
2.332
2.332
2.333
2.333
2.333
2.333
2.334
2.336
2.337
2.337
2.338
2.338
2.339
2.339
2.339
2.340
2.340
2.341
2.341
2.341
2.341
2.341
2.341
2.342
2.342
2.344
2.345
2.345
2.346
2.346
2.347
2.347
2.348
2.348
2.349
2.349
2.349
2.349
2.349
2.351
2.351
2.351
2.351
2.351
2.352
2.352
2.353
2.353
2.354
2.355
2.355
2.356
2.356
2.356
2.357
2.357
2.357
2.359
2.360
2.360
2.360
2.360
2.361
2.361
2.361
2.362
2.362
2.362
2.363
2.364
2.364
2.365
2.365
2.365
2.365
2.367
2.368
2.368
2.369
2.369
2.369
2.370
2.370
2.371
2.371
2.372
2.372
2.372
2.373
2.373
2.373
2.373
2.373
2.374
2.375
2.375
2.375
2.375
2.375
2.376
2.376
2.376
2.377
2.377
2.377
2.377
2.378
2.378
2.378
2.378
2.379
2.379
2.380
2.380
2.380
2.381
2.381
2.381
2.381
2.382
2.382
2.383
2.384
2.384
2.384
2.384
2.384
2.385
2.386
2.386
2.387
2.387
2.387
2.388
2.388
2.389
2.389
2.389
2.389
2.390
2.390
2.390
2.391
2.391
2.391
2.392
2.392
2.392
2.392
2.392
2.392
2.393
2.393
2.393
2.394
2.394
2.394
2.395
2.395
2.395
2.395
2.396
2.396
2.397
2.398
2.398
2.399
2.399
2.399
2.399
2.400
2.400
2.401
2.401
2.401
2.401
2.402
2.402
2.403
2.403
2.403
2.403
2.403
2.404
2.404
2.404
2.404
2.405
2.405
2.405
2.406
2.406
2.407
2.407
2.408
2.409
2.409
2.410
2.410
2.410
2.412
2.413
2.413
2.413
2.414
2.414
2.415
2.415
2.415
2.415
2.415
2.416
2.416
2.416
2.416
2.416
2.416
2.417
2.417
2.418
2.418
2.418
2.419
2.419
2.419
2.419
2.421
2.422
2.424
2.425
2.425
2.426
2.426
2.427
2.427
2.427
2.427
2.428
2.428
2.429
2.429
2.430
2.431
2.432
2.432
2.432
2.433
2.434
2.434
2.434
2.435
2.436
2.437
2.437
2.438
2.439
2.440
2.440
2.441
2.441
2.441
2.442
2.442
2.442
2.442
2.443
2.444
2.444
2.444
2.445
2.445
2.446
2.446
2.447
2.447
2.447
2.447
2.448
2.449
2.450
2.450
2.450
2.450
2.451
2.451
2.451
2.451
2.451
2.452
2.453
2.453
2.453
2.453
2.453
2.454
2.454
2.455
2.455
2.456
2.456
2.456
2.457
2.457
2.458
2.458
2.459
2.459
2.459
2.460
2.461
2.461
2.462
2.463
2.464
2.464
2.464
2.464
2.464
2.464
2.465
2.465
2.465
2.466
2.466
2.466
2.466
2.468
2.468
2.469
2.469
2.469
2.470
2.471
2.471
2.471
2.472
2.472
2.472
2.472
2.473
2.473
2.473
2.473
2.473
2.474
2.474
2.475
2.475
2.476
2.477
2.478
2.478
2.479
2.479
2.479
2.479
2.480
2.480
2.481
2.481
2.482
2.482
2.482
2.483
2.483
2.484
2.484
2.484
2.485
2.487
2.487
2.487
2.487
2.488
2.489
2.489
2.490
2.490
2.490
2.491
2.491
2.492
2.493
2.493
2.494
2.494
2.495
2.495
2.495
2.495
2.496
2.496
2.496
2.496
2.497
2.497
2.498
2.498
2.499
2.499
2.499
2.500
2.500
2.501
2.501
2.503
2.503
2.503
2.503
2.503
2.504
2.504
2.505
2.505
2.505
2.505
2.506
2.506
2.506
2.508
2.508
2.509
2.509
2.512
2.513
2.514
2.514
2.514
2.514
2.514
2.515
2.516
2.516
2.517
2.520
2.521
2.522
2.522
2.523
2.524
2.524
2.525
2.527
2.527
2.530
2.531
2.531
2.531
2.532
2.532
2.533
2.533
2.533
2.534
2.534
2.534
2.537
2.537
2.538
2.538
2.539
2.539
2.539
2.542
2.543
2.544
2.546
2.546
2.549
2.549
2.552
2.552
2.553
2.554
2.554
2.555
2.555
2.557
2.559
2.559
2.559
2.562
2.563
2.565
2.566
2.566
2.566
2.567
2.569
2.570
2.570
2.572
2.575
2.578
2.578
2.582
2.583
2.583
2.585
2.585
2.587
2.590
2.591
2.594
2.600
2.601
2.602
2.602
2.606
2.608
2.618
2.620
2.621
2.625
2.631
2.631
2.634
2.636
2.637
2.637
2.637
2.643
2.649
2.649
2.654
2.654
2.659
2.665
2.665
2.669
2.682
2.693
2.699
2.699
2.703
2.726
2.730
2.732
2.802
2.825
2.836
