1.897
2.017
2.061
2.070
2.093
2.112
2.124
2.124
2.128
2.129
2.139
2.204
2.230
2.232
2.235
2.245
2.245
2.254
2.257
2.260
2.269
2.273
2.276
2.283
2.285
2.285
2.301
2.312
2.313
2.313
2.314
2.317
2.323
2.329
2.334
2.336
2.336
2.341
2.343
2.345
2.345
2.346
2.347
2.350
2.356
2.362
2.363
2.364
2.365
2.366
2.373
2.374
2.376
2.377
2.377
2.385
2.385
2.385
2.386
2.386
2.388
2.393
2.400
2.400
2.400
2.402
2.402
2.403
2.405
2.406
2.409
2.410
2.410
2.418
2.419
2.420
2.420
2.421
2.421
2.422
2.425
2.425
2.430
2.430
2.430
2.431
2.432
2.432
2.434
2.434
2.436
2.437
2.439
2.443
2.444
2.446
2.447
2.448
2.449
2.451
2.452
2.453
2.455
2.457
2.462
2.466
2.467
2.469
2.473
2.473
2.473
2.474
2.476
2.476
2.477
2.478
2.481
2.481
2.481
2.483
2.484
2.486
2.486
2.487
2.489
2.497
2.500
2.501
2.505
2.507
2.508
2.508
2.510
2.510
2.510
2.511
2.513
2.514
2.516
2.517
2.518
2.519
2.520
2.520
2.520
2.521
2.522
2.523
2.528
2.528
2.528
2.528
2.530
2.531
2.533
2.534
2.535
2.535
2.537
2.538
2.539
2.541
2.542
2.544
2.544
2.545
2.545
2.549
2.550
2.550
2.553
2.555
2.557
2.557
2.558
2.559
2.560
2.561
2.561
2.562
2.563
2.564
2.566
2.566
2.572
2.572
2.572
2.574
2.574
2.576
2.576
2.577
2.579
2.580
2.581
2.582
2.584
2.586
2.586
2.586
2.587
2.588
2.590
2.590
2.590
2.592
2.593
2.594
2.595
2.595
2.596
2.596
2.596
2.596
2.597
2.597
2.597
2.598
2.601
2.602
2.605
2.605
2.607
2.607
2.608
2.608
2.608
2.611
2.612
2.612
2.613
2.613
2.617
2.617
2.617
2.618
2.618
2.618
2.618
2.619
2.620
2.620
2.623
2.624
2.628
2.630
2.630
2.630
2.631
2.632
2.632
2.632
2.633
2.633
2.634
2.634
2.635
2.635
2.637
2.640
2.641
2.641
2.643
2.643
2.644
2.646
2.646
2.647
2.647
2.649
2.650
2.651
2.652
2.653
2.654
2.655
2.656
2.656
2.656
2.658
2.658
2.659
2.660
2.661
2.662
2.663
2.664
2.665
2.666
2.666
2.667
2.669
2.671
2.671
2.672
2.673
2.673
2.675
2.675
2.675
2.676
2.676
2.677
2.679
2.680
2.682
2.684
2.685
2.685
2.685
2.686
2.689
2.690
2.690
2.691
2.691
2.691
2.692
2.693
2.693
2.694
2.697
2.699
2.699
2.700
2.702
2.703
2.703
2.704
2.704
2.704
2.704
2.705
2.705
2.707
2.708
2.709
2.709
2.709
2.709
2.710
2.710
2.711
2.716
2.719
2.719
2.719
2.721
2.721
2.721
2.722
2.722
2.722
2.723
2.726
2.727
2.729
2.730
2.732
2.737
2.738
2.739
2.743
2.743
2.744
2.744
2.746
2.750
2.750
2.751
2.751
2.752
2.752
2.753
2.754
2.757
2.757
2.757
2.758
2.758
2.761
2.765
2.765
2.765
2.765
2.765
2.766
2.770
2.771
2.771
2.771
2.772
2.772
2.773
2.774
2.774
2.776
2.777
2.778
2.778
2.782
2.783
2.784
2.785
2.785
2.785
2.787
2.790
2.790
2.791
2.791
2.792
2.792
2.792
2.793
2.793
2.794
2.795
2.795
2.795
2.796
2.797
2.797
2.798
2.799
2.801
2.803
2.805
2.805
2.809
2.809
2.810
2.811
2.811
2.813
2.813
2.814
2.814
2.814
2.815
2.815
2.815
2.815
2.816
2.816
2.817
2.819
2.821
2.822
2.823
2.825
2.827
2.828
2.828
2.828
2.829
2.830
2.831
2.833
2.833
2.834
2.834
2.835
2.836
2.836
2.837
2.838
2.839
2.840
2.841
2.842
2.843
2.843
2.843
2.847
2.848
2.848
2.850
2.851
2.851
2.852
2.852
2.853
2.853
2.855
2.855
2.856
2.857
2.858
2.859
2.859
2.859
2.860
2.861
2.861
2.864
2.865
2.866
2.867
2.867
2.867
2.868
2.869
2.869
2.871
2.871
2.872
2.873
2.873
2.874
2.874
2.875
2.877
2.877
2.878
2.878
2.879
2.881
2.883
2.883
2.883
2.885
2.885
2.887
2.887
2.888
2.890
2.890
2.891
2.892
2.892
2.892
2.894
2.894
2.895
2.896
2.896
2.896
2.897
2.898
2.899
2.902
2.903
2.903
2.907
2.908
2.908
2.909
2.910
2.910
2.910
2.911
2.912
2.913
2.916
2.917
2.919
2.919
2.921
2.922
2.923
2.924
2.924
2.925
2.926
2.927
2.927
2.928
2.929
2.929
2.930
2.930
2.931
2.931
2.932
2.932
2.934
2.936
2.936
2.936
2.936
2.939
2.940
2.946
2.946
2.946
2.946
2.947
2.947
2.949
2.952
2.952
2.956
2.957
2.958
2.959
2.960
2.964
2.966
2.967
2.968
2.968
2.968
2.972
2.973
2.973
2.975
2.976
2.977
2.977
2.977
2.978
2.980
2.981
2.986
2.986
2.987
2.987
2.991
2.996
2.996
2.996
2.997
2.997
2.998
2.998
3.000
3.000
3.003
3.004
3.011
3.013
3.013
3.015
3.015
3.017
3.018
3.024
3.026
3.026
3.031
3.031
3.034
3.038
3.039
3.042
3.043
3.044
3.045
3.050
3.050
3.051
3.053
3.060
3.061
3.063
3.063
3.068
3.075
3.076
3.081
3.086
3.087
3.088
3.092
3.095
3.096
3.097
3.098
3.100
3.102
3.104
3.109
3.113
3.114
3.116
3.116
3.120
3.126
3.127
3.127
3.131
3.134
3.139
3.142
3.144
3.144
3.148
3.161
3.162
3.165
3.165
3.167
3.173
3.181
3.189
3.192
3.206
3.207
3.207
3.219
3.221
3.223
3.225
3.227
3.229
3.243
3.243
3.262
3.264
3.268
3.277
3.280
3.324
3.357
3.363
3.378
3.390
3.392
3.428
3.435
3.548
