1.879
2.079
2.128
2.240
2.256
2.292
2.295
2.305
2.319
2.345
2.360
2.361
2.386
2.389
2.442
2.453
2.454
2.483
2.485
2.488
2.490
2.491
2.494
2.496
2.501
2.518
2.518
2.526
2.527
2.533
2.535
2.539
2.541
2.542
2.543
2.549
2.553
2.554
2.556
2.557
2.559
2.562
2.563
2.563
2.568
2.569
2.569
2.570
2.572
2.573
2.579
2.580
2.581
2.584
2.585
2.586
2.591
2.593
2.594
2.595
2.604
2.606
2.609
2.609
2.610
2.620
2.621
2.623
2.626
2.626
2.633
2.637
2.642
2.643
2.645
2.645
2.645
2.650
2.651
2.653
2.654
2.656
2.656
2.657
2.659
2.660
2.661
2.663
2.664
2.664
2.665
2.665
2.671
2.671
2.674
2.676
2.678
2.678
2.679
2.680
2.680
2.680
2.680
2.682
2.683
2.687
2.688
2.692
2.693
2.693
2.694
2.697
2.697
2.708
2.709
2.709
2.710
2.710
2.712
2.717
2.720
2.722
2.723
2.724
2.724
2.726
2.732
2.733
2.733
2.734
2.734
2.734
2.741
2.741
2.742
2.744
2.745
2.751
2.752
2.752
2.752
2.755
2.755
2.755
2.756
2.758
2.759
2.759
2.759
2.760
2.760
2.760
2.760
2.762
2.765
2.766
2.767
2.768
2.768
2.768
2.770
2.771
2.773
2.774
2.775
2.777
2.778
2.780
2.781
2.782
2.782
2.786
2.787
2.787
2.788
2.788
2.789
2.791
2.791
2.792
2.793
2.794
2.797
2.797
2.797
2.800
2.800
2.801
2.801
2.801
2.803
2.805
2.806
2.807
2.807
2.809
2.809
2.809
2.810
2.810
2.812
2.815
2.815
2.815
2.817
2.817
2.818
2.818
2.818
2.820
2.821
2.821
2.821
2.823
2.823
2.825
2.827
2.828
2.828
2.829
2.829
2.830
2.831
2.832
2.832
2.835
2.836
2.837
2.838
2.838
2.840
2.842
2.843
2.844
2.846
2.846
2.847
2.847
2.848
2.848
2.849
2.850
2.851
2.851
2.852
2.853
2.853
2.854
2.855
2.856
2.857
2.857
2.858
2.859
2.860
2.861
2.864
2.864
2.865
2.865
2.865
2.866
2.872
2.872
2.874
2.875
2.875
2.876
2.880
2.881
2.883
2.884
2.884
2.885
2.886
2.886
2.886
2.888
2.889
2.889
2.891
2.891
2.891
2.894
2.894
2.895
2.897
2.898
2.898
2.899
2.899
2.900
2.901
2.902
2.903
2.903
2.905
2.906
2.907
2.908
2.908
2.909
2.909
2.910
2.910
2.911
2.911
2.912
2.912
2.913
2.914
2.914
2.914
2.916
2.916
2.918
2.918
2.919
2.920
2.921
2.922
2.923
2.924
2.928
2.928
2.928
2.928
2.929
2.929
2.929
2.929
2.930
2.930
2.930
2.931
2.932
2.934
2.935
2.935
2.936
2.937
2.938
2.938
2.938
2.938
2.940
2.940
2.941
2.941
2.944
2.947
2.947
2.947
2.947
2.948
2.952
2.953
2.955
2.957
2.957
2.957
2.958
2.960
2.961
2.962
2.962
2.963
2.964
2.964
2.964
2.964
2.965
2.967
2.968
2.970
2.970
2.970
2.971
2.971
2.971
2.971
2.972
2.972
2.973
2.974
2.976
2.977
2.978
2.978
2.978
2.979
2.981
2.982
2.983
2.984
2.985
2.985
2.987
2.987
2.988
2.988
2.989
2.991
2.991
2.992
2.992
2.992
2.994
2.994
2.995
2.997
2.997
2.997
2.997
2.998
2.998
3.003
3.005
3.005
3.005
3.005
3.006
3.006
3.007
3.011
3.013
3.014
3.015
3.015
3.015
3.017
3.019
3.020
3.021
3.024
3.024
3.028
3.029
3.030
3.032
3.035
3.035
3.037
3.039
3.039
3.039
3.040
3.042
3.042
3.042
3.043
3.043
3.043
3.043
3.045
3.046
3.046
3.048
3.051
3.054
3.054
3.055
3.056
3.057
3.058
3.060
3.060
3.062
3.063
3.065
3.065
3.066
3.068
3.069
3.069
3.070
3.070
3.070
3.071
3.073
3.074
3.074
3.074
3.074
3.075
3.076
3.078
3.079
3.079
3.079
3.081
3.082
3.083
3.083
3.086
3.086
3.087
3.088
3.088
3.089
3.089
3.091
3.092
3.094
3.096
3.097
3.097
3.097
3.098
3.099
3.102
3.103
3.103
3.103
3.103
3.104
3.104
3.104
3.105
3.106
3.108
3.109
3.111
3.112
3.112
3.115
3.115
3.116
3.116
3.117
3.118
3.118
3.120
3.122
3.125
3.126
3.127
3.128
3.130
3.131
3.132
3.132
3.133
3.134
3.136
3.137
3.139
3.139
3.141
3.141
3.141
3.143
3.146
3.146
3.146
3.147
3.147
3.152
3.152
3.153
3.154
3.154
3.155
3.155
3.155
3.159
3.160
3.160
3.161
3.163
3.164
3.164
3.165
3.165
3.166
3.166
3.166
3.167
3.168
3.169
3.172
3.172
3.172
3.173
3.174
3.174
3.175
3.176
3.177
3.182
3.185
3.186
3.186
3.188
3.189
3.193
3.195
3.196
3.199
3.202
3.202
3.204
3.206
3.207
3.209
3.210
3.212
3.219
3.221
3.222
3.223
3.227
3.227
3.227
3.228
3.233
3.234
3.236
3.240
3.246
3.253
3.254
3.255
3.257
3.260
3.261
3.262
3.270
3.274
3.274
3.278
3.279
3.279
3.279
3.284
3.286
3.287
3.288
3.288
3.293
3.298
3.299
3.300
3.301
3.302
3.303
3.305
3.308
3.310
3.310
3.313
3.318
3.321
3.324
3.324
3.326
3.327
3.328
3.332
3.333
3.337
3.339
3.342
3.342
3.346
3.349
3.349
3.362
3.364
3.365
3.368
3.374
3.376
3.380
3.381
3.384
3.389
3.392
3.392
3.395
3.396
3.398
3.406
3.412
3.413
3.413
3.421
3.421
3.432
3.433
3.437
3.441
3.442
3.446
3.448
3.449
3.453
3.459
3.470
3.476
3.478
3.480
3.486
3.490
3.495
3.507
3.513
3.518
3.520
3.556
3.563
3.583
3.583
3.583
3.589
3.627
3.647
3.674
3.674
3.808
3.844
3.920
