2.073
2.097
2.100
2.105
2.108
2.114
2.119
2.126
2.133
2.138
2.138
2.139
2.143
2.144
2.144
2.148
2.150
2.150
2.152
2.157
2.159
2.160
2.161
2.166
2.167
2.169
2.169
2.170
2.171
2.173
2.173
2.174
2.175
2.175
2.177
2.180
2.180
2.180
2.182
2.183
2.184
2.184
2.185
2.186
2.187
2.187
2.190
2.192
2.192
2.193
2.196
2.197
2.197
2.199
2.199
2.199
2.200
2.201
2.201
2.202
2.202
2.203
2.204
2.204
2.204
2.204
2.205
2.207
2.207
2.208
2.208
2.208
2.209
2.210
2.211
2.212
2.212
2.212
2.214
2.214
2.216
2.216
2.216
2.217
2.218
2.218
2.218
2.219
2.219
2.220
2.220
2.220
2.223
2.224
2.225
2.225
2.225
2.226
2.227
2.227
2.227
2.227
2.228
2.229
2.229
2.230
2.230
2.231
2.231
2.232
2.232
2.232
2.232
2.234
2.234
2.235
2.235
2.236
2.236
2.236
2.238
2.238
2.239
2.239
2.239
2.242
2.242
2.244
2.244
2.244
2.245
2.245
2.245
2.246
2.246
2.247
2.247
2.247
2.247
2.248
2.248
2.249
2.250
2.250
2.251
2.251
2.251
2.254
2.254
2.254
2.255
2.255
2.255
2.255
2.255
2.255
2.256
2.256
2.256
2.257
2.257
2.257
2.257
2.257
2.257
2.258
2.259
2.259
2.259
2.259
2.260
2.260
2.261
2.262
2.263
2.263
2.263
2.263
2.264
2.265
2.265
2.265
2.266
2.266
2.268
2.268
2.269
2.270
2.270
2.271
2.271
2.272
2.272
2.274
2.274
2.274
2.275
2.275
2.276
2.277
2.277
2.278
2.279
2.280
2.280
2.280
2.281
2.281
2.281
2.281
2.283
2.284
2.285
2.285
2.286
2.286
2.286
2.286
2.287
2.287
2.287
2.288
2.288
2.288
2.288
2.289
2.289
2.289
2.290
2.291
2.291
2.292
2.292
2.292
2.293
2.293
2.293
2.293
2.294
2.295
2.295
2.295
2.296
2.296
2.297
2.298
2.298
2.299
2.299
2.299
2.300
2.300
2.300
2.301
2.301
2.301
2.301
2.301
2.302
2.303
2.304
2.304
2.304
2.304
2.304
2.305
2.305
2.305
2.306
2.306
2.306
2.306
2.307
2.308
2.309
2.310
2.310
2.310
2.311
2.311
2.311
2.311
2.312
2.312
2.312
2.312
2.313
2.313
2.314
2.314
2.314
2.314
2.315
2.315
2.315
2.315
2.316
2.316
2.316
2.317
2.317
2.317
2.318
2.318
2.318
2.319
2.319
2.319
2.319
2.319
2.319
2.320
2.321
2.321
2.321
2.322
2.322
2.322
2.322
2.322
2.323
2.323
2.324
2.324
2.325
2.325
2.326
2.326
2.326
2.327
2.327
2.327
2.327
2.327
2.328
2.329
2.329
2.329
2.329
2.330
2.331
2.332
2.332
2.332
2.332
2.332
2.332
2.333
2.334
2.334
2.334
2.334
2.335
2.335
2.335
2.335
2.336
2.336
2.337
2.337
2.338
2.339
2.340
2.341
2.342
2.342
2.342
2.343
2.343
2.344
2.344
2.345
2.345
2.346
2.346
2.347
2.347
2.347
2.347
2.347
2.348
2.349
2.349
2.350
2.350
2.351
2.351
2.352
2.353
2.353
2.353
2.353
2.354
2.354
2.355
2.356
2.356
2.356
2.358
2.358
2.360
2.360
2.361
2.362
2.362
2.362
2.363
2.363
2.363
2.365
2.365
2.365
2.365
2.365
2.365
2.367
2.367
2.367
2.367
2.367
2.368
2.369
2.369
2.369
2.369
2.369
2.370
2.370
2.370
2.370
2.370
2.371
2.371
2.371
2.372
2.372
2.373
2.373
2.373
2.373
2.374
2.374
2.375
2.376
2.377
2.377
2.377
2.377
2.377
2.377
2.378
2.378
2.379
2.379
2.380
2.380
2.380
2.381
2.381
2.382
2.383
2.383
2.383
2.384
2.385
2.386
2.386
2.387
2.388
2.388
2.388
2.388
2.389
2.389
2.389
2.390
2.390
2.390
2.391
2.391
2.391
2.391
2.392
2.392
2.392
2.393
2.393
2.393
2.394
2.394
2.394
2.395
2.395
2.395
2.395
2.395
2.396
2.396
2.396
2.396
2.398
2.398
2.399
2.399
2.399
2.400
2.400
2.400
2.400
2.400
2.401
2.401
2.401
2.402
2.403
2.403
2.404
2.404
2.404
2.404
2.405
2.405
2.406
2.407
2.407
2.407
2.407
2.407
2.407
2.407
2.408
2.408
2.409
2.409
2.410
2.410
2.411
2.411
2.413
2.414
2.414
2.415
2.415
2.415
2.415
2.416
2.417
2.417
2.418
2.419
2.420
2.421
2.422
2.426
2.427
2.427
2.428
2.428
2.429
2.430
2.430
2.430
2.431
2.431
2.431
2.432
2.432
2.432
2.433
2.434
2.434
2.435
2.436
2.436
2.436
2.436
2.437
2.437
2.438
2.438
2.439
2.439
2.439
2.440
2.440
2.440
2.441
2.441
2.441
2.442
2.442
2.442
2.443
2.443
2.444
2.445
2.445
2.445
2.445
2.446
2.446
2.446
2.446
2.447
2.447
2.448
2.449
2.449
2.450
2.451
2.452
2.453
2.454
2.454
2.454
2.454
2.457
2.457
2.457
2.459
2.459
2.461
2.463
2.463
2.463
2.464
2.464
2.464
2.464
2.464
2.465
2.466
2.467
2.467
2.469
2.472
2.472
2.472
2.473
2.473
2.474
2.474
2.474
2.475
2.475
2.476
2.477
2.477
2.478
2.480
2.484
2.484
2.484
2.487
2.487
2.488
2.490
2.490
2.490
2.494
2.494
2.495
2.496
2.497
2.497
2.500
2.500
2.503
2.504
2.506
2.509
2.510
2.510
2.513
2.514
2.515
2.516
2.517
2.518
2.519
2.520
2.521
2.525
2.527
2.528
2.528
2.529
2.531
2.531
2.533
2.533
2.536
2.540
2.541
2.543
2.543
2.543
2.544
2.550
2.552
2.558
2.571
2.573
2.574
2.575
2.579
2.582
2.584
2.597
2.598
2.603
2.617
2.620
2.625
2.626
2.636
2.638
2.645
2.677
2.689
2.710
2.715
