2.489
2.522
2.525
2.527
2.532
2.533
2.535
2.537
2.539
2.551
2.554
2.554
2.559
2.560
2.560
2.565
2.566
2.567
2.568
2.570
2.585
2.588
2.591
2.593
2.594
2.598
2.601
2.602
2.604
2.609
2.611
2.612
2.612
2.614
2.615
2.618
2.619
2.620
2.620
2.620
2.620
2.621
2.621
2.622
2.624
2.624
2.625
2.625
2.626
2.626
2.626
2.626
2.627
2.630
2.634
2.634
2.636
2.636
2.637
2.637
2.640
2.640
2.641
2.643
2.643
2.645
2.646
2.647
2.648
2.648
2.649
2.651
2.651
2.652
2.653
2.655
2.656
2.658
2.658
2.661
2.664
2.665
2.665
2.665
2.668
2.669
2.671
2.671
2.672
2.673
2.674
2.675
2.676
2.676
2.677
2.678
2.678
2.678
2.678
2.679
2.679
2.679
2.680
2.681
2.682
2.682
2.684
2.684
2.685
2.685
2.686
2.686
2.688
2.688
2.689
2.689
2.690
2.691
2.691
2.692
2.693
2.693
2.695
2.696
2.697
2.698
2.698
2.698
2.699
2.699
2.700
2.700
2.700
2.700
2.702
2.702
2.705
2.706
2.706
2.706
2.707
2.708
2.710
2.710
2.711
2.711
2.712
2.713
2.713
2.714
2.715
2.716
2.716
2.716
2.717
2.718
2.718
2.718
2.719
2.719
2.720
2.721
2.722
2.722
2.722
2.723
2.723
2.723
2.723
2.724
2.724
2.725
2.726
2.726
2.726
2.727
2.727
2.727
2.727
2.728
2.729
2.729
2.730
2.730
2.730
2.730
2.732
2.732
2.733
2.733
2.733
2.733
2.734
2.734
2.734
2.735
2.735
2.736
2.736
2.736
2.737
2.737
2.738
2.739
2.740
2.740
2.740
2.742
2.742
2.742
2.743
2.746
2.746
2.747
2.747
2.748
2.748
2.748
2.749
2.750
2.750
2.751
2.751
2.753
2.754
2.755
2.755
2.755
2.755
2.755
2.755
2.756
2.756
2.756
2.756
2.756
2.757
2.757
2.757
2.758
2.758
2.758
2.759
2.760
2.762
2.763
2.764
2.764
2.765
2.766
2.766
2.767
2.767
2.768
2.768
2.768
2.769
2.769
2.770
2.770
2.771
2.771
2.772
2.772
2.774
2.774
2.775
2.775
2.776
2.777
2.778
2.779
2.779
2.779
2.779
2.780
2.781
2.781
2.781
2.781
2.782
2.782
2.782
2.783
2.783
2.784
2.784
2.785
2.785
2.785
2.786
2.786
2.786
2.786
2.786
2.786
2.786
2.787
2.787
2.787
2.787
2.788
2.789
2.790
2.790
2.790
2.790
2.791
2.791
2.791
2.792
2.793
2.793
2.793
2.794
2.794
2.794
2.794
2.795
2.795
2.795
2.796
2.797
2.797
2.797
2.797
2.797
2.799
2.799
2.799
2.800
2.800
2.800
2.801
2.801
2.801
2.801
2.802
2.802
2.803
2.803
2.803
2.804
2.805
2.806
2.806
2.806
2.806
2.807
2.807
2.808
2.809
2.809
2.810
2.810
2.811
2.811
2.812
2.812
2.812
2.813
2.813
2.814
2.814
2.815
2.815
2.815
2.816
2.816
2.816
2.817
2.819
2.819
2.819
2.819
2.820
2.820
2.821
2.821
2.821
2.821
2.823
2.823
2.824
2.824
2.825
2.826
2.827
2.827
2.827
2.828
2.828
2.829
2.829
2.829
2.830
2.830
2.830
2.831
2.832
2.832
2.832
2.833
2.833
2.833
2.834
2.834
2.834
2.835
2.836
2.837
2.838
2.838
2.839
2.839
2.840
2.841
2.841
2.841
2.841
2.842
2.843
2.844
2.844
2.844
2.844
2.844
2.846
2.846
2.846
2.847
2.847
2.847
2.848
2.848
2.849
2.849
2.850
2.850
2.850
2.850
2.851
2.852
2.853
2.854
2.854
2.855
2.855
2.855
2.855
2.856
2.856
2.856
2.857
2.857
2.858
2.859
2.859
2.859
2.860
2.860
2.860
2.861
2.861
2.861
2.862
2.862
2.863
2.864
2.864
2.865
2.865
2.865
2.865
2.866
2.867
2.867
2.867
2.867
2.868
2.868
2.868
2.870
2.871
2.871
2.871
2.872
2.872
2.873
2.873
2.873
2.873
2.874
2.874
2.874
2.875
2.876
2.876
2.877
2.877
2.877
2.878
2.879
2.879
2.879
2.880
2.882
2.882
2.882
2.882
2.883
2.883
2.885
2.886
2.886
2.886
2.886
2.887
2.888
2.888
2.889
2.890
2.891
2.892
2.892
2.892
2.892
2.892
2.892
2.894
2.894
2.895
2.895
2.896
2.897
2.899
2.900
2.900
2.900
2.900
2.900
2.902
2.903
2.903
2.904
2.905
2.906
2.906
2.908
2.908
2.910
2.910
2.911
2.911
2.911
2.912
2.912
2.912
2.913
2.914
2.914
2.915
2.915
2.915
2.915
2.916
2.917
2.918
2.921
2.921
2.922
2.924
2.925
2.925
2.926
2.927
2.927
2.929
2.930
2.930
2.930
2.931
2.933
2.933
2.933
2.933
2.934
2.935
2.935
2.936
2.938
2.938
2.938
2.939
2.939
2.940
2.942
2.942
2.942
2.942
2.943
2.943
2.944
2.944
2.944
2.944
2.944
2.944
2.945
2.945
2.946
2.946
2.947
2.949
2.949
2.950
2.951
2.951
2.951
2.951
2.951
2.953
2.953
2.954
2.955
2.956
2.958
2.958
2.958
2.959
2.959
2.960
2.960
2.961
2.962
2.962
2.963
2.963
2.964
2.964
2.967
2.968
2.968
2.970
2.970
2.971
2.972
2.973
2.973
2.975
2.977
2.979
2.979
2.980
2.983
2.983
2.984
2.984
2.987
2.987
2.988
2.990
2.992
2.992
2.992
2.993
2.993
2.995
2.995
2.996
2.996
2.998
3.000
3.002
3.003
3.007
3.010
3.011
3.011
3.013
3.013
3.014
3.016
3.017
3.019
3.024
3.024
3.026
3.027
3.027
3.028
3.028
3.030
3.031
3.031
3.042
3.045
3.046
3.047
3.049
3.053
3.056
3.056
3.070
3.079
3.090
3.098
3.099
3.105
3.106
3.107
3.116
3.118
3.119
3.129
3.133
3.147
3.159
3.159
3.166
3.168
3.229
