2.318
2.318
2.409
2.422
2.454
2.493
2.495
2.508
2.516
2.532
2.551
2.556
2.561
2.564
2.568
2.584
2.586
2.591
2.599
2.618
2.622
2.627
2.631
2.632
2.636
2.643
2.656
2.656
2.659
2.666
2.666
2.666
2.667
2.667
2.669
2.671
2.672
2.672
2.676
2.676
2.677
2.678
2.679
2.680
2.682
2.683
2.684
2.689
2.691
2.691
2.695
2.695
2.696
2.705
2.706
2.706
2.706
2.709
2.710
2.716
2.717
2.717
2.718
2.720
2.725
2.727
2.729
2.731
2.731
2.731
2.731
2.732
2.734
2.735
2.737
2.740
2.740
2.741
2.742
2.744
2.744
2.744
2.745
2.746
2.746
2.747
2.748
2.749
2.750
2.750
2.750
2.752
2.753
2.754
2.755
2.756
2.756
2.757
2.758
2.758
2.758
2.758
2.761
2.761
2.762
2.763
2.763
2.763
2.764
2.765
2.767
2.767
2.768
2.769
2.770
2.770
2.771
2.771
2.771
2.772
2.773
2.773
2.774
2.775
2.775
2.775
2.778
2.780
2.780
2.780
2.781
2.782
2.784
2.785
2.785
2.785
2.785
2.786
2.788
2.789
2.789
2.790
2.791
2.792
2.792
2.793
2.793
2.793
2.794
2.794
2.794
2.795
2.795
2.795
2.798
2.798
2.800
2.800
2.800
2.801
2.801
2.804
2.806
2.806
2.806
2.807
2.807
2.807
2.807
2.808
2.809
2.810
2.810
2.810
2.810
2.810
2.810
2.811
2.811
2.812
2.812
2.813
2.813
2.815
2.815
2.815
2.815
2.816
2.817
2.818
2.818
2.819
2.820
2.820
2.820
2.820
2.820
2.821
2.821
2.822
2.822
2.823
2.824
2.826
2.827
2.827
2.828
2.829
2.829
2.830
2.831
2.831
2.832
2.833
2.833
2.834
2.834
2.835
2.836
2.837
2.837
2.839
2.839
2.840
2.840
2.840
2.841
2.841
2.842
2.843
2.843
2.843
2.844
2.844
2.844
2.845
2.846
2.846
2.847
2.847
2.848
2.849
2.849
2.850
2.850
2.850
2.850
2.851
2.851
2.851
2.851
2.852
2.852
2.853
2.853
2.855
2.855
2.856
2.857
2.857
2.857
2.857
2.858
2.858
2.859
2.860
2.860
2.862
2.862
2.862
2.862
2.863
2.863
2.863
2.863
2.863
2.863
2.864
2.865
2.865
2.865
2.865
2.865
2.866
2.866
2.868
2.870
2.871
2.872
2.872
2.872
2.873
2.874
2.874
2.875
2.875
2.876
2.877
2.879
2.879
2.880
2.880
2.880
2.880
2.881
2.881
2.883
2.883
2.884
2.884
2.884
2.884
2.885
2.885
2.885
2.886
2.886
2.886
2.886
2.887
2.887
2.888
2.889
2.889
2.890
2.890
2.890
2.891
2.891
2.891
2.891
2.892
2.893
2.893
2.893
2.894
2.894
2.894
2.894
2.894
2.895
2.896
2.896
2.897
2.897
2.900
2.900
2.900
2.900
2.900
2.900
2.902
2.902
2.903
2.903
2.904
2.906
2.907
2.908
2.909
2.910
2.910
2.911
2.911
2.911
2.911
2.911
2.913
2.913
2.914
2.914
2.914
2.914
2.915
2.916
2.917
2.917
2.918
2.918
2.919
2.919
2.919
2.919
2.920
2.920
2.920
2.920
2.920
2.920
2.921
2.921
2.922
2.922
2.922
2.924
2.925
2.925
2.926
2.926
2.926
2.927
2.928
2.928
2.928
2.928
2.928
2.929
2.929
2.929
2.929
2.930
2.930
2.930
2.930
2.931
2.932
2.932
2.933
2.933
2.933
2.933
2.934
2.934
2.935
2.935
2.935
2.935
2.936
2.937
2.937
2.937
2.938
2.938
2.938
2.939
2.940
2.940
2.940
2.941
2.941
2.941
2.942
2.942
2.942
2.943
2.943
2.943
2.945
2.945
2.945
2.945
2.945
2.946
2.946
2.946
2.947
2.947
2.947
2.948
2.948
2.948
2.948
2.949
2.949
2.949
2.950
2.950
2.950
2.952
2.952
2.953
2.955
2.956
2.956
2.957
2.957
2.957
2.958
2.958
2.959
2.960
2.960
2.960
2.960
2.960
2.961
2.961
2.961
2.961
2.962
2.963
2.963
2.963
2.963
2.963
2.964
2.964
2.965
2.967
2.967
2.967
2.968
2.968
2.968
2.968
2.968
2.969
2.969
2.970
2.970
2.970
2.971
2.972
2.972
2.972
2.974
2.974
2.974
2.976
2.976
2.976
2.977
2.977
2.977
2.977
2.978
2.978
2.979
2.979
2.980
2.981
2.981
2.981
2.981
2.982
2.982
2.982
2.983
2.984
2.984
2.987
2.987
2.988
2.988
2.988
2.989
2.989
2.989
2.990
2.990
2.991
2.991
2.992
2.992
2.992
2.993
2.994
2.994
2.995
2.997
2.997
2.997
2.998
2.999
2.999
3.000
3.000
3.002
3.002
3.002
3.002
3.003
3.003
3.005
3.005
3.005
3.006
3.008
3.009
3.009
3.010
3.010
3.011
3.011
3.013
3.013
3.014
3.015
3.015
3.016
3.017
3.018
3.019
3.020
3.020
3.023
3.024
3.025
3.025
3.025
3.026
3.026
3.028
3.029
3.029
3.031
3.031
3.031
3.032
3.032
3.032
3.033
3.033
3.036
3.037
3.037
3.038
3.039
3.040
3.040
3.040
3.041
3.042
3.043
3.043
3.043
3.045
3.046
3.046
3.047
3.047
3.048
3.049
3.050
3.050
3.051
3.054
3.055
3.055
3.057
3.058
3.058
3.058
3.062
3.062
3.062
3.064
3.065
3.067
3.069
3.069
3.070
3.071
3.071
3.072
3.074
3.076
3.077
3.078
3.079
3.080
3.081
3.082
3.082
3.083
3.084
3.084
3.087
3.089
3.091
3.094
3.094
3.095
3.098
3.102
3.102
3.103
3.105
3.105
3.106
3.114
3.116
3.117
3.119
3.120
3.121
3.123
3.125
3.129
3.131
3.132
3.134
3.134
3.134
3.137
3.140
3.144
3.145
3.148
3.150
3.150
3.155
3.157
3.158
3.160
3.164
3.164
3.165
3.171
3.178
3.186
3.191
3.194
3.204
3.231
3.237
3.251
3.261
3.328
3.330
3.335
3.563
