2.203
2.865
3.009
3.086
3.134
3.149
3.154
3.184
3.197
3.230
3.234
3.242
3.244
3.258
3.265
3.269
3.272
3.278
3.292
3.293
3.294
3.299
3.301
3.304
3.315
3.315
3.315
3.330
3.333
3.342
3.345
3.353
3.359
3.372
3.378
3.385
3.391
3.395
3.399
3.408
3.410
3.417
3.423
3.430
3.430
3.433
3.441
3.443
3.458
3.464
3.465
3.469
3.471
3.472
3.474
3.477
3.477
3.479
3.488
3.489
3.489
3.491
3.491
3.496
3.497
3.500
3.503
3.504
3.511
3.512
3.512
3.517
3.518
3.519
3.524
3.533
3.533
3.534
3.538
3.540
3.540
3.541
3.542
3.543
3.545
3.546
3.546
3.548
3.551
3.551
3.552
3.552
3.552
3.552
3.552
3.554
3.558
3.562
3.562
3.564
3.566
3.567
3.567
3.568
3.570
3.572
3.572
3.576
3.579
3.582
3.584
3.585
3.585
3.586
3.586
3.587
3.588
3.590
3.594
3.594
3.608
3.609
3.613
3.613
3.613
3.613
3.614
3.616
3.617
3.620
3.621
3.621
3.623
3.623
3.623
3.623
3.625
3.628
3.628
3.629
3.631
3.631
3.631
3.632
3.632
3.633
3.634
3.635
3.637
3.637
3.638
3.639
3.640
3.641
3.644
3.648
3.648
3.649
3.650
3.650
3.653
3.656
3.663
3.664
3.664
3.664
3.664
3.666
3.668
3.669
3.671
3.671
3.671
3.673
3.673
3.676
3.676
3.681
3.683
3.685
3.685
3.687
3.688
3.694
3.696
3.699
3.699
3.702
3.708
3.708
3.709
3.710
3.713
3.714
3.716
3.717
3.717
3.719
3.720
3.720
3.723
3.728
3.729
3.732
3.734
3.735
3.737
3.738
3.738
3.740
3.741
3.742
3.743
3.743
3.744
3.745
3.745
3.751
3.752
3.752
3.753
3.753
3.754
3.756
3.761
3.762
3.764
3.765
3.766
3.768
3.771
3.771
3.773
3.774
3.774
3.775
3.775
3.776
3.776
3.777
3.778
3.779
3.779
3.780
3.780
3.781
3.782
3.783
3.784
3.785
3.788
3.789
3.789
3.790
3.790
3.791
3.792
3.792
3.793
3.794
3.794
3.794
3.795
3.796
3.797
3.797
3.797
3.798
3.800
3.801
3.803
3.805
3.805
3.811
3.811
3.811
3.815
3.816
3.816
3.816
3.818
3.818
3.819
3.820
3.821
3.822
3.822
3.822
3.824
3.825
3.825
3.826
3.826
3.826
3.826
3.827
3.827
3.828
3.828
3.828
3.831
3.832
3.835
3.835
3.836
3.837
3.838
3.839
3.839
3.839
3.841
3.841
3.842
3.843
3.843
3.843
3.845
3.846
3.847
3.847
3.848
3.848
3.848
3.848
3.849
3.850
3.853
3.854
3.855
3.856
3.856
3.857
3.858
3.859
3.862
3.863
3.864
3.864
3.866
3.867
3.868
3.869
3.872
3.872
3.872
3.875
3.876
3.878
3.882
3.883
3.887
3.887
3.888
3.888
3.889
3.891
3.892
3.893
3.893
3.893
3.895
3.895
3.897
3.897
3.898
3.902
3.902
3.902
3.902
3.903
3.903
3.904
3.907
3.908
3.909
3.909
3.909
3.910
3.911
3.913
3.914
3.914
3.916
3.917
3.920
3.920
3.920
3.921
3.923
3.925
3.925
3.928
3.931
3.932
3.933
3.933
3.933
3.933
3.934
3.935
3.935
3.936
3.937
3.939
3.940
3.940
3.940
3.941
3.944
3.945
3.946
3.946
3.949
3.950
3.950
3.951
3.952
3.953
3.955
3.955
3.956
3.957
3.959
3.959
3.960
3.965
3.966
3.966
3.967
3.967
3.968
3.970
3.971
3.972
3.973
3.974
3.975
3.976
3.977
3.977
3.977
3.978
3.979
3.982
3.983
3.983
3.983
3.984
3.984
3.985
3.987
3.987
3.988
3.990
3.990
3.991
3.992
3.993
3.993
3.994
3.996
3.998
3.998
3.998
3.999
4.000
4.002
4.004
4.007
4.007
4.008
4.008
4.008
4.009
4.009
4.010
4.011
4.011
4.012
4.013
4.013
4.014
4.014
4.015
4.016
4.017
4.017
4.017
4.020
4.025
4.026
4.026
4.026
4.026
4.028
4.030
4.030
4.032
4.033
4.035
4.035
4.035
4.036
4.037
4.038
4.039
4.040
4.040
4.040
4.041
4.047
4.047
4.047
4.047
4.049
4.049
4.050
4.053
4.054
4.055
4.057
4.057
4.057
4.058
4.059
4.059
4.060
4.061
4.062
4.065
4.066
4.067
4.067
4.071
4.072
4.077
4.077
4.077
4.077
4.079
4.080
4.081
4.081
4.085
4.085
4.087
4.091
4.091
4.093
4.093
4.094
4.094
4.094
4.094
4.094
4.097
4.098
4.107
4.107
4.108
4.108
4.108
4.110
4.110
4.114
4.114
4.116
4.118
4.118
4.119
4.124
4.124
4.128
4.129
4.129
4.129
4.132
4.132
4.133
4.134
4.134
4.134
4.135
4.135
4.135
4.136
4.139
4.140
4.140
4.140
4.141
4.142
4.143
4.143
4.144
4.146
4.147
4.149
4.151
4.154
4.154
4.155
4.156
4.156
4.161
4.162
4.163
4.163
4.164
4.165
4.166
4.168
4.169
4.172
4.174
4.175
4.176
4.177
4.179
4.181
4.181
4.184
4.184
4.187
4.189
4.202
4.202
4.203
4.203
4.204
4.207
4.208
4.211
4.211
4.213
4.213
4.215
4.219
4.225
4.228
4.229
4.229
4.232
4.237
4.242
4.243
4.245
4.245
4.252
4.258
4.263
4.263
4.264
4.265
4.269
4.275
4.278
4.279
4.287
4.295
4.297
4.299
4.304
4.305
4.307
4.310
4.310
4.311
4.311
4.315
4.316
4.322
4.323
4.325
4.326
4.327
4.328
4.330
4.331
4.333
4.339
4.349
4.350
4.351
4.352
4.356
4.364
4.367
4.373
4.377
4.378
4.390
4.397
4.400
4.404
4.408
4.415
4.420
4.421
4.422
4.427
4.429
4.432
4.432
4.433
4.435
4.438
4.438
4.475
4.484
4.495
4.496
4.500
4.503
4.504
4.512
4.513
4.542
4.573
4.617
4.628
4.664
