1.647
1.784
1.884
1.910
1.930
1.963
1.986
1.990
2.003
2.005
2.010
2.014
2.031
2.032
2.036
2.040
2.040
2.048
2.056
2.057
2.062
2.063
2.065
2.066
2.071
2.073
2.073
2.096
2.097
2.097
2.098
2.101
2.106
2.106
2.108
2.109
2.112
2.112
2.120
2.122
2.125
2.128
2.128
2.129
2.131
2.143
2.145
2.146
2.146
2.146
2.148
2.148
2.153
2.155
2.155
2.157
2.158
2.160
2.160
2.162
2.163
2.165
2.166
2.167
2.167
2.169
2.169
2.170
2.170
2.172
2.173
2.173
2.173
2.175
2.175
2.177
2.177
2.178
2.179
2.182
2.183
2.184
2.184
2.186
2.187
2.188
2.188
2.193
2.194
2.195
2.195
2.196
2.196
2.198
2.203
2.203
2.203
2.203
2.204
2.204
2.204
2.205
2.205
2.208
2.209
2.210
2.210
2.210
2.211
2.212
2.213
2.213
2.215
2.216
2.216
2.220
2.221
2.222
2.222
2.225
2.225
2.226
2.229
2.231
2.231
2.232
2.235
2.235
2.236
2.236
2.237
2.237
2.239
2.241
2.241
2.244
2.246
2.247
2.247
2.250
2.250
2.252
2.252
2.253
2.253
2.255
2.255
2.259
2.260
2.261
2.262
2.263
2.264
2.265
2.266
2.267
2.268
2.269
2.271
2.272
2.272
2.273
2.273
2.274
2.274
2.274
2.275
2.276
2.277
2.277
2.277
2.277
2.277
2.278
2.278
2.279
2.280
2.280
2.281
2.281
2.281
2.281
2.283
2.284
2.285
2.289
2.292
2.292
2.292
2.292
2.293
2.293
2.293
2.294
2.294
2.294
2.298
2.298
2.298
2.298
2.299
2.299
2.299
2.304
2.304
2.304
2.307
2.308
2.308
2.311
2.311
2.313
2.316
2.318
2.318
2.318
2.318
2.321
2.321
2.323
2.323
2.323
2.324
2.325
2.326
2.328
2.328
2.329
2.330
2.330
2.331
2.332
2.332
2.333
2.334
2.335
2.335
2.336
2.339
2.340
2.341
2.341
2.343
2.343
2.344
2.346
2.347
2.348
2.349
2.349
2.349
2.351
2.351
2.352
2.353
2.355
2.356
2.356
2.357
2.357
2.357
2.358
2.358
2.358
2.358
2.360
2.360
2.361
2.362
2.363
2.364
2.364
2.366
2.366
2.368
2.369
2.369
2.369
2.370
2.370
2.372
2.373
2.373
2.373
2.373
2.374
2.374
2.374
2.375
2.375
2.376
2.378
2.378
2.378
2.378
2.378
2.379
2.380
2.380
2.381
2.382
2.385
2.385
2.385
2.389
2.391
2.392
2.392
2.393
2.393
2.394
2.394
2.396
2.398
2.399
2.399
2.400
2.401
2.401
2.401
2.402
2.402
2.403
2.404
2.405
2.405
2.406
2.407
2.408
2.409
2.410
2.410
2.412
2.412
2.412
2.413
2.413
2.414
2.414
2.415
2.415
2.416
2.417
2.417
2.418
2.419
2.419
2.419
2.419
2.420
2.421
2.422
2.423
2.423
2.423
2.424
2.424
2.424
2.424
2.424
2.424
2.424
2.424
2.425
2.426
2.427
2.427
2.427
2.429
2.429
2.429
2.429
2.430
2.431
2.431
2.432
2.433
2.433
2.434
2.435
2.435
2.436
2.437
2.439
2.439
2.442
2.443
2.444
2.445
2.447
2.447
2.448
2.450
2.450
2.450
2.451
2.451
2.453
2.455
2.457
2.457
2.457
2.458
2.458
2.460
2.460
2.460
2.460
2.462
2.463
2.464
2.465
2.465
2.465
2.465
2.466
2.466
2.467
2.468
2.470
2.470
2.470
2.471
2.471
2.471
2.472
2.473
2.474
2.474
2.474
2.474
2.475
2.475
2.476
2.477
2.479
2.479
2.480
2.480
2.480
2.481
2.483
2.484
2.485
2.486
2.486
2.486
2.487
2.488
2.489
2.490
2.491
2.493
2.493
2.493
2.494
2.495
2.496
2.498
2.498
2.499
2.500
2.501
2.501
2.501
2.504
2.504
2.505
2.505
2.505
2.508
2.508
2.510
2.510
2.511
2.512
2.513
2.513
2.513
2.514
2.514
2.515
2.515
2.516
2.517
2.518
2.519
2.519
2.521
2.521
2.521
2.522
2.523
2.523
2.524
2.525
2.525
2.525
2.525
2.528
2.529
2.530
2.532
2.532
2.533
2.537
2.537
2.537
2.538
2.538
2.538
2.538
2.539
2.541
2.541
2.541
2.542
2.543
2.544
2.545
2.547
2.547
2.548
2.549
2.549
2.550
2.551
2.551
2.553
2.554
2.557
2.559
2.559
2.560
2.560
2.561
2.561
2.561
2.562
2.562
2.565
2.565
2.566
2.566
2.567
2.568
2.568
2.568
2.569
2.569
2.570
2.571
2.571
2.572
2.572
2.573
2.573
2.575
2.576
2.577
2.577
2.578
2.579
2.579
2.580
2.580
2.580
2.581
2.582
2.582
2.583
2.583
2.584
2.584
2.585
2.585
2.587
2.589
2.589
2.590
2.594
2.594
2.595
2.596
2.599
2.599
2.600
2.601
2.602
2.603
2.604
2.604
2.604
2.606
2.606
2.607
2.608
2.608
2.612
2.612
2.613
2.617
2.617
2.620
2.622
2.623
2.626
2.626
2.628
2.628
2.628
2.628
2.629
2.631
2.632
2.633
2.635
2.635
2.636
2.637
2.640
2.642
2.642
2.645
2.648
2.648
2.648
2.650
2.651
2.651
2.652
2.653
2.653
2.656
2.656
2.658
2.659
2.659
2.661
2.665
2.665
2.667
2.668
2.668
2.669
2.673
2.673
2.675
2.676
2.678
2.678
2.679
2.685
2.686
2.689
2.691
2.691
2.691
2.693
2.693
2.694
2.696
2.701
2.705
2.709
2.709
2.712
2.712
2.714
2.716
2.717
2.718
2.719
2.721
2.721
2.722
2.726
2.728
2.730
2.730
2.732
2.739
2.740
2.744
2.745
2.746
2.748
2.750
2.755
2.762
2.765
2.770
2.771
2.771
2.772
2.773
2.778
2.779
2.786
2.796
2.797
2.807
2.811
2.820
2.823
2.824
2.824
2.831
2.833
2.834
2.839
2.851
2.852
2.853
2.859
2.863
2.887
2.900
2.984
3.043
3.045
3.048
