1.03
0.78
0.68
0.65
1.63
0.73
0.59
0.77
0.46
0.51
1.19
0.46
0.79
1.7
1.04
0.55
0.97
0.93
0.58
2.33
1.22
1.59
1.55
0.88
0.61
0.52
0.64
0.55
0.74
0.55
0.8
0.54
0.55
1.24
0.79
1.73
0.62
0.56
1.02
0.44
1.06
1.01
0.85
1.8
1.65
1.3
1
0.95
0.91
0.93
0.6
1.09
0.92
0.6
0.5
0.63
0.87
0.86
1.21
0.5
0.76
0.84
0.7
0.95
0.96
0.59
0.61
0.7
0.87
0.93
0.52
0.53
0.8
1.07
0.61
0.54
0.98
1
0.46
0.69
0.43
0.61
0.63
0.66
1.23
0.99
0.85
0.55
0.73
0.58
1.06
1.04
1.01
0.52
0.66
0.8
0.78
0.6
0.86
0.76
0.92
0.9
0.67
0.88
0.56
0.91
0.91
0.65
1.12
1.21
0.69
1.11
1.18
0.66
0.96
0.81
0.8
1.51
0.69
0.54
0.6
1.19
0.74
0.62
0.8
0.98
1.12
0.55
0.9
0.61
0.7
0.76
1.5
0.8
0.86
0.84
0.89
0.78
0.54
0.52
0.73
0.81
0.87
0.67
0.36
0.55
1.06
0.7
0.83
0.83
0.58
0.49
1.7
0.91
0.54
0.67
0.66
0.62
1.56
0.93
0.75
0.92
1.32
1.57
1.45
0.5
1.09
0.56
0.46
0.77
0.83
0.59
0.55
0.92
1.14
0.57
0.46
0.87
0.64
0.49
0.71
0.55
0.73
0.72
0.54
1.1
1.1
1.28
0.64
1.23
0.83
0.51
0.56
0.94
0.79
1.11
0.95
0.81
0.65
1.58
1.61
0.76
1.02
0.85
0.91
0.88
0.54
1.27
0.71
0.56
0.61
0.92
0.78
0.88
0.67
0.97
0.69
1.22
1.09
0.85
1.04
0.8
0.75
1.26
0.86
1.22
1.36
1.26
0.96
1.19
0.64
1.37
0.75
0.42
0.79
0.56
0.72
1
0.87
1.08
0.82
0.66
0.46
0.64
1.27
1.15
1.01
0.71
0.82
0.46
1.23
0.72
1.04
1.82
0.73
0.89
0.89
0.58
0.6
0.76
1.46
0.88
0.54
0.92
0.62
0.89
1.57
1.04
0.53
1.08
0.69
0.73
0.87
2.74
0.51
1.54
0.46
1.12
0.72
0.76
1.19
0.96
0.82
0.79
0.96
0.92
0.7
0.59
0.88
1.01
0.9
0.6
0.64
1.05
1.18
0.58
0.72
0.44
0.55
1.18
0.71
0.58
0.62
0.9
0.82
0.78
1.52
0.92
1.03
1.04
1.23
1.53
1.88
0.48
1.63
0.62
1.18
0.86
0.82
1
0.86
1.06
1.39
0.75
0.91
0.71
0.94
0.45
1.31
0.44
0.8
0.81
0.62
0.5
1.2
0.84
0.87
0.82
0.75
0.77
0.52
1.17
0.7
0.59
0.93
0.68
1.19
2.16
0.56
0.71
0.54
0.79
0.94
0.61
5.48
0.78
0.58
0.86
1.71
0.87
1.41
0.88
0.49
0.74
0.81
0.64
0.39
0.67
0.47
0.7
1.08
0.92
0.88
1.22
0.58
2.07
0.53
0.74
1.11
0.58
0.77
1.18
0.8
0.72
0.77
0.65
1.08
0.5
0.68
1.21
0.69
0.59
0.69
0.85
0.73
0.56
0.63
1.53
0.93
1.18
1.19
1.2
0.9
0.77
1.22
0.83
0.73
1.18
0.63
1.07
1.71
0.58
1.4
0.82
0.7
0.52
0.68
1.51
0.58
1.06
1.72
0.68
0.98
0.71
0.63
0.95
0.94
4.38
0.67
0.5
0.88
0.57

1.2
1.38
0.74
0.96
0.83
1.32
1.64
1.22
1.15
0.55
1.44
0.57
0.94
0.56
0.74
0.79
0.73
1.21
0.75
0.67
1.36
1.1
0.74
0.75
0.78
1.06
0.64
1.02
1.31
1.61
0.96
1.09
0.99
0.41
1.04
0.77
0.43
0.95
0.53
0.68
0.66
1.02
1.2
1.13
1.75
0.72
1.08
0.48
0.86
0.82
0.54
0.49
0.56
1.1
0.7
0.55
0.79
0.79
0.7
0.84
1.17
0.71
0.84
1.01
0.76
0.63
0.53
0.5
2.06
1.05
0.67
0.54
1.72
0.76
0.64
0.84
0.54
4.09
1.06
1.75
0.88
0.96
0.72
0.6
0.48
0.59
0.86
0.98
0.61
1.51
0.48
0.49
1.26
0.92
1.01
0.5
1.15
0.85
1.11
0.92
0.55
1.66
0.69
0.55
0.57
1.05
2.85
1.06
1.08
0.45
0.65
0.49
0.64
0.53
0.73
0.89
1.02
0.89
0.91
0.62
0.59
0.8
0.57
0.62
0.94
0.75
0.91
0.87
0.65
0.44
0.92
1.16
0.94
1.38
1.02
0.65
0.48
0.89
0.8
0.66
1.47
0.78
0.89
1.08
0.97
0.69
1.54
1.06
0.55
1.26
0.64
1.57
1.25
0.93
0.91
0.56
0.48
1.1
0.91
1.05
1.11
1.05
0.77
0.6
0.8
0.79
0.76
0.89
1.21
0.82
0.62
1.35
1.68
0.67
1.6
0.87
0.84
1.29
1.31
0.69
0.78
0.81
0.58
1.91
0.82
0.6
1.64
0.62
0.89
0.83
0.55
0.9
1.14
0.6
0.47
0.87
0.92
0.84
1.75
2.09
1.18
1.31
1.99
0.7
0.72
1.24
1.05
0.7
0.86
0.64
0.73
0.74
1.15
0.86
0.8
1.12
1.13
0.76
1.08
0.59
1.07
0.58
0.59
0.81
0.55
1.35
1.1
1.16
1.46
0.69
1.05
0.47
1.22
1
1.24
0.86
1.4
1.05
0.76
1.18
0.77
1.2
0.56
0.69
0.92
0.96
0.99
0.71
1.03
0.91
0.67
0.91
1.04
0.99
0.69
0.72
0.52
0.85
0.74
0.85
1.93
0.98
1.07
0.82
1.06
0.62
0.36
2.79
2.17
0.61
1.72
0.47
0.98
0.98
1
1
0.76
0.75
1.12
0.57
0.6
0.83
0.58
0.8
1.04
0.73
0.46
0.92
0.51
