0.0461618
0.0205605
0.0328101
0.0299209
0.0287492
0.0261567
0.0254062
0.0288815
0.0266061
0.0346735
0.0592152
0.0323253
0.0311227
0.0238978
0.0419418
0.0642703
0.023742
0.0249473
0.0778654
0.0277079
0.025861
0.048886
0.0445403
0.0475032
0.0598494
0.0231158
0.0248923
0.0281824
0.0211822
0.0319257
0.0494001
0.0696839
0.102376
0.0566959
0.0571084
0.0426327
0.108835
0.0275936
0.0406858
0.0330777
0.0941959
0.0964074
0.0915134
0.258207
0.0290168
0.0240571
0.0613125
0.0688028
0.0403254
0.0414363
0.0584857
0.0286986
0.0246055
0.0364954
0.0571051
0.145444
0.0285706
0.0266439
0.0429881
0.0473742
0.044053
0.0546802
0.0338453
0.027145
0.0492666
0.041754
0.0400587
0.038712
0.0441404
0.0238585
0.0184723
0.0392478
0.0260415
0.0436016
0.0525332
0.0335721
0.0516295
0.099974
0.0201161
0.02578
0.0266136
0.0316334
0.0325553
0.0659935
0.0645404
0.0583784
0.0364183
0.0431465
0.0413272
0.0286334
0.0281074
0.0503065
0.0914047
0.0281138
0.0231303
0.0420383
0.0524925
0.0453681
0.0320284
0.0336913
0.0525795
0.0414318
0.0449291
0.05546
0.0413353
0.0548637
0.0348939
0.0279488
0.0237151
0.0658159
0.0927125
0.024051
0.0204545
0.0375968
0.0251532
0.0396364
0.033314
0.0474618
0.0423444
0.0517388
0.0571782
0.0629918
0.0304765
0.0527201
0.0522899
0.0287177
0.0376301
0.0860143
0.0559357
0.0321508
0.0330307
0.0404824
0.0276619
0.0833085
0.0281964
0.0506186
0.0205096
0.0464823
0.0444917
0.026372
0.0506999
0.0254377
0.048825
0.0344904
0.0202268
0.0530263
0.0374791
0.0246427
0.0335687
0.0272034
0.0267649
0.0532724
0.0318105
0.067134
0.0250974
0.062878
0.0647326
0.0304028
0.0759967
0.0345232
0.0364481
0.042713
0.039961
0.027994
0.0274304
0.0860896
0.103079
0.0651405
0.0157946
0.0231962
0.0404706
0.0282958
0.0798554
0.0748436
0.046405
0.0555499
0.036262
0.0298226
0.0250488
0.0259914
0.0456548
0.0966829
0.0256596
0.100464
0.0225801
0.0267638
0.0398164
0.0511515
0.0620146
0.0953732
0.0402785
0.0439258
0.114769
0.0801195
0.107301
0.04332
0.037656
0.0544005
0.0368414
0.0370481
0.0338294
0.0562566
0.0590017
0.0802365
0.0664082
0.07027
0.0375881
0.132976
0.0936282
0.0446863
0.0952238
0.0508418
0.056236
0.0418519
0.0250236
0.0238687
0.0306292
0.0330946
0.0269085
0.0572185
0.0515507
0.0219642
0.029053
0.076179
0.0503366
0.0343084
0.0432518
0.0288459
0.0463595
0.0563006
0.0414428
0.0355744
0.0355872
0.0910637
0.0432189
0.101776
0.0554851
0.118541
0.0380642
0.10648
0.0851379
0.0911944
0.0448041
0.0607041
0.0152363
0.0200716
0.0281355
0.0376017
0.0490678
0.0897002
0.0793337
0.0545871
0.0361082
0.0376197
0.0288319
0.0925378
0.0738441
0.0712741
0.0770706
0.073752
0.0334747
0.0781093
0.0483268
0.031538
0.0637206
0.0532979
0.12703
0.115832
0.0603475
0.106493
0.0550222
0.0857339
0.030629
0.0527503
0.0514742
0.0433062
0.0312662
0.0490092
0.0314515
0.0506905
0.0349723
0.0294796
0.0442645
0.0601057
0.0434022
0.0535124
0.0453779
0.0338717
0.0453221
0.0384368
0.0390227
0.0228528
0.0247525
0.0955303
0.0852428
0.0381431
0.0406589
0.0477141
0.0997704
0.0309739
0.2369
0.145308
0.115713
0.103552
0.15084
0.225632
0.107938
0.0378243
0.137104
0.0574219
0.048643
0.053993
0.0460514
0.0263206
0.0407355
0.0441738
0.0292195
0.045211
0.0269981
0.0351384
0.0335582
0.0772008
0.0316098
0.0281785
0.0583472
0.0617448
0.0445084
0.0222155
0.0372118
0.0440654
0.0281092
0.169604
0.115468
0.0444844
0.109115
0.103832
0.0765229
0.0579442
0.0213339
0.0444438
0.0393428
0.0286517
0.0228903
0.0544998
0.0924578
0.0354897
0.0376497
0.020413
0.0238775
0.0330658
0.0297853
0.0433912
0.0354316
0.0440035
0.053513
0.0472408
0.0818029
0.0400172
0.0597387
0.0520366
0.0815705
0.027655
0.0485156
0.0733727
0.24942
0.0263586
0.0312419
0.0316201
0.033156
0.0347724
0.0475523
0.114285
0.0459407
0.0292941
0.0310944
0.0356206
0.0394557
0.044865
0.025269
0.0684333
0.153315
0.0624374
0.0309364
0.0163257
0.0527637
0.0414505
0.0297473
0.0546261
0.0378741
0.0381733
0.0329565
0.036293
0.0273663
0.0618965
0.0875448
0.0562201
0.0431081
0.0262814
0.0235778
0.0392391
0.0401427
0.123769
0.0887721
0.041378
0.0305026
0.0405827
0.0425844
0.066043
0.0613393
0.0233201
0.0205408
0.022441
0.0288582
0.0591511
0.150781
0.0302806
0.0347688
0.0346188
0.01653
0.0527513
0.0562837
0.0510972
0.0506634
0.032296
0.0289896
0.0401133
0.0235395
0.0477886
0.0544073
0.179651
0.13378
0.0856618
0.0343701
0.0376188
0.0452088
0.0265084
0.08672
0.0846495
0.0242155
0.0348406
0.0432389
0.0319707
0.0348103
0.0393137
0.203481
0.034831
0.0652469
0.0291394
0.115319
0.0458097
0.0473573
0.049199
0.047486
0.0447726
0.0435021
0.033034
0.0471478
0.0469286
0.0520805
0.0713253
0.0565816
0.040015
0.0324171
0.0262353
0.0236078
0.0436616
0.0517574
0.0652077
0.10738
0.0593416
0.033825
0.0654865
0.0402268
0.0573308
0.0372051
0.0378315
0.0269458
0.0247019
0.0957661
0.0358523
0.0419648
0.0657769
0.0288852
0.0565147
0.0350268
0.0609331
0.0387486
0.0288865
0.0290668
0.0347881
0.0383302
0.0638181
0.0559638
0.0344339
0.0508613
0.0636756
0.083081
0.0728668
0.060149
0.0477203
0.0353851
0.0897734
0.107595
0.0312426
0.0342557
0.0387793
0.0341267
0.111588
0.0515382
0.0565355
0.0733227
0.100882
0.033296
0.0391419
0.0306549
0.0376689
0.0523725
0.261127
0.0244713
0.0475154
0.0774753
0.0462064
0.0565638
0.067749
0.0449057
0.237756
0.192905
0.0617803
0.0639705
0.0217278
0.0217903
0.0409549
0.0222737
0.0967914
0.0552665
0.0279591
0.034314
0.0690897
0.100734
0.0278872
0.018411
0.0579204
0.173018
0.0248891
0.0283365
0.0556831
0.0208632
0.0309079
0.0166969
0.048027
0.119016
0.128835
0.14403
0.0279442
0.0335728
0.0424521
0.0274131
0.0649429
0.0705538
0.0708384
0.0415548
0.0236764
0.0266855
0.028266
0.0256354
0.0828142
0.0510329
0.0298341
0.0365886
0.0456965
0.094407
0.0288104
0.0370698
0.0248143
0.0717373
0.0430056
0.0474114
0.0573476
0.0568384
0.0500107
0.0598524
0.10928
0.0551694
0.0194341
0.033904
0.0487307
0.0455039
0.0651567
0.0699127
0.065897
0.0398077
0.0379929
0.03007
0.0427328
0.0345183
0.0428624
0.0699093
0.0653408
0.0265923
0.0171503
0.0156803
0.0230247
0.0440322
0.0413983
0.0352407
0.0713657
0.0702468
0.0269388
0.0536851
0.0424961
0.0689862
0.0666512
0.0292499
0.033787
0.0479781
0.037272
0.0296538
0.0360353
0.04292
0.053151
0.0281909
0.033305
0.0276473
0.0414842
0.0583358
0.0460918
0.0571877
0.0392708
0.0262418
0.0438696
0.0683163
0.0301446
0.0198914
0.081795
0.0384347
0.0360256
0.102969
0.0867096
0.0385522
0.0554443
0.152757
0.0574964
0.0276727
0.0208645
0.0290464
0.038161
0.0380619
0.0600607
0.0466071
0.0450986
0.0337883
0.0709587
0.0626165
0.0550272
0.0528652
0.0460359
0.0363451
0.0404253
0.0540567
0.0298279
0.0347793
0.0687958
0.07603
0.020496
0.0218299
0.0425265
0.0339431
0.0550998
0.0586868
0.0396248
0.0747909
0.0383351
0.0611197
0.0461129
0.0685898
0.0658209
0.102949
0.0191058
0.022727
0.0676147
0.0430699
0.0589582
0.0386713
0.048129
0.0731407
0.0466728
0.0469239
0.0401751
0.0544434
0.0841116
0.0428747
0.0409402
0.0962206
0.0430097
0.0351216
0.0192518
0.044161
0.0417641
0.138351
0.101838
0.0662204
0.0518802
0.120789
0.0811623
0.0513678
0.0939902
0.0680562
0.0365144
0.0327113
0.0467939
0.0452815
0.0566717
0.0597388
0.157324
0.0776393
0.0504537
0.0465743
0.0444323
0.0310896
0.0263274
0.0385252
0.0893421
0.0247294
0.042076
0.0324347
0.035533
0.0375022
0.166335
0.175747
0.0516067
0.0617635
0.0400161
0.0258794
0.037674
0.0228156
0.0297407
0.0522998
0.0450931
0.0462003
0.0381632
0.0444984
0.048708
0.0366281
0.0575858
0.0711412
0.0411903
0.0228458
0.0636351
0.0535441
0.0599943
0.0951892
0.0296582
0.0254185
0.0895876
0.0744715
0.0254624
0.0587029
0.0479446
0.0732395
0.0945116
0.0387187
0.0461897
0.0327278
0.0277499
0.0332622
0.0669754
0.097589
0.0275398
0.0241551
0.0523166
0.0451462
0.117708
0.0653193
0.0353164
0.032734
0.0293122
0.0386607
0.0939861
0.0920993
0.0494474
0.0482555
0.0217893
0.027145
0.0301721
0.0840346
0.0353766
0.0418822
0.036762
0.0639989
0.0535537
0.069777
0.0804857
0.0451246
0.0623194
0.0375113
0.168074
0.116197
0.0336817
0.0405022
0.0268858
0.0377798
0.0546275
0.0420551
0.10341
0.0582174
0.0576187
0.0495263
0.0513616
0.0680975
0.030453
0.0372086
0.0545482
0.0379745
0.0281787
0.128699
0.0428203
0.10464
0.0958168
0.0336958
0.0437327
0.0392215
0.0528913
0.0356614
0.121409
0.0494795
0.0357679
0.0415141
0.0470054
0.0225459
0.0434086
0.0217887
0.0771484
0.0810567
0.0353636
0.0476693
0.0372337
0.0572637
0.0661154
0.101467
0.0376032
0.0632273
0.0523011
0.069567
0.0617806
0.120569
0.100435
0.105418
0.024451
0.0469007
0.0916447
0.0586529
0.130164
0.0257156
0.0283142
0.0241102
0.024321
0.0348556
0.0293792
0.052872
0.0470772
0.0760114
0.0923268
0.0528015
0.0483699
0.0669269
0.0766449
0.087044
0.142741
0.154232
0.214387
0.0412364
0.0604306
0.0435324
0.0285513
0.0290527
0.0420938
0.06967
0.0888134
0.041354
0.0278498
0.0896158
0.0399143
0.0737816
0.0769809
0.0359415
0.0694303
0.0499449
0.107143
0.072471
0.0515232
0.0511001
0.0832481
0.0949721
0.0350772
0.0316301
0.0399958
0.047185
0.0379355
0.0502563
0.0201028
0.0154008
0.03352
0.0289755
0.0300364
0.0254885
0.0519473
0.0566889
0.101653
0.110794
0.0318585
0.0387569
0.0286344
0.0425295
0.12654
0.0400513
0.0231207
0.020354
0.0339921
0.0301521
0.0451435
0.0619969
0.0356357
0.0340285
0.0490145
0.0582226
0.022897
0.0314401
0.0419689
0.0391763
0.0467516
0.0564271
0.0255703
0.024554
0.0368866
0.0470856
0.056215
0.131049
0.0665803
0.0717673
0.0728271
0.0293603
0.0292106
0.0591148
0.0790796
0.0440846
0.0307535
0.0522219
0.0485802
0.197272
0.116743
0.0806247
0.0882018
0.0872132
0.0895164
0.0120149
0.0303818
0.0609346
0.0575369
0.0372585
0.0294146
0.0791219
0.0855409
0.0811438
0.0480178
0.0424374
0.0663993
0.0952218
0.048606
0.0639309
0.0321614
0.0483
0.038184
0.0265009
0.0465106
0.048164
0.0884069
0.0724606
0.0443002
0.0660998
0.21969
0.126954
0.0405802
0.04395
0.049429
0.0430534
0.198743
0.0294535
0.0256411
0.0449394
0.0382418
0.0552464
0.19157
0.0555558
0.0555957
0.076209
0.0631539
0.0791815
0.0814973
0.067489
0.104555
0.0466768
0.0439934
0.0282579
0.0250043
0.0450037
0.0476235
0.0276306
0.0375935
0.0504046
0.0509642
0.0226672
0.0236553
0.0618856
0.0629707
0.0468934
0.0677129
0.029192
0.0770142
0.0829114
0.110028
0.0871881
0.0404133
0.0552291
0.0718342
0.0282038
0.0606837
0.0711477
0.067054
0.0456631
0.0446971
0.0524475
0.255323
0.0495512
0.029839
0.107812
0.0261823
0.0321355
0.0247505
0.0521667
0.0488034
0.192947
0.107097
0.0520529
0.0269634
0.0320691
0.0233121
0.0440964
0.0362289
0.0568573
0.0483324
0.14573
0.188639
0.0654059
0.052137
0.0542251
0.0664164
0.0387239
0.036256
0.0641477
0.0383768
0.0486216
0.0455314
0.037512
0.0239491
0.030693
0.0567008
0.0409895
0.075062
0.0820755
0.030112
0.0350935
0.0597985
0.0981764
0.071233
0.125502
0.0282682
0.0776232
0.0419149
0.0403909
0.0352976
0.0847005
0.0585923
0.0175992
0.0280815
0.0893953
0.0893927
0.0567137
0.0861525
0.0391534
0.0410827
0.0697274
0.0738136
0.0711374
0.0244991
0.0257702
0.0595936
0.0770801
0.0560461
0.0523207
0.102068
0.0931262
0.132715
0.0783174
0.0255034
0.026554
0.111167
0.104948
0.0537986
0.0499003
0.0233044
0.0285047
0.0277914
0.0800372
0.0303032
0.0297879
0.0508593
0.0645759
0.035468
0.0491576
0.0388242
0.0371193
0.0963941
0.0561589
0.0730426
0.0242093
0.0554388
0.0595619
0.0444328
0.039336
0.056636
0.042923
0.0320472
0.0578671
0.0259163
0.0330765
0.0409174
0.0735085
0.0263917
0.0318811
0.0322571
0.0363448
0.104685
0.0549417
0.0417822
0.108312
0.122987
0.0543213
0.0569214
0.0648683
0.0856506
0.0560323
0.0429219
0.0356333
0.0585843
0.0637212
0.0852274
0.0201757
0.0404651
0.0530019
0.0365482
0.0737131
0.0682693
0.0318524
0.0176083
0.0447949
0.0343832
0.0368304
0.0216834
0.0454478
0.120669
0.0422152
0.0474282
0.0598145
0.030484
0.0540735
0.0565934
0.0562873
0.0420473
0.0651551
0.0340918
0.0365067
0.102319
0.100325
0.024481
0.0424848
0.035506
0.0251425
0.0609002
0.0804905
0.030474
0.0314147
0.166119
0.0228622
0.0608188
0.164039
0.0503211
0.0588665
0.0440874
0.046631
0.0694368
0.0556333
0.0511768
0.0566244
0.0570069
0.0911876
0.020898
0.0177344
0.0285565
0.0450341
0.0412704
0.0312555
0.051432
0.0667832
0.0436563
0.0396729
0.065754
0.0858686
0.0512691
0.0442361
0.0276241
0.0255297
0.0316215
0.0322078
0.0278217
0.0976052
0.058707
0.0394119
0.0261212
0.0369071
0.0335661
0.0513609
0.044611
0.0691551
0.0307873
0.0280672
0.0232289
0.210127
0.038251
0.02966
0.059091
0.0558677
0.0875616
0.164886
0.0423048
0.0759166
0.0587954
0.0662611
0.0614148
0.108164
0.0305578
0.0243137
0.0528544
0.0379345
0.0492888
0.0331889
0.0473474
0.0491892
0.0840918
0.0515936
0.0728782
0.0693736
0.0330634
0.0161809
0.0173123
0.0325936
0.0330171
0.0319461
0.0247093
0.0341374
0.0466995
0.0616338
0.0561235
0.0339261
0.0303068
0.0784033
0.0772635
0.0512308
0.0657018
0.140933
0.158727
0.0379378
0.0588437
0.0331563
0.0531951
0.0603218
0.0407912
0.0747306
0.0595539
0.0536712
0.0459715
0.0874387
0.0889699
0.0446587
0.0517566
0.0932578
0.0447866
0.058893
0.0705265
0.0328947
0.0350875
0.0244869
0.027703
0.0182468
0.0175346
0.0559795
0.0438975
0.0360818
0.0322967
0.0438854
0.0667203
0.0313543
0.0367848
0.0638517
0.092133
0.0465154
0.0370728
0.0477973
0.0404924
0.0427474
0.0481826
0.0370366
0.0304005
0.0770548
0.045825
0.0627423
0.0564421
0.0420766
0.0381696
0.0322596
0.030231
0.0565593
0.0994141
0.0453257
0.0426095
0.0457701
0.0528581
0.0437953
0.0324128
0.0294281
0.0327855
0.192788
0.126286
0.0366441
0.0677363
0.0499928
0.0509536
0.0265886
0.0273099
0.0382906
0.0348264
0.0396309
0.0380696
0.1752
0.0893021
0.0543504
0.0236553
0.0269995
0.0308127
0.0382881
0.0375984
0.0376078
0.0181536
0.131877
0.0473996
0.0530704
0.0648391
0.039259
0.029989
0.0749445
0.0328379
0.0990007
0.0420958
0.0515599
0.0448917
0.0371871
0.0358671
0.0473996
0.0482247
0.0466727
0.0356607
0.0579563
0.0528436
0.0372037
0.035298
0.108548
0.0715639
0.125597
0.0588549
0.0228603
0.0291214
0.0540806
0.0374624
0.0295234
0.0621321
0.0780697
0.0825263
0.045119
0.0323589
0.0478977
0.0283419
0.0692471
0.0772397
0.0315605
0.0324222
0.0244851
0.0391985
0.081079
0.0738296
0.0411196
0.0278441
0.0226521
0.058682
0.0945804
0.0683762
0.100795
0.0764314
0.0799626
0.0378306
0.0718527
0.0357097
0.135651
0.114462
0.0590503
0.0764748
0.0637483
0.0226113
0.0200982
0.100597
0.0583724
0.0681878
0.0503201
0.0633916
0.0501142
0.0707048
0.045042
0.0575892
0.0348403
0.0309202
0.0464694
0.0349621
0.0374793
0.00794931
0.0506665
0.039771
0.056375
0.046517
0.0345374
0.0201869
0.0580957
0.0397249
0.0379386
0.0818752
0.0574783
0.0357895
0.0520321
0.0559761
0.028271
0.0431809
0.0314344
0.120379
0.126354
0.0863901
0.0681518
0.0450283
0.0554675
0.030593
0.0319506
0.0576092
0.06892
0.0870352
0.0478325
0.0621832
0.0477814
0.0315334
0.0427837
0.0401352
0.0474465
0.0703743
0.144979
0.0379247
0.0719287
0.0565199
0.0490518
0.0385139
0.031673
0.0578846
0.0817877
0.0283649
0.0236353
0.0618435
0.0426845
0.0610279
0.0596476
0.0954229
0.106202
0.061629
0.0217707
0.0187439
0.0286453
0.0338219
0.0739917
0.0288843
0.0369252
0.0935509
0.0494128
0.0447936
0.061374
0.0828938
0.0547026
0.0711119
0.153628
0.0481241
0.0563984
0.0591325
0.0600392
0.0321854
0.0493192
0.0386182
0.027425
0.0763408
0.0691421
0.0386804
0.0383554
0.0193756
0.0298529
0.0656878
0.0537863
0.0349807
0.044646
0.0400273
0.0390066
0.0710499
0.0347196
0.114179
0.0689706
0.0363245
0.0630057
0.0257108
0.0263231
0.0308675
0.0596938
0.0329837
0.0340008
0.0295154
0.0809201
0.0425084
0.0494862
0.0748384
0.0369979
0.0572572
0.0437226
0.0322113
0.0349661
0.0282465
0.0581448
0.0524088
0.0229226
0.108592
0.0479142
0.032473
0.0313996
0.0414719
0.0644467
0.0342012
0.0797882
0.0570102
0.0851432
0.0609295
0.0537923
0.0261769
0.0223139
0.0212514
0.0440779
0.0368206
0.0537205
0.050068
0.0923074
0.041193
0.0758428
0.0392133
0.0748446
0.0622425
0.0709308
0.0275765
0.025873
0.0489463
0.0537368
0.0275763
0.0255268
0.0682964
0.0862084
0.0692713
0.0370987
0.0189476
0.0410272
0.0707675
0.09344
0.140895
0.0405037
0.0368702
0.046616
0.0498519
0.0286753
0.0472894
0.0380016
0.0289187
0.0591304
0.0311161
0.0429577
0.0513641
0.0457209
0.0471918
0.0313226
0.0432311
0.0350126
0.0439488
0.0504627
0.0527461
0.0661748
0.027277
0.0320941
0.0339789
0.0526681
0.0574147
0.0921468
0.0717934
0.132512
0.0346639
0.0352259
0.0299925
0.0364463
0.0587052
0.065283
0.0461827
0.0481257
0.0715905
0.0465607
0.0442055
0.0687941
0.0282892
0.057439
0.0367822
0.0423209
0.0634749
0.0347444
0.0531585
0.103722
0.13445
0.0474054
0.0484824
0.206523
0.0884003
0.0489738
0.0450031
0.0647407
0.066393
0.0581097
0.0437119
0.0359295
0.0567926
0.0352912
0.0418162
0.0395186
0.0563218
0.0708869
0.02071
0.0532455
0.104949
0.0597172
0.0594641
0.029079
0.0499937
0.0506245
0.151226
0.0193225
0.0608414
0.0436638
0.0341335
0.159625
0.1124
0.0412636
0.0488767
0.0577297
0.0690858
0.0489643
0.0249893
0.029022
0.0296722
0.0362529
0.0390165
0.0461528
0.0418699
0.12253
0.0456215
0.0334048
0.0280587
0.0398468
0.0636108
0.0425043
0.0300644
0.0361385
0.0377466
0.0561324
0.0861916
0.0395723
0.0326084
0.036599
0.0321757
0.0305709
0.0566587
0.0352153
0.0371236
0.0756697
0.0368818
0.0697556
0.0285628
0.0397652
0.0311149
0.0264393
0.0252194
0.0957969
0.0261432
0.121217
0.0239152
0.0546216
0.0295016
0.0486244
0.037536
0.0526928
0.0588242
0.0422583
0.0681694
0.0444436
0.0676871
0.115741
0.0360954
0.0444254
0.039165
0.0408952
0.0631469
0.0541488
0.0769513
0.0816727
0.235895
0.0575369
0.0585281
0.0620114
0.0399309
0.0862889
0.1177
0.0279974
0.0365682
0.0314158
0.0334247
0.0275543
0.0475221
0.0439791
0.0206231
0.0360344
0.0307181
0.0330228
0.0440747
0.0818514
0.120069
0.0394814
0.0652699
0.0464549
0.0543044
0.0452163
0.0567191
0.0609743
0.0263417
0.0351359
0.0422925
0.0627495
0.0528176
0.0422143
0.082773
0.0568519
0.0390505
0.0621202
0.0524835
0.0334248
0.0288408
0.0664687
0.0252213
0.146635
0.200726
0.0566599
0.0480034
0.0645028
0.0559218
0.116045
0.0426953
0.0470295
0.0619053
0.0274819
0.0174501
0.0077499
0.0369098
0.0237362
0.0233575
0.041629
0.0316973
0.0323864
0.143831
0.0360754
0.0332091
0.0314001
0.0345048
0.0278961
0.169543
0.110941
0.0656334
0.0471447
0.0420425
0.0676684
0.0535971
0.111884
0.0756077
0.0486149
0.0676065
0.0447276
0.0386619
0.0363079
0.0430954
0.0904737
0.0759013
0.0450912
0.0483738
0.034335
0.0504217
0.0509935
0.0488241
0.0319716
0.0325735
0.0670653
0.05259
0.0356886
0.0796237
0.0625923
0.0412504
0.0486558
0.0284511
0.0492022
0.0462164
0.0615116
0.0484034
0.0590525
0.102681
0.0292444
0.0416763
0.0245531
0.0320266
0.0493858
0.0585377
0.0587094
0.0683979
0.0416902
0.0389964
0.0483368
0.0367907
0.0427703
0.0443927
0.0616636
0.0440134
0.0443458
0.0899013
0.0659508
0.0340023
0.0436061
0.109568
0.0460071
0.0193876
0.0225438
0.032451
0.0658261
0.022304
0.0210114
0.0990243
0.0212403
0.0374426
0.035965
0.0545167
0.0700858
0.0253148
0.0385934
0.0872306
0.0353454
0.0464044
0.065025
0.0578716
0.0307769
0.0635207
0.0352432
0.0287026
0.0736558
0.070757
0.0366298
0.0461182
0.0305631
0.0261822
0.0346113
0.0360427
0.0490003
0.0651725
0.0547168
0.0162058
0.0258688
0.0346442
0.0298851
0.0465599
0.0286334
0.10656
0.0317645
0.0377122
0.0314924
0.0412563
0.0570963
0.0657855
0.0472765
0.0580919
0.0359835
0.0303126
0.0240185
0.0440769
0.0354121
0.0310965
0.0427745
0.107776
0.106662
0.0242585
0.0262867
0.0547801
0.0793876
0.0412629
0.121833
0.0772073
0.0604769
0.0705187
0.0602369
0.0573364
0.0519094
0.0514617
0.0474721
0.0411936
0.0289436
0.0389717
0.0459348
0.0661291
0.0706119
0.0895734
0.147002
0.0974454
0.0689228
0.127419
0.0779715
0.0895981
0.043775
0.0429499
0.045458
0.0523279
0.0351643
0.065207
0.0927952
0.0337498
0.0592503
0.0455759
0.0377437
0.0859904
0.0389082
0.0306185
0.0172227
0.0264677
0.0321827
0.0297796
0.0483143
0.0547703
0.0450002
0.0470021
0.0951778
0.0773043
0.0706349
0.070124
0.0951824
0.0368255
0.0275777
0.0365627
0.10019
0.036152
0.0453226
0.0470905
0.0398985
0.077424
0.072659
0.0793643
0.0676237
0.035704
0.0400559
0.0622738
0.0721777
0.0374834
0.0953577
0.109918
0.0453036
0.0436793
0.0443339
0.056896
0.135028
0.020643
0.0350473
0.0224952
0.0187354
0.0409708
0.0370645
0.048341
0.0595346
0.0864104
0.0562969
0.0434885
0.0607966
0.0505088
0.0574257
0.038418
0.0292071
0.0292999
0.0468074
0.0256147
0.0178589
0.0276451
0.0266735
0.0737152
0.0651151
0.0788791
0.0885952
0.041323
0.0330231
0.0356181
0.0874925
0.0740974
0.0694852
0.0531103
0.0201579
0.027452
0.0311244
0.0277281
0.0547652
0.0712097
0.0992166
0.0806739
0.0518456
0.0807969
0.0161643
0.0176999
0.0318742
0.032778
0.0365208
0.0428373
0.0468242
0.0417255
0.0409727
0.0539443
0.0249186
0.0263291
0.0715773
0.069643
0.0298529
0.0357189
0.0328914
0.0548436
0.0431456
0.0450189
0.0308008
0.0283351
0.0385275
0.0563707
0.0585797
0.0515447
0.042726
0.0382781
0.0395196
0.0584955
0.027245
0.0296814
0.035672
0.0274899
0.0250398
0.0267702
0.0820648
0.0299018
0.0511738
0.0479781
0.0398405
0.0238184
0.0207829
0.0297649
0.0252889
0.0358961
0.0244686
0.0281149
0.0849494
0.0756706
0.059799
0.0697295
0.0708235
0.0381499
0.0497059
0.0409822
0.0769875
0.0744988
0.0362257
0.0546785
0.0523162
0.0320538
0.0388177
0.0359258
0.234587
0.1166
0.0378346
0.0346461
0.0371106
0.0456157
0.0516217
0.0550101
0.0453893
0.0278512
0.0982136
0.0357211
0.0491803
0.0371181
0.0525003
0.248376
0.0195144
0.0181811
0.128821
0.132009
0.0285088
0.0270029
0.0356999
0.0325705
0.112407
0.0320912
0.054246
0.051497
0.0274651
0.032507
0.0485452
0.0445038
0.0302448
0.0631284
0.098525
0.0663391
0.0607899
0.0249464
0.019947
0.240705
0.0655592
0.0920249
0.0516332
0.0278594
0.0281207
0.0226482
0.0451193
0.0239799
0.0351714
0.0375281
0.0408322
0.0890271
0.0236974
0.0389397
0.0752876
0.0846094
0.0348536
0.020871
0.0228904
0.0732961
0.0621956
0.0495356
0.028104
0.140669
0.0373883
0.0485285
0.0490731
0.0430903
0.0369838
0.114406
0.0736336
0.031062
0.0445249
0.0237553
0.0662451
0.0605386
0.0538206
0.0585977
0.0219572
0.0209458
0.0193936
0.0472197
0.0280777
0.0408156
0.0400654
0.0656957
0.0602271
0.0448239
0.0313206
0.019197
0.0326401
0.0399562
0.0701275
0.0621861
0.0576631
0.0155861
0.0875467
0.0784863
0.0856782
0.0737914
0.0516917
0.0205374
0.0158385
0.0685751
0.13569
0.0753046
0.0718769
0.0230483
0.108303
0.06822
0.0361767
0.0289903
0.0334082
0.0971575
0.0591407
0.0629906
0.0591774
0.0435226
0.049298
0.0265994
0.0362408
0.0411082
0.0301972
0.0658895
0.14147
0.0584899
0.0609493
0.037597
0.0459483
0.0817479
0.0566385
0.0444239
0.0432722
0.0548743
0.0571163
0.0378264
0.0309805
0.15148
0.078056
0.040853
0.0342442
0.111411
0.136274
0.0699918
0.0699143
0.0802752
0.0944159
0.0298483
0.0320729
0.0797238
0.0511691
0.0394787
0.035085
0.11523
0.108259
0.0695093
0.105948
0.0348059
0.040355
0.0407697
0.102008
0.0526989
0.0689348
0.0352726
0.0433192
0.0231352
0.0281814
0.0336277
0.0281743
0.0579137
0.0432324
0.032285
0.0212161
0.0591144
0.0375803
0.0507557
0.0620778
0.12807
0.0925334
0.0411542
0.0507175
0.0599311
0.0506002
0.198045
0.10338
0.0277363
0.0261657
0.0625303
0.0602537
0.0571704
0.0343973
0.023927
0.0162481
0.0455471
0.060934
0.0450952
0.045786
0.0203188
0.0134587
0.0309559
0.0285873
0.0202937
0.0261801
0.0591023
0.0741468
