0.187893
0.0888919
0.118468
0.13374
0.114568
0.222412
0.168941
0.0763489
0.100739
0.180042
0.408284
0.229488
0.168712
0.0750782
0.11626
0.154713
0.136178
0.132824
0.611621
0.185444
0.181453
0.158934
0.176692
0.159955
0.132146
0.113688
0.135017
0.16817
0.0687577
0.125874
0.195992
0.499925
0.37761
0.182989
0.193935
0.197137
3.1707
0.216399
0.234685
0.176932
0.775886
0.765444
1.19102
4.36803
0.13127
0.104983
0.176505
0.224877
0.168929
0.192846
0.539406
0.103328
0.110853
0.105283
0.199419
0.649431
0.0857566
0.103303
0.128812
0.226144
0.132922
0.3199
0.509303
0.132649
0.157198
0.123414
0.231195
0.114992
0.0944265
0.0834594
0.093089
0.29739
0.374659
0.133404
0.270506
0.143407
0.332453
0.492617
0.0598374
0.154954
0.086284
0.220269
0.275368
0.423735
0.359306
0.21761
0.284382
0.118495
0.136787
0.121485
0.176979
0.235093
0.401572
0.184338
0.108678
0.30955
0.185882
0.241207
0.0731492
0.20793
0.403279
0.159566
0.442623
0.316149
0.375293
0.144968
0.271916
0.285145
0.117961
1.46865
1.07419
0.100315
0.101476
0.189015
0.132436
0.197449
0.159124
0.144874
0.2322
0.467003
0.326651
0.24749
0.114958
0.187343
0.14105
0.0853858
0.141095
0.304216
0.278329
0.157201
0.0811121
0.160146
0.0831365
0.283745
0.124218
0.197069
0.086437
0.322107
0.202752
0.108287
0.153204
0.147135
0.213235
0.275435
0.100287
0.229652
0.0813398
0.0868362
0.154307
0.0944019
0.0978623
0.179587
0.0958322
0.361952
0.112075
0.418615
0.557396
0.142522
1.61924
0.123475
0.37426
0.249795
0.124748
0.0928268
0.0999828
0.66387
0.295844
0.174642
0.0406239
0.329872
0.23137
0.216345
0.26184
0.340244
0.171597
0.225572
0.219279
0.223823
0.212763
0.360974
0.330812
0.27836
0.218004
0.386868
0.120855
0.141085
0.164605
0.235924
0.283853
0.286627
0.159701
0.138119
0.384127
0.351821
0.408054
0.203666
0.144523
0.24568
0.288158
0.41525
0.181921
0.403832
0.216556
0.24958
0.424558
0.305054
0.243726
0.974276
0.387248
0.216248
0.579864
0.192471
0.386274
0.202821
0.101336
0.0827901
0.136408
0.118105
0.103294
0.413123
0.279317
0.115381
0.123277
0.252038
0.148146
0.16272
0.316495
0.150173
0.374239
0.460675
0.161755
0.308154
0.156196
0.345647
0.171375
1.31446
0.270739
0.527294
0.220011
0.566768
0.431245
0.263742
0.129286
0.263806
0.080848
0.0739051
0.137482
0.122873
0.171021
0.303542
0.313367
1.06238
0.152527
0.170359
0.0998877
0.404707
0.315701
0.301655
0.304901
0.358378
0.216941
0.341321
0.123956
0.17632
0.24265
0.261723
0.370142
0.353117
0.147914
0.28138
0.197969
0.317963
0.179433
0.210793
0.183864
0.182251
0.148806
0.449642
0.189246
0.178755
0.214312
0.16643
0.188417
0.185937
0.297047
0.342456
0.222788
0.177377
0.157016
0.25092
0.146007
0.0828914
0.119407
0.693237
0.258942
0.194419
0.121645
0.246553
0.737715
0.123972
1.90479
1.38194
0.35313
0.311339
0.573122
1.40387
0.309713
0.109679
0.626038
0.201172
0.188464
0.18375
0.331531
0.122701
0.520645
0.160747
0.124978
0.138893
0.0867452
0.159837
0.122154
0.619445
0.127705
0.177158
0.379342
0.172152
0.183957
0.133803
0.151815
0.113157
0.101199
0.623778
0.385328
0.256063
0.911358
0.586583
0.494163
0.242152
0.0791799
0.176887
0.127247
0.149878
0.135242
0.316398
0.510923
0.169936
0.128613
0.125571
0.137237
0.218086
0.117675
0.279844
0.16289
0.134645
0.201659
0.188706
0.305937
0.192919
0.218067
0.488233
1.0821
0.131345
0.30529
0.315189
1.64631
0.0917446
0.0843249
0.502429
0.156689
0.149078
0.225488
0.654355
0.206764
0.143875
0.227805
0.125146
0.148363
0.153976
0.236663
0.268985
0.820647
0.215625
0.0992864
0.1107
0.238718
0.130188
0.0792522
0.271453
0.15489
0.163966
0.184617
0.126616
0.146379
0.236758
0.670758
0.280406
0.319748
0.152341
0.128103
0.177975
0.133151
0.605024
0.429222
0.174913
0.118775
0.142977
0.152687
0.204494
0.161332
0.124241
0.112377
0.103072
0.154455
0.302005
1.6387
0.0949906
0.277975
0.104671
0.0824729
0.21934
0.239094
0.303462
0.211342
0.211537
0.195455
0.191836
0.113006
0.242527
0.30003
1.58785
0.863056
0.292957
0.183706
0.163312
0.306431
0.178377
0.320636
0.388503
0.128617
0.219121
0.226517
0.154087
0.128421
0.12757
0.78819
0.142524
0.391007
0.151668
0.468072
0.149962
0.306912
0.204294
0.243978
0.279908
0.239448
0.265303
0.151015
0.275806
0.177189
0.437238
0.296986
0.122209
0.0811252
0.075124
0.0665371
0.169188
0.33385
0.63428
0.856579
0.984846
0.109576
0.764501
0.38853
0.23033
0.142005
0.109547
0.116912
0.100911
0.669569
0.154125
0.111747
1.38352
0.104873
0.240022
0.270229
0.443771
0.200003
0.228901
0.191316
0.150605
0.135504
0.248415
0.312047
0.212479
0.253035
0.392974
0.426388
0.33639
0.281514
0.198495
0.282852
0.470516
0.541856
0.189717
0.167634
0.116229
0.209666
0.242295
0.13752
0.157977
0.14384
0.257062
0.153303
0.34498
0.220702
0.244357
0.540313
3.31666
0.0700213
0.202465
1.02039
0.14379
0.178543
0.43934
0.454572
1.52908
1.29766
0.524738
0.446855
0.102217
0.0808055
0.206347
0.156367
0.501814
0.25016
0.118057
0.318249
0.375027
0.517344
0.0885373
0.0835464
0.283243
1.36127
0.172929
0.095968
0.525651
0.146977
0.160081
0.178742
0.535674
0.599078
0.405543
0.451506
0.136591
0.145086
0.397291
0.0811728
0.334915
0.195956
0.296355
0.20546
0.166543
0.109955
0.172499
0.170121
0.394881
0.197162
0.101866
0.091714
0.261701
0.397471
0.18992
0.240109
0.0862678
0.739414
0.112275
0.114596
0.287
0.204205
0.215818
0.160119
0.546796
0.321894
0.200474
0.151114
0.250604
0.270331
0.36679
0.190364
0.139835
0.151373
0.131442
0.354755
0.136413
0.121732
0.089946
0.22658
0.215059
0.219094
0.136018
0.0521253
0.0713721
0.379105
0.454631
0.136321
0.822023
0.253387
0.131356
0.279974
0.236338
0.447013
0.355076
0.0801272
0.138424
0.366034
0.339178
0.23161
0.217851
0.118021
0.140898
0.182993
0.0958079
0.0700566
0.161138
0.147044
0.233587
0.455464
0.192395
0.0867088
0.175902
0.205948
0.0853345
0.0578716
0.833778
0.165671
0.137598
0.743086
0.630437
0.313438
0.516446
0.684934
0.294182
0.0965624
0.0931026
0.108941
0.18219
0.225579
0.207979
0.20449
0.254743
0.196162
0.224397
0.198255
0.165525
0.170998
0.24641
0.328877
0.157394
0.251749
0.148202
0.114183
0.16206
0.171008
0.0774876
0.120512
0.280439
0.142906
0.279058
0.292995
0.289469
0.208432
0.172035
0.194889
0.265504
0.5125
0.432162
0.289585
0.178919
0.153112
0.242746
0.238194
0.273803
0.16501
0.185842
0.409175
0.265388
0.229128
0.151541
0.264446
0.255885
0.1804
0.276086
0.490265
0.133928
0.122717
0.0935176
0.221367
0.317968
0.65102
0.680471
0.291508
0.293044
0.379801
0.260773
0.260025
0.325359
0.239633
0.125171
0.0916733
0.481558
0.27738
0.432297
0.156306
1.1263
0.458366
0.178006
0.268246
0.328569
0.137514
0.118869
0.134763
1.05355
0.084256
0.101992
0.17726
0.272544
0.1141
0.4487
0.75701
0.201391
0.191529
0.105124
0.0956651
0.240526
0.0797517
0.105884
0.197463
0.230852
0.330135
0.242962
0.231035
0.163873
0.146933
0.497536
0.598643
0.200918
0.100914
0.447789
0.531996
0.387756
0.477614
0.18907
0.139003
0.340849
0.737796
0.128787
0.320622
0.248616
0.500327
0.496518
0.277407
0.184169
0.269039
0.133352
0.243902
0.234637
0.28852
0.137504
0.104734
0.122534
0.118191
0.950231
0.517634
0.39885
0.216374
0.220332
0.361018
0.439364
0.585612
0.597787
0.43457
0.13411
0.128015
0.184264
1.52984
0.21894
0.214527
0.52792
0.246066
0.159994
0.645475
0.280551
0.158461
0.351956
0.112414
0.742058
0.712467
0.200762
0.149621
0.0957259
0.146754
0.487422
0.273684
0.192601
0.119273
0.240539
0.146189
0.224238
0.217384
0.154083
0.239642
1.42295
0.141645
0.0731391
0.416369
0.160654
0.479171
0.351295
0.127497
0.260047
0.167
0.209975
0.1313
0.405541
0.131391
0.236876
0.352148
0.488976
0.0985159
0.0906556
0.0555541
0.246924
0.36315
0.690225
0.132752
0.146192
0.20161
0.288572
0.275886
0.318198
0.310471
0.218658
0.437325
0.366004
0.498027
0.186538
0.220706
0.178623
0.262207
0.988182
0.292608
0.548715
0.123585
0.104991
0.14193
0.115041
0.268533
0.22479
0.151928
0.101716
0.402937
0.316929
0.137583
0.248152
0.232261
0.293152
1.33554
0.717536
0.498618
0.454734
0.136679
0.249847
0.194417
0.095732
0.0856039
0.436219
0.195336
0.302615
0.14645
0.149613
0.329105
0.191874
0.197537
0.241357
0.139181
0.749943
0.226085
0.444428
0.343371
0.156414
0.191843
0.331814
0.308785
0.137176
0.0966205
0.163212
0.231603
0.152554
0.187045
0.112359
0.0788335
0.136008
0.098477
0.143651
0.17409
0.173648
0.161864
0.269634
0.314297
0.12031
0.117493
0.144743
0.266703
0.486326
0.199144
0.173773
0.160799
0.159325
0.143666
0.242045
0.424478
0.089507
0.103384
0.507438
0.329113
0.109162
0.112771
0.172185
0.218568
0.130969
0.177101
0.15838
0.130894
0.209101
0.275652
0.303743
0.460339
0.335547
0.5184
1.0036
0.143349
0.224769
0.431716
0.373651
0.144766
0.137177
0.334061
0.186713
1.10677
0.237742
0.589333
0.594764
0.298713
0.33239
0.164413
0.312186
0.156173
0.157007
0.170527
0.0760422
0.236816
0.256555
0.500055
0.509485
0.52046
0.333379
0.408412
0.19704
0.486129
0.172949
0.222537
0.213718
0.103448
0.186729
0.506178
1.22493
0.223645
0.269102
0.638045
1.76025
1.12943
0.509728
0.518641
0.219885
0.278648
2.60814
0.0993595
0.107589
0.28905
0.180005
0.201217
1.82132
0.196851
0.213572
0.398403
0.370377
0.218472
0.287473
0.439373
0.659461
0.648727
0.112051
0.171003
0.26089
0.341956
0.303882
0.116692
0.126735
0.456699
0.213301
0.144951
0.115722
0.741555
0.328172
0.158519
0.886287
0.141576
0.3608
0.23747
0.654938
0.375295
0.138227
0.310254
0.285669
0.102752
0.390555
0.579125
0.586283
0.109202
0.147131
0.508841
5.94277
0.228897
0.128555
0.355517
0.110128
0.320044
0.0601032
0.131472
0.217531
0.586241
0.376693
0.34968
0.135164
0.177757
0.13948
0.190715
0.131738
0.184277
0.303096
0.715623
0.468037
0.366902
0.247361
0.458756
0.251239
0.196528
0.257586
0.314165
0.177277
0.350315
0.1493
0.160118
0.0749746
0.146176
0.331744
0.146074
0.257802
0.91846
0.211694
0.197037
0.200456
0.759599
0.373108
0.604618
0.0974376
0.666209
0.234101
0.353066
0.166192
0.282983
0.329083
0.0720807
0.0996579
0.317071
0.307377
0.177015
0.296189
0.159193
0.331915
0.223441
0.398784
0.342271
0.0940021
0.127262
0.211842
0.434145
0.162377
0.236189
0.485487
0.454186
2.16997
0.252945
0.171824
0.125496
0.230266
0.410395
0.244668
0.23976
0.105421
0.135963
0.100403
0.712488
0.121296
0.129033
0.291361
0.352444
0.127686
0.298333
0.246648
0.275069
0.350255
0.243393
0.427719
0.0711793
0.323783
0.309203
0.168787
0.120983
0.791402
0.218494
0.168397
0.24989
0.0765752
0.0994218
0.171806
0.298086
0.0690111
0.155497
0.21041
0.295135
1.35163
0.147116
0.127694
0.611848
1.39787
0.174385
0.131468
0.188845
0.293142
0.156763
0.145898
0.104865
0.554589
0.396508
1.30347
0.104282
0.136566
0.517811
0.163703
0.315135
0.202476
0.154131
0.196854
0.25085
0.113751
0.175144
0.0782199
0.214514
0.723379
0.196753
0.256491
0.277874
0.14157
0.153111
0.373114
0.157446
0.147511
0.363293
0.125762
0.339891
0.467919
0.834629
0.18991
0.175031
0.128726
0.0915012
0.175846
0.201291
0.250535
0.114028
2.87859
0.0778336
0.548723
0.770603
0.228101
0.194923
0.121886
0.164618
0.679944
0.351115
0.143707
0.18904
0.605544
2.25696
0.0967572
0.0948199
0.113255
0.108685
0.126606
0.213597
0.240267
0.320093
0.125002
0.134526
0.384686
0.373163
0.201962
0.227083
0.061717
0.097123
0.129427
0.198542
0.188801
0.530002
0.259171
0.254167
0.326291
0.12898
0.212533
0.251667
0.197757
0.308866
0.0814729
0.101609
0.10641
2.6897
0.350961
0.135924
0.548412
0.287081
0.345402
0.490036
0.167017
0.276821
0.191012
0.315685
0.214977
0.583443
0.200842
0.121951
0.20466
0.102918
0.179865
0.128932
0.241348
0.389771
0.555301
0.208408
0.159361
0.189682
0.0841671
0.073187
0.0761383
0.136156
0.135692
0.295766
0.100502
0.271527
0.306998
0.311117
0.245834
0.116234
0.140593
0.240127
0.220083
0.192721
0.423414
0.300422
0.329385
0.470057
0.275047
0.204773
0.266367
0.515967
0.228824
0.21293
0.187904
0.252522
0.253431
0.176524
0.204191
0.147343
0.19894
1.04949
0.176426
0.311675
0.441035
0.213602
0.239364
0.186722
0.0898328
0.100792
0.0796361
0.240217
0.13339
0.1281
0.187257
0.16376
0.539374
0.106915
0.134581
0.295291
0.561602
0.285276
0.512933
0.474874
0.184286
0.765522
0.221592
0.233151
0.227679
0.400396
0.139784
0.412167
0.278541
0.295698
0.253437
0.109567
0.112653
0.187207
0.352039
0.189624
0.128401
0.166664
0.168219
0.279647
0.144545
0.180516
0.169109
0.333033
1.66806
0.148059
0.325596
0.22602
0.310041
0.145427
0.263606
0.204534
0.241113
0.223587
0.178294
0.366474
0.329387
0.23457
0.0827618
0.150474
0.175167
0.155791
0.198266
0.482679
0.1312
2.92175
0.137866
0.131072
0.203088
0.208158
0.1148
0.443065
0.101125
0.621616
0.118261
0.28279
0.18284
0.224925
0.158061
0.535727
0.444155
0.149949
0.14392
0.265278
0.165112
0.121184
0.110156
0.884407
0.852527
0.843902
0.190248
0.084134
0.146355
0.142992
0.115084
0.0806404
0.247813
0.199577
0.171618
0.198537
0.138874
0.1829
0.194395
0.26483
0.281999
0.0937925
0.155327
0.0969453
0.134041
0.210304
0.307023
0.248492
0.14014
0.242279
0.825618
0.922706
0.31303
0.370498
0.28102
0.289061
0.16931
0.47691
0.366914
1.0727
0.33484
0.20446
0.542406
0.700637
0.0938419
0.103113
2.09831
0.432353
0.266824
0.30177
0.327488
0.200851
0.336873
0.161754
0.183345
0.222051
0.166454
0.446924
0.105955
0.131414
0.0588358
0.245467
0.148893
0.436753
0.305832
0.193811
0.123443
0.152113
0.132692
0.128683
0.409682
0.395174
0.111099
0.195584
0.167933
0.102921
0.153008
0.120487
0.822737
0.492852
0.363906
0.267479
0.16202
0.316263
0.12097
0.136627
0.125766
0.192446
0.288928
0.176866
0.272624
0.224398
0.161169
0.145243
0.265515
0.188297
0.362756
1.44532
0.136037
0.751793
0.38381
0.279871
0.188454
0.0806536
0.448986
0.400204
0.0921629
0.0873974
0.352239
0.152858
0.374168
0.397067
0.634201
0.394843
0.305088
0.11218
0.103645
0.0661522
0.0822548
0.462796
0.0778206
0.184113
0.446277
0.309648
0.109132
0.935965
0.656506
0.351023
0.414139
0.843341
0.164631
0.224557
0.310509
0.314924
0.565453
0.202731
0.329758
0.12302
0.193825
0.173979
0.101077
0.301619
0.0835399
0.259924
0.23653
0.252613
0.134131
0.127093
0.238428
0.290754
0.235737
0.124006
0.784369
0.398662
0.157054
0.333099
0.214984
0.262535
0.105601
0.729219
0.138984
0.153684
0.104446
0.66607
0.370845
0.287211
0.680291
0.467588
0.290517
0.175469
0.114255
0.116687
0.0960587
0.160961
0.101177
0.111509
0.463324
0.181871
0.0912742
0.124352
0.126881
0.180267
0.126634
0.260321
0.450118
1.0271
0.312638
0.26136
0.0994835
0.136625
0.107625
0.129985
0.158782
0.289148
0.141587
0.44969
0.158821
0.295112
0.14852
0.225461
0.216995
0.314819
0.148834
0.102943
0.21234
0.300825
0.213796
0.182586
1.31596
0.319852
0.342333
0.163456
0.119196
0.145556
0.770115
1.91077
0.457918
0.459051
0.138625
0.124968
0.389593
0.104497
0.161064
0.131412
0.0871606
0.400905
0.183953
0.119617
0.24984
0.129766
0.250333
0.104047
0.136218
0.130224
0.190718
0.143404
0.165706
0.260655
0.207817
0.131466
0.15482
0.196875
0.325929
1.08374
0.306336
0.824177
0.162686
0.235682
0.191644
0.134385
0.212374
0.303596
0.248218
0.220272
0.520358
0.318992
0.296542
0.359551
0.122849
0.311943
0.204628
0.198477
0.27771
0.209062
0.387193
1.33951
1.40545
0.453151
0.326424
1.24948
1.32379
0.313799
0.373466
0.606627
0.321831
0.212168
0.240926
0.160399
0.191508
0.217974
0.191866
0.156301
0.334798
0.240014
0.13436
0.209523
0.35857
1.44821
0.345054
0.166833
0.162435
0.125873
1.73916
0.106964
0.156728
0.142628
0.251652
0.519161
0.305048
0.144938
0.245658
0.146707
0.679032
0.182365
0.108452
0.177984
0.148802
0.113651
0.227689
0.283938
0.315647
0.586812
0.205756
0.175042
0.114398
0.131151
0.479417
0.290329
0.208932
0.22013
0.411298
0.216132
0.330708
0.333079
0.208736
0.218997
0.16217
0.168371
0.220674
0.193204
0.240586
0.31871
0.159635
0.345234
0.135785
0.135245
0.179489
0.0918419
0.0948958
0.2485
0.245977
0.431892
0.0957328
0.124594
0.235323
0.588685
0.124102
0.624349
0.301051
0.137189
0.260639
0.314768
0.241646
0.272982
0.113285
0.170332
0.352242
0.157727
0.216745
0.269575
0.288017
0.675041
3.47887
0.387532
0.749077
0.210323
0.185739
0.512142
0.556341
0.151809
0.16935
0.113976
0.198527
0.230561
0.118539
0.124533
0.122858
0.121841
0.330659
0.0842464
0.227217
0.583682
0.749311
0.16353
0.321397
0.213258
0.325271
0.242794
0.232174
0.350334
0.103669
0.151749
0.117996
0.213095
0.196134
0.150067
0.463606
0.25402
0.210741
0.312405
0.451421
0.148753
0.10225
0.558614
0.114695
0.584922
1.00671
1.76007
0.218143
0.185549
0.157314
0.439252
0.19077
0.190327
0.492001
0.152841
0.0529412
0.0807396
0.130037
0.116499
0.13134
0.418292
0.173444
0.12714
0.808866
0.182335
0.310914
0.231052
0.150418
0.162937
3.50841
1.84613
0.280452
0.236398
0.13949
0.331972
0.195265
0.695423
0.395179
0.480847
0.256418
0.119438
0.145015
0.100602
0.198997
0.56372
0.353284
0.201788
0.185536
0.256255
0.142466
0.256033
0.256009
0.176834
0.10773
0.317871
0.18706
0.103988
0.287104
0.281005
0.189026
0.369837
0.238014
0.309436
0.287403
0.236953
0.183808
0.247164
0.315984
0.0680623
0.137219
0.0705941
0.120163
0.226424
0.33528
0.333672
0.5354
0.150787
0.161188
0.221829
0.140491
0.12715
0.150004
0.567147
0.342114
0.19641
0.275475
0.171946
0.193316
0.225697
0.673006
0.212291
0.0942824
0.0922976
0.152322
0.481657
0.0926021
0.124591
0.403096
0.111007
0.329235
0.164145
0.287002
1.01427
0.0919084
0.24576
0.200894
0.147326
0.373429
0.329845
0.206971
0.0913617
0.383764
0.290216
0.116487
0.302161
0.232786
0.174779
0.225092
0.0908161
0.0760093
0.140449
0.11623
0.295661
0.18376
0.187969
0.0540574
0.105726
0.0888374
0.233491
0.238343
0.142713
0.620316
0.150638
0.253281
0.129018
0.170483
0.21999
0.599835
0.156829
0.359809
0.146725
0.144365
0.14764
0.215434
0.16398
0.107428
0.280187
0.604031
1.37918
0.12851
0.0722578
0.616505
0.336668
0.18943
0.504972
0.623825
0.169248
0.284701
0.233646
0.264935
0.353289
0.327771
0.192565
0.112159
0.112394
0.132789
0.159343
0.32421
0.2736
0.571164
1.37559
0.633041
0.319172
0.382117
0.215778
0.328635
0.113567
0.162306
0.218219
0.217831
0.203196
0.526461
0.489802
0.442444
0.289257
0.202806
0.188951
1.45438
0.22488
0.137117
0.0599636
0.114027
0.0807984
0.105028
0.409523
0.383943
0.246484
0.245145
0.267043
0.294794
0.623133
0.272542
0.399947
0.143414
0.153249
0.0970506
1.11145
0.145253
0.135241
0.127132
0.258428
0.331562
0.324579
0.314097
0.16598
0.103392
0.117369
0.287616
0.462012
0.12994
0.497445
0.45345
0.120654
0.120681
0.259501
0.338375
0.433681
0.1008
0.113881
0.0707571
0.0536522
0.112657
0.387124
0.304275
0.420151
0.375432
0.566859
0.213239
0.258972
0.222738
0.210012
0.15377
0.173185
0.140265
0.160586
0.1469
0.0442465
0.1684
0.126296
0.545248
0.206545
0.229581
0.224414
0.113258
0.142282
0.113468
0.293984
0.37728
0.391573
0.215786
0.101052
0.339057
0.174776
0.186637
0.279775
0.46977
0.699798
0.677416
0.418949
0.324035
0.117167
0.137523
0.128715
0.207978
0.122766
0.117783
0.319887
0.162167
0.36087
0.214031
0.113897
0.125586
0.309992
0.274029
0.186574
0.18894
0.202655
0.184911
0.171644
0.220665
0.144562
0.138171
0.175536
0.601276
0.162204
0.305092
0.188961
0.17219
0.137916
0.302869
0.134845
0.194867
0.277355
0.137982
0.102569
0.14987
1.06926
0.113875
0.273739
0.22658
0.244857
0.137478
0.0778557
0.0864289
0.155455
0.135764
0.13702
0.0909201
0.472718
0.510037
0.138001
0.231291
0.460164
0.136478
0.337034
0.146595
0.443923
0.227659
0.110857
0.228718
0.174271
0.155178
0.103732
0.158199
0.846288
0.981628
0.157312
0.17871
0.248954
0.265433
0.24141
0.251381
0.340199
0.358763
0.862308
0.224344
0.203141
0.181464
0.251128
2.75728
0.072726
0.0456179
0.589171
0.546259
0.184565
0.112318
0.270607
0.078553
0.679679
0.126079
0.156629
0.126133
0.114198
0.0864704
0.422096
0.110126
0.236554
0.345368
0.732745
0.14068
0.178412
0.0962402
0.186293
2.68589
0.150927
0.481855
0.183692
0.0816082
0.171596
0.0783898
0.225017
0.144037
0.121231
0.0855087
0.248447
1.6963
0.170324
0.276935
1.26629
1.29288
0.106839
0.0615168
0.0813653
0.298602
0.279469
0.160016
0.140852
1.21778
0.500391
0.277567
0.243469
0.177237
0.412932
0.310892
0.369796
0.168685
0.312313
0.201826
0.556444
0.42296
0.696221
0.684098
0.136042
0.117576
0.0956469
0.182369
0.325327
0.159344
0.124987
0.177979
0.212478
0.154189
0.391925
0.0913431
0.121441
0.195497
0.216235
0.274522
0.144446
0.0552647
1.13761
0.529813
0.403697
0.315649
0.439835
0.104394
0.117451
0.324851
0.995241
0.237712
0.30011
0.124896
1.47376
0.729757
0.0978944
0.141699
0.0852801
0.875244
1.40338
0.192281
0.299047
0.133395
0.173919
0.0954103
0.105149
0.174372
0.116996
0.217092
0.323852
0.288909
0.362138
0.128738
0.144824
0.224613
0.187389
0.208851
0.172115
0.163477
0.216121
0.245682
0.116823
0.45361
0.276311
0.181228
0.185308
0.788066
0.934321
0.665964
0.323752
0.216687
0.24172
0.280548
0.220532
0.228206
0.1751
0.100001
0.0999696
0.342994
0.246664
0.325886
0.42607
0.21003
0.214546
0.127728
0.398195
0.312316
0.479102
0.175833
0.341184
0.162387
0.193109
0.139236
0.0991134
0.23375
0.263917
0.0878742
0.0482702
0.585202
0.121893
0.358091
0.467031
0.352524
0.209052
0.146218
0.252038
0.159714
0.122554
0.407095
0.243557
0.108237
0.0892413
0.198994
0.256777
0.190422
0.106969
0.0818028
0.0780052
0.243004
0.545931
0.108608
0.0943794
0.15403
0.0425005
0.175474
0.152607
0.0991004
0.101013
0.501326
0.335382
