4
0
1
1
1
1
1
0
1
3
14
4
4
0
4
11
1
1
25
2
2
6
5
11
15
1
1
3
0
3
14
25
47
11
11
9
26
3
9
2
29
37
38
53
3
1
19
25
4
7
12
1
1
3
16
64
0
1
5
8
8
18
3
2
5
3
10
1
0
0
0
3
3
8
15
6
12
43
0
4
0
2
6
30
21
17
5
1
2
2
3
9
37
1
1
11
11
6
0
4
11
3
5
17
10
4
3
2
1
9
26
1
1
4
1
2
4
2
8
12
11
21
2
11
9
0
4
35
17
6
0
7
0
39
1
14
0
12
9
2
4
2
6
8
1
15
0
0
4
0
0
13
0
23
1
14
15
3
16
1
3
3
1
0
0
32
56
20
0
4
6
2
36
26
3
10
1
1
3
5
8
54
1
48
3
4
3
9
26
46
3
5
60
39
63
4
2
20
5
4
3
15
16
39
23
23
6
63
43
8
36
8
9
11
1
0
1
1
1
10
9
1
2
29
11
5
5
3
10
13
6
3
3
36
7
31
12
48
5
49
30
42
6
17
0
0
1
1
4
39
30
8
1
2
0
45
24
18
29
25
4
31
11
3
21
9
79
73
23
65
17
41
1
8
11
3
3
11
4
8
3
2
7
13
9
13
7
2
2
6
2
0
2
32
32
3
4
9
41
4
59
49
60
51
83
102
56
2
63
19
9
17
15
1
7
9
2
4
0
2
1
24
2
2
15
18
8
1
4
2
1
81
57
10
35
48
29
17
0
5
3
4
1
12
34
5
4
2
1
3
1
11
3
4
5
9
37
1
17
12
22
1
13
23
88
0
0
5
2
3
11
38
10
3
3
3
4
3
3
27
51
17
0
1
11
5
0
11
5
2
1
4
1
20
30
12
7
3
2
6
5
54
41
4
2
1
2
16
13
1
1
1
6
16
67
0
8
2
0
19
12
10
16
4
3
9
1
9
11
61
62
40
2
7
10
2
36
38
1
4
5
1
3
5
87
1
17
1
55
5
8
6
9
3
10
5
6
6
13
20
12
3
0
0
0
9
11
16
36
9
1
16
8
14
2
2
2
1
36
4
6
11
1
15
3
8
2
2
1
3
3
22
15
4
8
24
31
21
18
12
5
38
47
1
2
4
5
69
13
16
22
61
2
6
3
7
8
52
0
8
16
6
10
24
7
87
88
19
14
1
0
9
1
41
12
2
3
27
47
0
0
10
56
2
0
14
3
3
1
6
62
64
70
1
3
6
0
19
23
19
2
1
2
1
1
42
14
1
0
10
34
5
6
0
13
1
4
16
14
13
16
48
9
1
3
8
7
22
24
19
10
5
3
6
1
0
35
26
1
2
0
0
3
10
5
14
21
2
14
8
20
19
0
4
11
5
1
5
5
11
2
0
0
4
14
8
12
4
0
5
25
0
0
29
4
2
44
33
6
11
84
21
0
0
1
8
3
17
7
9
4
24
13
15
10
7
4
3
13
1
5
24
32
0
1
7
3
14
16
4
24
1
17
8
21
20
59
1
1
23
6
12
7
10
22
9
7
7
10
35
6
6
46
6
4
0
13
5
69
45
18
11
62
36
14
45
21
4
0
10
10
9
13
73
25
7
3
7
1
1
4
21
0
1
3
2
3
83
86
7
13
1
0
9
0
1
12
9
10
7
8
7
2
11
17
4
1
17
15
19
43
2
1
42
26
1
17
9
25
41
3
3
3
2
5
15
43
3
1
6
3
47
21
5
1
1
3
37
28
10
9
1
2
5
20
4
7
3
14
6
21
35
9
18
2
85
61
1
4
0
5
16
11
70
11
11
5
8
23
1
2
6
5
0
56
8
50
42
5
2
8
9
5
64
7
8
6
6
0
0
0
34
37
3
6
3
11
21
55
7
17
7
20
16
59
61
69
2
12
27
16
59
1
1
2
1
2
1
4
2
19
39
7
5
26
31
23
76
91
105
6
20
8
0
0
8
26
46
4
1
34
5
31
28
4
18
9
54
29
7
10
37
45
3
0
4
8
7
14
1
0
3
0
1
1
8
11
56
65
1
4
2
7
69
6
1
1
2
2
12
24
0
2
10
16
1
2
5
4
6
9
2
1
3
10
11
65
21
19
21
3
3
21
36
6
2
7
12
99
69
27
30
34
42
1
3
16
11
2
0
32
38
27
11
5
20
44
9
17
5
12
4
1
10
7
25
25
7
14
93
41
8
7
9
6
45
0
1
6
7
11
58
19
13
23
15
30
29
15
37
7
3
2
4
7
9
2
2
13
18
1
1
12
16
9
16
2
25
33
48
39
6
12
25
1
23
18
13
2
4
9
37
10
6
57
1
5
0
15
9
106
50
10
4
4
2
8
6
22
9
85
97
20
6
11
25
6
4
18
5
12
7
4
0
3
19
6
29
26
1
2
18
32
17
58
0
23
9
6
3
39
14
0
0
37
45
16
44
2
3
34
23
26
0
1
11
32
19
15
43
43
48
30
2
1
72
66
13
13
1
3
1
26
2
1
11
18
3
7
3
3
42
17
24
0
9
13
7
6
13
5
2
19
0
0
7
31
0
3
3
3
30
10
3
45
55
14
10
20
39
11
4
1
11
19
18
1
5
8
9
26
26
2
2
12
1
3
0
8
56
5
9
10
1
11
16
15
5
14
4
4
47
45
1
6
2
0
17
34
4
1
49
0
17
70
12
17
3
5
18
16
5
13
11
19
0
0
1
1
8
2
17
22
2
2
19
36
7
8
0
0
2
1
3
45
22
11
3
1
6
8
7
25
0
1
2
55
4
2
10
11
38
85
2
23
17
17
16
53
5
2
10
2
9
2
8
11
22
11
31
22
0
0
0
1
4
3
1
5
10
29
19
4
3
30
30
8
21
88
97
6
12
3
11
15
2
33
10
16
9
35
47
4
8
34
7
18
28
2
3
2
0
1
0
14
4
2
1
9
23
1
1
22
32
6
5
9
5
9
12
3
1
22
5
19
14
5
2
1
4
14
40
6
4
4
8
4
1
2
2
105
55
2
30
11
10
2
4
4
4
5
4
94
40
10
0
1
3
5
9
8
2
30
5
9
19
2
1
24
1
32
3
12
10
8
3
7
11
8
2
15
12
5
1
39
17
50
16
0
2
8
2
0
22
32
38
12
2
12
2
27
28
0
1
0
7
42
28
10
4
1
11
32
29
54
30
31
5
26
7
61
62
23
25
14
0
1
24
15
21
12
23
14
20
7
15
1
2
6
2
5
0
13
6
13
10
5
1
15
5
4
30
19
2
7
17
1
9
2
50
58
37
23
6
12
2
3
10
18
39
14
20
16
2
6
7
8
25
51
4
16
8
11
3
0
15
29
0
0
16
7
19
13
36
48
11
1
1
0
0
20
0
3
44
8
3
12
22
14
18
83
3
10
19
21
5
10
5
2
33
21
1
5
0
5
23
11
1
5
6
7
23
1
40
27
7
15
2
3
1
11
1
2
2
26
6
11
17
4
12
7
1
3
0
6
1
2
42
6
0
2
3
19
1
30
14
22
18
15
0
1
2
3
1
19
4
39
8
28
4
33
23
22
2
1
11
14
2
2
12
37
26
4
1
3
20
19
77
7
2
5
11
1
11
3
0
16
2
2
6
5
7
1
3
2
3
5
11
18
1
3
2
9
10
32
28
69
3
5
3
2
22
21
7
11
19
9
6
21
1
14
5
7
22
1
13
30
54
12
8
56
20
11
8
17
17
15
3
1
14
4
4
10
11
26
1
10
52
4
19
2
9
8
59
1
12
4
2
75
63
6
5
11
17
6
1
1
2
1
3
9
7
58
13
4
2
5
15
6
1
3
5
11
35
9
4
8
1
3
19
3
3
27
3
24
2
5
4
0
0
56
3
62
0
6
6
8
3
10
13
3
25
8
27
67
3
3
6
7
16
15
33
22
48
12
9
19
3
38
58
2
6
1
5
1
3
3
1
2
3
0
9
27
54
3
19
10
6
8
17
22
1
1
1
12
8
4
27
13
5
19
9
3
1
15
2
80
67
8
4
18
15
64
8
5
18
6
0
0
3
1
2
8
9
1
63
3
2
2
3
3
29
27
15
8
5
27
11
41
27
6
19
6
1
2
10
35
30
11
8
3
11
10
9
1
1
22
9
1
32
22
5
8
6
15
6
18
12
16
57
0
4
0
1
9
18
15
22
7
6
5
5
6
7
14
5
9
44
25
3
8
42
8
0
0
1
18
0
1
40
1
4
2
9
15
0
7
52
4
9
27
11
0
20
1
1
28
26
5
11
0
0
4
1
9
19
18
0
1
0
4
11
3
43
2
2
2
4
9
24
7
12
3
1
2
7
4
1
10
49
46
1
0
10
30
5
64
34
17
20
16
14
8
11
7
4
1
4
7
22
22
24
52
30
30
75
32
39
4
5
11
15
6
18
41
2
14
6
2
21
2
2
0
1
0
1
9
16
7
11
49
33
18
21
42
6
6
0
30
3
6
3
3
29
23
35
23
1
4
15
26
5
41
52
1
3
10
14
65
1
3
0
0
2
2
12
20
33
11
11
12
8
10
4
2
4
16
1
0
5
2
27
21
31
42
4
2
2
41
25
22
15
1
4
3
4
14
21
34
31
15
33
1
2
1
2
5
1
7
5
6
9
1
1
29
27
5
7
2
13
6
6
4
4
1
14
15
6
5
4
7
16
2
6
3
1
1
1
16
2
10
10
6
1
0
0
1
5
3
0
36
30
15
24
22
6
7
3
23
28
3
10
11
1
2
7
65
38
4
5
7
6
10
8
8
5
24
5
11
7
12
39
0
0
56
60
2
1
6
0
34
2
9
5
3
0
7
3
3
19
32
20
13
0
2
69
12
44
19
0
2
0
3
2
1
0
3
19
2
5
22
20
1
0
0
30
16
10
4
45
6
11
9
5
4
61
27
1
6
1
20
16
17
11
1
2
0
11
3
3
2
25
12
6
6
0
2
5
28
17
12
0
17
20
36
29
12
1
1
20
53
29
26
1
26
19
0
1
0
25
11
19
11
4
9
0
1
8
1
31
79
14
13
4
8
38
16
9
6
15
11
8
5
74
24
7
4
39
57
23
20
39
49
3
4
35
10
1
0
57
60
25
54
3
10
2
50
7
16
6
11
1
1
3
0
25
7
0
0
16
2
10
18
76
50
5
9
12
6
117
65
1
0
17
10
19
1
0
0
7
15
4
0
4
0
3
3
0
1
15
27
