0.0299602
0.0121843
0.0159944
0.0205166
0.0168443
0.0237666
0.0185307
0.0126912
0.0163623
0.0258345
0.0472411
0.0325915
0.0291371
0.0141884
0.0245687
0.0259566
0.0149029
0.0173118
0.0772006
0.0215647
0.0207758
0.0278089
0.028213
0.0324582
0.0295527
0.0123523
0.0143516
0.0253226
0.0137145
0.0194963
0.0342051
0.0678703
0.0809168
0.0323291
0.0357608
0.0325615
0.295566
0.0305691
0.0402155
0.0205088
0.124819
0.0978513
0.119277
0.590385
0.0210027
0.0145057
0.0360317
0.0487552
0.0239399
0.0297105
0.0603629
0.0153428
0.0155457
0.0212146
0.0381826
0.11385
0.0155786
0.0147753
0.0269252
0.0348746
0.0271933
0.0436263
0.0469055
0.0188311
0.0263838
0.0222854
0.0407595
0.0223528
0.0180298
0.0137338
0.0162513
0.0337463
0.0418327
0.0296353
0.044223
0.0250587
0.0548211
0.0770032
0.0100739
0.0232736
0.0149515
0.0230688
0.0353933
0.0627646
0.0577076
0.0433846
0.0345823
0.0202647
0.0206595
0.0216963
0.0271791
0.0373004
0.0716074
0.0190058
0.0133594
0.0436292
0.0343269
0.0321593
0.0148204
0.0258614
0.0574086
0.0227002
0.0453144
0.0622283
0.05836
0.0246441
0.0303322
0.0351643
0.0143152
0.157594
0.148302
0.0124591
0.0136137
0.0254177
0.0161823
0.0289364
0.0294694
0.021641
0.0346582
0.0720687
0.0464289
0.0418969
0.0186175
0.0350925
0.0264566
0.0143816
0.0205903
0.0670143
0.0467008
0.0261386
0.0173554
0.0271029
0.0140879
0.0512379
0.0192095
0.0333411
0.0119782
0.0460457
0.0369956
0.0181845
0.025099
0.0210046
0.0290436
0.0354354
0.0143547
0.0412399
0.0174585
0.0135994
0.0240039
0.0155297
0.0210711
0.0327398
0.0202646
0.0528025
0.0151559
0.0625763
0.0686042
0.021546
0.16426
0.0192393
0.03937
0.0310423
0.0204254
0.0152819
0.0154034
0.0925066
0.0608269
0.035495
0.007237
0.0377722
0.0366912
0.0260264
0.0558967
0.062205
0.0259585
0.0351646
0.0242026
0.0222188
0.0244552
0.0412819
0.0388651
0.0572792
0.0225423
0.0761106
0.0207869
0.0249001
0.0254625
0.0384366
0.056705
0.0679192
0.0244102
0.0265161
0.0687634
0.0711951
0.0668529
0.0275733
0.0215971
0.0518014
0.0329925
0.0408702
0.0237144
0.0691106
0.0346055
0.0441351
0.0584771
0.0648997
0.0368715
0.116864
0.0650455
0.0318484
0.0931074
0.0267697
0.0417342
0.0368816
0.0185048
0.016593
0.0196886
0.0170861
0.0141478
0.0530319
0.0360506
0.0170932
0.0199017
0.0488064
0.0285468
0.0265586
0.0404147
0.0239277
0.0452941
0.0693333
0.0267122
0.0333817
0.0225383
0.0706024
0.0286134
0.158677
0.0350419
0.103451
0.027581
0.102731
0.0677344
0.0540024
0.025608
0.0467865
0.0105126
0.0118189
0.0144572
0.0203671
0.0242558
0.0512045
0.0514683
0.0988137
0.0230076
0.0245713
0.0190222
0.0674315
0.0594683
0.0510052
0.0586451
0.0499878
0.0279138
0.06347
0.0270725
0.0256349
0.0480438
0.0421352
0.0641055
0.0548856
0.0356216
0.0674209
0.0435464
0.0575109
0.0193942
0.0290061
0.0293853
0.0245555
0.019975
0.0525654
0.0266273
0.0284804
0.026191
0.0231643
0.0277685
0.0346053
0.0413716
0.0417823
0.0308808
0.0238427
0.0218715
0.0330589
0.0211079
0.0132311
0.0171128
0.100639
0.0470042
0.0275338
0.0220669
0.037775
0.107554
0.0205582
0.342327
0.219069
0.0728177
0.0608293
0.0969765
0.182581
0.0613776
0.0197989
0.107166
0.0413396
0.034721
0.0391424
0.052143
0.0158537
0.0593828
0.030726
0.0194641
0.0251835
0.0159235
0.0216891
0.0192912
0.0874476
0.0186584
0.021804
0.0520551
0.0333567
0.0307779
0.0160828
0.0247595
0.0203792
0.0158963
0.114937
0.0811998
0.0372185
0.152461
0.0966277
0.06743
0.0434986
0.0125503
0.0273115
0.0219735
0.0214723
0.0169174
0.0456689
0.0890328
0.0278297
0.0249605
0.0164377
0.0155267
0.026433
0.014818
0.039401
0.0253424
0.0233926
0.0258294
0.0342095
0.0525526
0.0240038
0.0356133
0.0687044
0.150736
0.0174262
0.0392402
0.0474454
0.273367
0.016632
0.0158692
0.0530925
0.0211958
0.0244187
0.0339472
0.153233
0.0347133
0.0214928
0.0274278
0.0239279
0.0228749
0.023821
0.0282316
0.0556776
0.175573
0.0391363
0.0194765
0.0129357
0.0372813
0.0232392
0.0151981
0.0461254
0.0268705
0.0237814
0.0230753
0.0209494
0.0165796
0.0445975
0.0871635
0.0485334
0.0432863
0.0224868
0.0205373
0.0303048
0.0245064
0.106927
0.0656039
0.0304444
0.017678
0.0209523
0.0210648
0.03867
0.0297864
0.0185657
0.0146302
0.0128212
0.028019
0.0494639
0.178741
0.017574
0.0465568
0.0189145
0.0132681
0.0434576
0.0428583
0.0365622
0.0371779
0.0312043
0.0247198
0.0323854
0.0134789
0.0394542
0.0425494
0.258366
0.131064
0.0521205
0.0256631
0.0293268
0.0488511
0.0217136
0.0479555
0.0512828
0.0144574
0.0262345
0.0341778
0.0188319
0.0207492
0.0252394
0.149794
0.0189726
0.0564031
0.020199
0.097047
0.0222547
0.0392523
0.032109
0.0346408
0.0290946
0.0321182
0.0289776
0.0264415
0.034634
0.0334207
0.056958
0.0392568
0.0211847
0.0167827
0.0130542
0.0158971
0.0308014
0.0529997
0.108768
0.140069
0.0961753
0.0187858
0.0907165
0.0615999
0.0389614
0.0195059
0.0201432
0.0160966
0.0136285
0.101959
0.022633
0.0250439
0.157476
0.0198705
0.0440669
0.0286889
0.0700194
0.0249336
0.0247468
0.0208256
0.0231497
0.0231764
0.0381083
0.0454946
0.0287798
0.0372099
0.0660282
0.0824438
0.05621
0.0488503
0.0357421
0.0398708
0.0663765
0.0973839
0.0238801
0.0210219
0.022498
0.0317577
0.046388
0.033456
0.0342805
0.0281924
0.0393577
0.0228535
0.0435303
0.0244091
0.0337478
0.0535396
0.565198
0.0134292
0.0324317
0.131777
0.0261915
0.0314837
0.0669153
0.0535748
0.25449
0.172438
0.0592803
0.0768516
0.0126098
0.0121135
0.0340718
0.0148916
0.0812006
0.0425611
0.0176225
0.0329901
0.0582938
0.0744463
0.015472
0.011991
0.0364564
0.234195
0.019701
0.0161446
0.0730066
0.0220396
0.0232143
0.0181741
0.0531309
0.0918342
0.0991474
0.110717
0.0177978
0.022223
0.0495258
0.0152805
0.0552139
0.0342098
0.0450445
0.0245097
0.018312
0.0181657
0.0167684
0.0161034
0.0649367
0.0382497
0.0175194
0.0185633
0.0364651
0.0825167
0.0312516
0.0328845
0.0164194
0.0912564
0.0217338
0.0237772
0.0420649
0.0352406
0.0369552
0.0331829
0.0793101
0.0428035
0.0192406
0.0237284
0.0414128
0.0345134
0.0514483
0.0410119
0.0295928
0.0322846
0.0265154
0.0443357
0.0264987
0.020713
0.0189548
0.0500879
0.043565
0.0221585
0.0169027
0.0119233
0.0140243
0.0444997
0.0601152
0.0295781
0.083484
0.04855
0.019685
0.0485678
0.037966
0.0585572
0.0613732
0.0150566
0.0230557
0.0566489
0.0338905
0.0254502
0.0300306
0.0245771
0.02858
0.0226403
0.0168618
0.0161555
0.0279901
0.029902
0.032669
0.0638412
0.0286498
0.0133026
0.0264067
0.0390947
0.0150989
0.0149
0.0875823
0.0231062
0.0199128
0.103368
0.0816604
0.03847
0.062775
0.0967565
0.0466449
0.0184874
0.0134988
0.0161329
0.0304167
0.0264191
0.0330413
0.0323609
0.0381053
0.0280359
0.0424632
0.0317664
0.035475
0.0307108
0.0403314
0.0405286
0.0257748
0.0416057
0.0218758
0.0250351
0.0349706
0.0375385
0.0137316
0.0135189
0.0352091
0.0205171
0.0389196
0.0395114
0.0316728
0.0404328
0.0205012
0.0393852
0.0361945
0.0746917
0.0667479
0.0454192
0.017922
0.0183054
0.0419637
0.036125
0.0473301
0.0300236
0.0339866
0.0540663
0.0446735
0.029021
0.0276805
0.0426933
0.0592708
0.0274488
0.0326026
0.0787349
0.0238471
0.0212685
0.0134711
0.041148
0.0371111
0.112358
0.096465
0.0520978
0.0448095
0.077021
0.0537246
0.0418473
0.0650856
0.0443922
0.0227529
0.016348
0.0618598
0.0390408
0.0426437
0.0290271
0.149944
0.0604847
0.0300121
0.0309597
0.0467981
0.0179303
0.0154291
0.0219815
0.162917
0.0168377
0.0207366
0.0221767
0.0286419
0.0220754
0.0993478
0.117392
0.0342864
0.0376671
0.0265232
0.0175132
0.0347948
0.0142115
0.0171046
0.0328083
0.0390495
0.0521618
0.0343301
0.0360526
0.0271537
0.0236973
0.0560731
0.0839898
0.0278473
0.014401
0.0604402
0.05525
0.0567248
0.0722282
0.0214994
0.0190775
0.0605361
0.106496
0.0175282
0.0489187
0.0353081
0.0632014
0.0891484
0.0295968
0.0239546
0.0301538
0.0201102
0.0308449
0.0357703
0.0604833
0.0209146
0.0150322
0.0242862
0.0212443
0.125225
0.0638599
0.0459825
0.0217726
0.0216237
0.0380805
0.0764225
0.0825855
0.0810739
0.0542663
0.0190277
0.018586
0.0278925
0.156372
0.030856
0.0341004
0.0552466
0.0343197
0.0273726
0.104378
0.0504517
0.0291022
0.0582277
0.020289
0.137344
0.0866539
0.0223304
0.0239
0.0151401
0.0255582
0.0609703
0.0437439
0.0423504
0.0272326
0.0319785
0.0223425
0.0324579
0.0381167
0.0188911
0.0282949
0.148743
0.0264241
0.0146416
0.0926817
0.0311639
0.0709947
0.0634806
0.0238029
0.0294987
0.0290045
0.0337949
0.022878
0.080267
0.0247865
0.0356213
0.047327
0.0476674
0.0147858
0.0206064
0.0140018
0.0455759
0.0510752
0.0806446
0.0235729
0.0246642
0.0335336
0.0531055
0.0599949
0.0419919
0.0436175
0.030271
0.0735726
0.062766
0.0913671
0.0408219
0.0401829
0.0208103
0.0424283
0.106698
0.0494853
0.102155
0.020466
0.0176313
0.0191795
0.0205969
0.0256813
0.022908
0.0244878
0.0227509
0.0612584
0.0548908
0.0262785
0.0350727
0.0503527
0.0599116
0.156515
0.102889
0.0840474
0.0953739
0.027546
0.044106
0.0333766
0.0164574
0.0156714
0.0555582
0.041242
0.0632937
0.0244491
0.0182224
0.0525602
0.0284174
0.044304
0.0434999
0.0221007
0.105456
0.0312877
0.0645807
0.048786
0.0289879
0.030108
0.0560967
0.061151
0.0209139
0.0171824
0.0268944
0.036782
0.0295889
0.0400763
0.014309
0.00974936
0.0251735
0.0162191
0.0187543
0.0185458
0.0320709
0.0314488
0.0548355
0.0648723
0.0172081
0.0224063
0.0209713
0.0402422
0.0858777
0.0351265
0.0178911
0.0165981
0.0205394
0.0198677
0.0375548
0.0545009
0.0168756
0.0194152
0.0670595
0.0517926
0.0167111
0.019315
0.0261171
0.0291425
0.0254859
0.0266631
0.0186227
0.0142016
0.0250521
0.0342012
0.0420515
0.0978762
0.0586499
0.0733739
0.0998125
0.0206578
0.0266108
0.0559609
0.0565016
0.0248514
0.0193008
0.0360839
0.034107
0.147243
0.0592365
0.0880731
0.102764
0.0500575
0.0546563
0.0176743
0.0352476
0.028484
0.030695
0.0242981
0.0145858
0.0501329
0.045393
0.0894493
0.0546423
0.0509677
0.0521582
0.075565
0.0336134
0.0509159
0.0263504
0.0338021
0.0281492
0.015958
0.0325269
0.0552836
0.154405
0.0446233
0.0398961
0.0741262
0.231735
0.173113
0.0577281
0.0601643
0.0389252
0.040561
0.365909
0.0185647
0.0144271
0.0341426
0.029459
0.0350178
0.278333
0.0405484
0.0328252
0.0571437
0.0488461
0.0386283
0.054553
0.0461082
0.101442
0.0709714
0.0199047
0.0221636
0.0310451
0.0431986
0.0431211
0.0205443
0.025174
0.0667331
0.0438207
0.0156658
0.0135009
0.0731037
0.0426505
0.0335129
0.127478
0.0183688
0.0495241
0.0400219
0.0897869
0.0520554
0.0273501
0.0422907
0.0465138
0.0169513
0.0653215
0.0655138
0.0766862
0.020553
0.0227383
0.0552068
0.797665
0.0373401
0.0239083
0.0626896
0.0132605
0.0349629
0.0122699
0.0311423
0.0311545
0.0925798
0.0810744
0.048293
0.0222923
0.0251543
0.0191233
0.0300279
0.0264814
0.0434595
0.0404413
0.0925656
0.106381
0.0480431
0.0350602
0.0616748
0.0438027
0.0287689
0.0320397
0.0567438
0.0285848
0.0538523
0.0272678
0.0262601
0.0111544
0.0196703
0.0511489
0.0260505
0.0460847
0.0960779
0.0216431
0.0231795
0.0386072
0.102928
0.0685175
0.106003
0.0157314
0.114891
0.0380718
0.0414935
0.0230425
0.0517558
0.0440953
0.012995
0.0160117
0.0556453
0.0557765
0.0351293
0.0496503
0.0197699
0.0351479
0.047382
0.0655648
0.0580848
0.0149064
0.0162182
0.0343044
0.0798915
0.0419883
0.0404126
0.0779297
0.0743944
0.24483
0.0420744
0.0221333
0.0159798
0.0412139
0.0463218
0.0381257
0.0419518
0.0181995
0.0229648
0.0180982
0.110978
0.0184137
0.0173064
0.0390138
0.0550507
0.024598
0.036743
0.0309466
0.0305279
0.0766923
0.0430693
0.0593978
0.0120806
0.038875
0.0418659
0.0299266
0.0258543
0.0933394
0.0303481
0.0236914
0.0511308
0.0132014
0.0199201
0.0298862
0.0555831
0.0124903
0.0228389
0.0277405
0.0325214
0.177577
0.029872
0.0235815
0.104021
0.14476
0.0329299
0.0269253
0.0366177
0.0534976
0.0304185
0.0260406
0.0202255
0.070134
0.0541418
0.138231
0.0144292
0.0263265
0.0791527
0.032065
0.0578152
0.0465895
0.0210441
0.0205737
0.0437451
0.0184714
0.027136
0.0145712
0.0341046
0.104515
0.0273597
0.0358013
0.0451487
0.0157337
0.0299196
0.0706217
0.034603
0.0260498
0.0549593
0.0221632
0.0404626
0.0824554
0.0968958
0.0205045
0.0261624
0.0203221
0.0203999
0.0331882
0.0415508
0.0297391
0.0179914
0.339372
0.0104019
0.0665566
0.136523
0.0403648
0.0390277
0.0207291
0.0266539
0.102122
0.0644426
0.0281016
0.0335329
0.0674311
0.208253
0.013193
0.0124946
0.0170883
0.0210193
0.0280414
0.0235344
0.0438713
0.0473251
0.021462
0.0199195
0.0471098
0.0693721
0.0280331
0.0395312
0.0121021
0.0153052
0.0200869
0.0230725
0.02475
0.080266
0.0480151
0.048575
0.0376505
0.0184869
0.0351296
0.0349194
0.0275054
0.0583463
0.0190347
0.0214348
0.0176407
0.355353
0.0384423
0.0188307
0.0633856
0.0418317
0.0592805
0.0972139
0.0230813
0.0378693
0.0395782
0.0419508
0.0356691
0.0994533
0.0305471
0.0168834
0.0310371
0.0223582
0.0307168
0.0178245
0.0361108
0.0491153
0.103296
0.0336881
0.0331562
0.0377154
0.0157986
0.0109735
0.0116905
0.0175435
0.0260571
0.0324868
0.0171549
0.0364279
0.043503
0.0604118
0.0495925
0.0206932
0.0217352
0.0463104
0.048589
0.0336219
0.0543863
0.0639067
0.0656792
0.0531316
0.0434314
0.0255816
0.0474763
0.0672778
0.0267774
0.0402413
0.0297546
0.0372232
0.0398437
0.0328153
0.0360275
0.0223672
0.0290101
0.139184
0.0326178
0.050356
0.0769791
0.0243219
0.0255687
0.0213414
0.0136912
0.0173963
0.0145199
0.0407039
0.0202448
0.0201104
0.0218566
0.0330731
0.0697078
0.0181904
0.0198766
0.0561446
0.0978241
0.0352128
0.0641015
0.0562836
0.0276061
0.0898749
0.039525
0.0269569
0.0216487
0.0716123
0.0244047
0.0499205
0.0511469
0.0360978
0.0247587
0.0178373
0.0213991
0.0349624
0.0639751
0.0272955
0.0231044
0.026966
0.0298008
0.0334328
0.020139
0.0242355
0.0216859
0.0781971
0.160813
0.0210539
0.0613262
0.0360083
0.0411217
0.0195537
0.0275046
0.0284097
0.0326859
0.030788
0.0252054
0.0832797
0.0644843
0.0412359
0.0124552
0.0175882
0.0250006
0.026157
0.0339643
0.0641544
0.0198814
0.31894
0.023483
0.0273986
0.03876
0.027317
0.0170137
0.0628905
0.0220432
0.100604
0.0241924
0.046061
0.0343478
0.0319182
0.0245297
0.0539716
0.0519747
0.0309378
0.0216076
0.0370826
0.0322364
0.0233904
0.0214683
0.124795
0.0905979
0.128208
0.0385537
0.0162019
0.0217373
0.0290998
0.0202016
0.0161653
0.0451646
0.0376594
0.0339086
0.0374028
0.0209354
0.0342431
0.0221351
0.0486717
0.0555989
0.0154938
0.0192361
0.0149788
0.0285481
0.0446058
0.0576826
0.0438992
0.0229257
0.0227059
0.0921542
0.0982374
0.0486761
0.0615666
0.058203
0.060703
0.0273623
0.0564377
0.0486928
0.142769
0.0653029
0.0473764
0.0840891
0.0968296
0.0138178
0.0138761
0.219547
0.0548276
0.0505433
0.0409807
0.0521985
0.0342424
0.0437645
0.0270886
0.0327265
0.0233092
0.0202969
0.04993
0.01919
0.0255277
0.00931466
0.0370532
0.0276475
0.049077
0.0439161
0.0277974
0.0148505
0.0333605
0.0250295
0.0221047
0.0677461
0.0684095
0.0230221
0.0289192
0.0362633
0.0169254
0.0301236
0.0198823
0.116387
0.0960485
0.0716918
0.0526637
0.0283235
0.0413483
0.017332
0.0206912
0.0262093
0.0327156
0.0493727
0.0372331
0.0449699
0.0397924
0.0218743
0.0276125
0.0306039
0.0341673
0.0667971
0.22605
0.0237597
0.0870409
0.0453941
0.0395199
0.0243341
0.0155307
0.062376
0.0752692
0.0146523
0.0123863
0.0473642
0.02738
0.0536915
0.0465578
0.0743404
0.0764619
0.0453307
0.0126666
0.0119248
0.0122635
0.0144374
0.0766866
0.0128503
0.0264542
0.0783322
0.0389515
0.0252924
0.138179
0.089711
0.0457743
0.0558526
0.128755
0.0233849
0.033337
0.0597783
0.0599793
0.0667607
0.033391
0.0384383
0.0192224
0.0412861
0.0345393
0.0211784
0.0339558
0.0143458
0.0323113
0.0401668
0.039732
0.0183359
0.0245766
0.0332864
0.0423109
0.041542
0.0171435
0.123215
0.0719933
0.0270134
0.0571963
0.0251001
0.0270194
0.0175497
0.118811
0.0183298
0.0223398
0.0198687
0.0802065
0.03928
0.0434848
0.0829577
0.0448065
0.0466003
0.0295699
0.0164105
0.0221943
0.0149183
0.02838
0.0182332
0.0156596
0.0907506
0.0257377
0.0176256
0.0200869
0.0241511
0.0371554
0.0176962
0.0426511
0.0675698
0.128541
0.0429517
0.043897
0.0152577
0.0183274
0.0139685
0.0222529
0.0210877
0.05659
0.0230566
0.0931365
0.03163
0.0457009
0.0238663
0.0480434
0.044927
0.0463807
0.0197681
0.0134478
0.0375762
0.0476818
0.0236431
0.0221701
0.122407
0.0574462
0.0615257
0.0252329
0.0184633
0.0221116
0.0885216
0.208222
0.0773821
0.060894
0.0230439
0.0246362
0.0550757
0.0216431
0.0338437
0.0229548
0.0147426
0.0646086
0.0263893
0.0220312
0.0302697
0.0213232
0.0326408
0.0220751
0.0243898
0.0213021
0.0262715
0.0253766
0.0307232
0.0402327
0.0213762
0.0214762
0.0196744
0.029449
0.0430116
0.119317
0.0583504
0.102834
0.0224546
0.0325449
0.026179
0.0228316
0.0422312
0.0523823
0.0325809
0.0399103
0.0869628
0.0479233
0.0356039
0.0525531
0.013617
0.0440934
0.029615
0.0306714
0.0436349
0.022854
0.0553373
0.163242
0.169991
0.0532951
0.0451625
0.25902
0.175657
0.0465067
0.0433496
0.0768922
0.0529047
0.0363929
0.028613
0.0228352
0.0344561
0.0351034
0.0275661
0.0345343
0.038899
0.0420123
0.0209034
0.0315958
0.0812913
0.156317
0.046722
0.0226477
0.0297621
0.0272274
0.195182
0.0162822
0.0317825
0.0248701
0.0271665
0.12014
0.0695213
0.0256182
0.0303585
0.022527
0.0654831
0.0288573
0.0171054
0.0191687
0.0196079
0.0201383
0.0276598
0.0403329
0.0426026
0.096153
0.0371296
0.0268211
0.0199424
0.024775
0.0662173
0.0310282
0.022261
0.0286532
0.0479613
0.0314626
0.0572069
0.0415566
0.0295673
0.0373204
0.0231124
0.0277253
0.0431395
0.0278288
0.0296759
0.0429429
0.0223752
0.0572554
0.0206641
0.0250102
0.027303
0.0174428
0.0143645
0.0510393
0.0259467
0.0796948
0.0167993
0.0227494
0.031103
0.0653856
0.0216379
0.0965008
0.0446615
0.023144
0.0479791
0.0402573
0.0485109
0.0640024
0.0214156
0.0252241
0.0403552
0.0282609
0.0364125
0.0459404
0.0519908
0.111293
0.52222
0.0466551
0.0773505
0.0357844
0.0236971
0.0651069
0.0892905
0.0218166
0.0282006
0.0184235
0.0303207
0.0219171
0.0218565
0.0217503
0.0150169
0.0195493
0.0338246
0.0156839
0.031195
0.0724345
0.119366
0.0257901
0.0536717
0.0384101
0.041603
0.034705
0.0462639
0.0502508
0.0159864
0.0200954
0.0185722
0.0341519
0.0304845
0.0247525
0.0778775
0.038941
0.0263301
0.0477694
0.0527245
0.0221817
0.0170863
0.072895
0.0185405
0.0968014
0.202139
0.159741
0.0311958
0.0332527
0.0328359
0.0697325
0.0331944
0.0275948
0.063673
0.0277938
0.0102473
0.0106737
0.0223897
0.0140796
0.017363
0.0570553
0.0335952
0.020468
0.128407
0.0258768
0.0312588
0.0281893
0.0227718
0.025535
0.476125
0.234653
0.0431049
0.0326164
0.02489
0.0541108
0.0315404
0.114011
0.0666192
0.0518997
0.0490603
0.0257085
0.0210532
0.0223687
0.0351741
0.0759095
0.0486184
0.0358372
0.0333383
0.0292086
0.0303996
0.0420375
0.0390389
0.021225
0.0219033
0.0499213
0.0289149
0.0166455
0.0566346
0.0511227
0.0251048
0.0474239
0.031571
0.0517148
0.0313803
0.0455719
0.0293289
0.0356827
0.0540729
0.012578
0.0244763
0.0150012
0.0165154
0.0324082
0.0527368
0.0455646
0.0583968
0.026529
0.0276632
0.0311486
0.0245666
0.0228497
0.0276207
0.0656981
0.0386991
0.0296177
0.0442649
0.0375432
0.0281427
0.0414697
0.101606
0.03087
0.0149029
0.0163474
0.019041
0.0748284
0.0119872
0.014813
0.0862788
0.0148512
0.0385337
0.0239129
0.0385032
0.0987388
0.0163518
0.0389567
0.0500174
0.0260423
0.0516384
0.0529562
0.0346546
0.0171584
0.0510151
0.029551
0.0151326
0.0549199
0.046448
0.0277669
0.0365599
0.0158929
0.0161801
0.0228877
0.0169624
0.0441543
0.0366101
0.037767
0.0112521
0.0159543
0.0196321
0.0283063
0.0435975
0.0223093
0.112773
0.0227783
0.0261757
0.0170906
0.025112
0.0339785
0.0672253
0.0261141
0.0501656
0.021354
0.0174226
0.0193098
0.0319016
0.0260983
0.0173052
0.0359033
0.0822574
0.131086
0.0147883
0.0126366
0.0729044
0.0605111
0.0303326
0.0828072
0.0711259
0.0337122
0.0448981
0.0364609
0.0408357
0.0416136
0.0456982
0.0321116
0.0245984
0.018179
0.0243908
0.0297741
0.0405223
0.044943
0.0818027
0.178128
0.0949727
0.0629049
0.0762452
0.0415061
0.0504505
0.0221394
0.0265078
0.0419105
0.0426487
0.0335111
0.0619912
0.0854818
0.0541395
0.0460416
0.0352553
0.0245333
0.159184
0.0263319
0.0189854
0.0100742
0.0161867
0.0150947
0.0164257
0.0481244
0.0552024
0.0355577
0.0368705
0.0532977
0.064349
0.0984619
0.039166
0.0700657
0.0262352
0.0269036
0.0169083
0.159009
0.0220029
0.0257803
0.0239875
0.027229
0.0505733
0.0470789
0.0522062
0.0317025
0.0199827
0.0215859
0.0563984
0.0662923
0.02419
0.0753833
0.069734
0.0241874
0.0211471
0.03591
0.0422719
0.0966072
0.0143459
0.0229317
0.0133168
0.00922323
0.0216881
0.0369776
0.05671
0.0598962
0.050651
0.0804685
0.0363054
0.0363059
0.0344188
0.0384006
0.0243344
0.0228209
0.0246156
0.0361321
0.0196103
0.00813816
0.0270288
0.0213535
0.077734
0.0383217
0.0394408
0.0404017
0.0251761
0.0201502
0.0202573
0.055339
0.0500192
0.0571736
0.0393157
0.0153814
0.0428603
0.0212331
0.0254459
0.0490111
0.0791613
0.0972893
0.0887002
0.0574556
0.0496026
0.0150814
0.0186984
0.016972
0.0230287
0.0216795
0.0222365
0.0359411
0.0244482
0.0427493
0.0320648
0.0160991
0.0166076
0.0529646
0.0502372
0.0280015
0.0325281
0.0266794
0.0374689
0.0273131
0.0343522
0.0277638
0.0230567
0.0217422
0.0748736
0.0304775
0.0362274
0.0277657
0.0264575
0.0247744
0.0514303
0.019479
0.0330347
0.03042
0.0200791
0.0173751
0.0188921
0.162136
0.0189143
0.0390362
0.037097
0.0335617
0.0196327
0.0115023
0.0146311
0.0172309
0.0256422
0.0211739
0.0159284
0.0648924
0.0787172
0.0284411
0.0429389
0.0876424
0.0257449
0.0481495
0.0224729
0.0614726
0.0379282
0.0207444
0.0362329
0.0322728
0.0218506
0.0222483
0.0278624
0.236606
0.169215
0.0279192
0.0281916
0.0358518
0.0340374
0.0327768
0.034925
0.0488255
0.0373776
0.143705
0.0262088
0.0349796
0.033618
0.0433881
0.512699
0.0120947
0.00844045
0.114317
0.104777
0.0244194
0.0153975
0.033572
0.0171581
0.148918
0.0213967
0.0302649
0.0252904
0.0200014
0.0169046
0.0587372
0.0213103
0.0316528
0.0533434
0.113673
0.0303048
0.0297361
0.0138081
0.0224628
0.350565
0.0272542
0.0590639
0.0452567
0.0143851
0.0205789
0.0127317
0.0265525
0.0192155
0.0200622
0.0177176
0.0288087
0.197381
0.020957
0.035543
0.116994
0.163985
0.0201015
0.0107378
0.0192376
0.0470391
0.0390244
0.0338465
0.0241008
0.177503
0.0650156
0.0442765
0.0389812
0.0282685
0.0541618
0.0714426
0.0553554
0.0224768
0.034567
0.0204372
0.0897049
0.0640577
0.0742998
0.0663002
0.0144053
0.0173284
0.0138928
0.0339258
0.0329368
0.0245445
0.0229544
0.0372998
0.0371784
0.0272354
0.0416048
0.0119013
0.0186
0.0315478
0.0446457
0.0422349
0.0301499
0.0108727
0.170496
0.0993836
0.0731269
0.0548704
0.0610756
0.015628
0.0160858
0.0554431
0.139425
0.0506258
0.0535369
0.0159977
0.186334
0.0690496
0.0174794
0.0186204
0.0180082
0.139566
0.146168
0.0337044
0.040351
0.0242776
0.0282041
0.0157933
0.0208667
0.0324429
0.0187175
0.0481773
0.0807852
0.0394883
0.0426336
0.0269381
0.0305994
0.0411921
0.038981
0.0314844
0.0262986
0.0306699
0.0338991
0.0402
0.0232193
0.101773
0.0445796
0.0315403
0.0304879
0.129105
0.146888
0.0777162
0.0663789
0.0460715
0.0495277
0.0329971
0.0327712
0.0408965
0.033529
0.0199654
0.0178212
0.0777345
0.058731
0.05458
0.0836662
0.0256649
0.0346777
0.0233317
0.0737126
0.037102
0.0638898
0.028422
0.0425987
0.0164993
0.0200172
0.0206984
0.0167623
0.0498611
0.0352563
0.0155615
0.0105224
0.062446
0.0197439
0.0509997
0.0622259
0.0674167
0.0417337
0.0229719
0.0383698
0.0299042
0.0251411
0.0639158
0.0458853
0.0181451
0.0162135
0.0372247
0.0450752
0.0414639
0.0215881
0.0157674
0.0116177
0.0329166
0.070791
0.0235276
0.0212605
0.0265929
0.00715442
0.0235887
0.0212689
0.0181917
0.0139474
0.0607835
0.0530447
