807.902926
740.610033
736.828209
788.716086
790.227259
814.485840
815.158055
840.783472
840.074317
802.793384
802.092923
768.488522
815.383774
814.040467
804.890079
802.934490
833.067522
839.682749
820.700640
848.101792
850.266857
802.143724
802.124576
777.429386
779.901520
782.469383
781.840451
810.189193
810.842053
822.955494
824.730598
814.032233
812.736588
838.303436
836.017096
850.790791
845.647219
749.526360
750.199942
822.042212
836.675739
838.698959
761.041494
752.256308
841.311607
841.089684
802.630368
800.803376
811.832977
813.197429
853.232906
872.124577
823.904822
827.333194
827.275434
825.447504
954.372945
954.988687
851.945599
850.408791
948.898361
948.836340
809.183087
809.117779
922.488790
924.555375
856.263337
853.633442
851.884593
871.632287
870.838476
862.562230
861.227872
902.965121
819.446644
821.624576
886.274261
883.245495
837.624078
838.142174
868.755987
868.334852
846.590297
846.023273
868.095579
868.293347
833.293381
918.940112
919.428123
856.406387
856.089304
934.004344
934.095710
907.987956
907.882985
830.282174
915.461710
917.013026
863.130654
863.433072
838.891716
855.903321
854.012767
886.464847
816.249119
873.381924
829.060691
873.529288
875.219117
788.666691
788.147332
898.124368
896.793158
808.840119
905.929005
827.267981
828.249672
785.805803
800.340296
787.762422
886.956798
815.115822
859.256404
848.794166
848.287457
884.102467
885.210408
842.695626
764.429938
858.877508
859.424410
870.914404
872.237224
903.011939
904.050849
861.027393
858.657609
780.275541
872.569581
876.591465
822.462637
783.462404
792.280610
798.636184
837.169601
764.314651
879.099085
880.263049
788.647896
790.450920
883.287478
885.888939
835.334488
833.743175
833.088088
806.126933
804.036762
948.381484
844.092563
820.095960
843.984598
863.177165
729.474865
887.709606
888.307289
831.364181
837.212054
790.043507
793.414627
845.856194
812.016872
807.374988
856.775851
859.862975
826.899719
821.758201
882.712503
883.753124
828.196555
831.451820
877.473076
814.037546
859.562060
841.367833
880.542924
881.293380
877.613893
875.643265
863.817970
864.211359
830.422979
837.159757
828.177157
799.024478
826.988248
801.070382
800.671212
773.941190
744.724054
808.714211
815.045901
746.293715
788.389216
787.238239
774.542479
865.425972
868.498232
854.082663
857.326221
815.939991
815.816214
819.944546
821.788159
746.869290
748.728582
892.715094
893.331867
821.661889
819.851913
893.733631
894.876391
852.329792
849.423807
788.591365
798.145726
776.548625
774.100034
802.869047
802.503894
782.795203
779.928760
810.765517
862.558009
863.522395
791.363360
764.205565
893.340890
891.729827
866.913209
860.074192
837.841187
838.246288
821.667967
784.206729
844.480122
845.175289
763.821013
735.227908
736.518919
764.561398
766.211411
790.313141
792.199909
885.441835
882.631101
843.363613
847.421495
804.628190
815.799965
789.714537
823.402871
828.106593
819.613767
815.720084
885.327158
882.827806
753.036555
752.509954
859.222420
864.267925
793.562425
789.206018
839.599849
748.041149
899.269987
899.192952
775.693718
775.148615
866.594146
868.146017
805.481346
806.375297
802.875072
806.096234
761.661280
760.941912
762.326489
734.116906
749.001578
840.501923
843.790419
790.704980
789.503130
893.858156
893.997493
875.780724
873.425423
838.002413
835.061432
727.780948
776.013344
767.987711
769.680396
826.072462
825.783115
812.878591
813.544497
602.153128
633.402877
817.592911
799.122549
781.226435
822.921591
796.217555
752.381459
630.278745
850.783931
628.214801
745.380357
742.077211
762.053370
771.174250
774.420053
730.845212
728.973716
677.483708
842.309932
761.572977
763.728752
735.991141
767.625970
811.885228
814.878642
794.827566
811.805650
815.069030
815.280962
824.012455
644.112477
788.842781
795.004027
818.798942
813.691912
794.237279
800.989097
754.680377
752.109473
797.924999
805.889603
772.155318
731.240350
844.537678
844.275120
851.802006
851.847588
784.962847
777.599949
787.913658
848.203232
772.441994
609.985126
668.828875
763.508387
760.778134
745.672801
746.511122
749.675324
781.073473
785.752676
729.381441
728.355341
777.646078
782.225319
784.314653
784.930895
587.791158
741.941332
741.087198
850.299517
772.598577
623.201142
781.521839
719.192734
771.132921
580.021380
645.675972
712.898335
805.927002
759.811705
771.402891
770.774941
816.961670
815.816582
818.028078
819.140524
787.828364
786.981067
833.863202
834.648818
843.925332
843.263779
831.717598
833.878159
792.282335
792.567433
841.751935
843.725248
828.400008
826.930690
843.126736
843.129105
823.707647
765.539428
768.567838
810.828085
767.068752
843.042144
831.158705
831.733238
782.168517
783.964219
843.847304
843.860855
777.240703
777.552058
777.385610
772.863298
864.501525
866.400274
779.831918
865.327980
863.206971
883.705424
882.416746
804.419032
811.243981
814.025441
818.780650
820.273826
818.667529
914.444762
913.700209
826.959605
827.549428
791.454900
812.624706
782.374464
793.584370
749.101575
715.892884
805.543009
826.730504
759.530939
759.244824
754.459612
755.341475
802.332919
802.883888
858.219362
819.191977
823.239492
878.866136
870.359565
870.494857
877.471016
877.796700
889.925741
891.306821
817.950259
795.766579
802.856240
807.800695
672.119932
762.726387
844.389268
842.399421
814.346117
816.254417
770.774269
796.584484
637.022704
610.669381
608.528264
726.155412
814.673753
785.340999
823.820183
795.533684
796.611139
820.108292
819.953058
817.392168
776.684967
778.740432
850.505396
747.840970
748.177613
832.093019
830.644154
811.022471
812.196588
804.655209
805.502413
780.631977
781.452617
821.884833
821.778249
803.961686
714.539883
711.961784
813.923077
814.738361
811.959170
769.875854
775.803119
597.035551
755.106039
723.834801
732.220495
826.599165
827.165312
776.027478
775.620789
753.199724
756.234875
763.663506
765.443991
761.722435
762.066655
769.678446
770.485627
795.566768
810.728180
738.736818
743.027020
832.713942
834.754986
800.091543
802.151069
784.867609
785.981625
803.549784
601.880643
813.863330
776.325203
787.828443
668.555728
637.147024
804.144691
744.760380
807.716905
783.923651
783.948980
770.176987
767.436327
844.179264
844.694251
806.658692
806.948333
712.055180
711.859697
859.604000
859.733913
811.071842
811.709655
774.364993
775.317687
781.113463
778.459253
760.886656
759.272864
837.730843
812.520477
813.185532
812.414799
837.696989
838.178528
805.414740
804.123299
814.698214
816.201119
748.807596
783.485621
777.564697
738.973073
845.907853
765.748597
766.142727
819.192064
818.030462
807.381423
807.749081
793.423500
792.094323
800.009019
798.542308
792.076560
790.375957
770.619138
793.765291
745.947089
745.614795
816.510547
629.113869
765.009468
862.615098
821.947893
829.168048
785.529953
784.132055
794.547410
800.354174
746.505190
744.651101
804.256278
804.996483
813.420291
815.220342
827.423107
827.075614
795.910136
552.519345
844.509142
775.307582
773.785066
872.437334
874.899891
829.853398
828.562304
812.803614
812.560507
751.336602
750.873561
520.115388
783.633999
784.682069
831.148331
828.676221
781.288969
782.012597
790.729681
769.659077
587.873901
802.238746
746.518262
849.748450
746.367635
747.607451
822.177147
822.897560
684.490645
841.888095
842.551928
848.954173
848.083704
762.763589
763.031808
792.478936
793.368587
841.689097
841.464692
793.524125
793.507989
774.174983
776.196997
772.417781
774.884053
813.098373
814.791508
827.018047
825.025026
833.166960
835.560139
843.404307
790.723320
848.574055
801.510396
802.676085
802.676352
799.899396
792.672176
637.486437
791.350709
789.661092
766.551175
765.894921
809.050461
809.323908
837.223289
835.749113
845.894458
806.250111
798.298396
823.504024
822.366068
846.766445
847.924912
774.535879
770.445848
770.589861
877.675812
878.633961
511.651086
795.628171
798.563953
784.034737
784.913469
762.352751
762.840692
847.836464
848.322012
791.751219
790.286332
750.606606
801.583547
804.536590
643.280330
785.362371
848.183106
850.655669
754.865593
787.526897
817.084284
777.022416
790.134147
789.923604
883.562141
743.549856
727.118405
883.761396
885.050112
849.431581
850.616511
764.635504
742.091016
749.148166
750.418308
838.679326
839.832082
782.277402
787.237478
757.422840
758.270405
797.060053
797.670660
661.904750
806.233130
838.510588
839.099337
787.411287
793.567465
813.870775
813.938467
757.362552
837.648933
766.765704
785.635104
781.420946
788.973681
784.641955
759.326419
759.493324
820.339640
822.034112
828.567603
748.646079
746.913351
791.889404
793.241823
722.733638
724.141023
781.324174
611.687893
771.940884
821.324911
820.409251
806.609654
757.993710
755.931270
754.264400
754.073753
864.657231
682.640451
736.477789
785.453314
885.583070
887.302134
610.360314
783.144437
780.206711
815.383311
822.811798
824.398577
790.599840
823.072929
788.544419
788.657349
782.136089
783.024026
788.530516
791.450553
876.926514
876.799939
773.784166
772.917869
767.060061
769.770137
763.593005
766.518827
702.097169
867.829196
866.320768
844.155103
846.132086
785.773543
778.422720
799.641638
797.877501
790.350587
837.920705
740.947141
745.895064
770.915650
787.268126
721.128695
795.488510
792.346126
805.699054
799.535578
807.010475
808.488718
794.706077
794.132475
659.534476
806.084811
806.418874
753.763655
769.937304
772.440892
718.442710
811.349728
812.764556
760.583842
692.336657
790.206592
753.165139
751.765446
759.347247
759.819384
712.054799
712.641658
736.847276
843.947379
845.963517
856.981968
856.784009
834.853422
836.050822
830.770864
823.248400
812.859137
815.143256
770.801343
772.789620
818.095371
819.801535
818.686548
774.774656
765.488490
766.770490
787.165123
780.365630
780.690534
749.307222
747.200770
778.306667
824.193334
821.200220
825.055267
825.481858
756.767474
576.385621
813.674206
813.428751
732.476764
731.689579
751.509672
792.509561
793.443973
781.540718
782.000162
809.312052
808.556991
721.311722
720.375864
770.783591
769.775620
797.546292
796.412541
817.781403
818.834370
813.966771
812.515700
733.623784
733.979265
797.174700
797.151310
766.735736
767.817099
796.615138
792.880897
822.492451
822.070627
765.279162
758.950989
808.223827
810.894872
807.377970
808.731004
807.149615
804.963568
800.188203
799.418677
751.405077
652.637770
820.994818
821.517584
798.104320
798.687517
793.793948
797.132851
821.212214
820.940530
823.465038
824.551535
698.578352
699.319534
742.033151
746.821067
810.400869
750.883328
752.206438
827.337150
827.293274
812.994802
812.705238
804.033959
805.519645
775.902922
784.051655
686.660421
688.066572
726.140916
725.592768
826.068538
826.195887
786.084166
786.894382
800.978627
802.170578
735.510892
737.262105
567.068229
818.873339
823.630499
725.493043
723.735230
829.792822
829.623453
627.447665
766.234282
762.647358
632.205444
699.128935
626.976571
769.065139
769.781601
761.171732
760.806440
761.095363
758.739239
731.603869
730.457444
802.381959
776.319532
583.129237
772.212967
769.565472
769.545359
776.977035
734.844229
626.284689
657.109428
836.535538
820.477792
731.508767
796.240126
799.036217
747.667491
818.759257
808.069929
782.157953
741.824604
742.441164
741.016571
755.579656
831.494392
832.340221
769.675601
770.413014
807.569696
802.630077
823.258818
830.902813
832.382959
779.166778
780.813910
827.744148
826.451064
737.104022
736.548562
673.567234
804.909218
826.704111
772.743921
773.000094
834.194201
833.108295
837.214506
838.431871
828.503192
764.598132
742.174536
747.976712
768.681108
780.243969
779.468458
782.992495
761.158788
761.641241
853.143136
798.370955
817.274096
827.109671
844.571833
844.183126
832.553528
833.083535
830.338519
829.519464
802.837216
803.640549
757.291859
755.567055
586.553223
609.699078
809.417852
808.589527
769.426621
769.532553
782.540125
791.902796
790.233190
772.328186
771.433594
837.610655
838.289451
771.140813
770.327000
857.531745
857.895988
799.783196
842.297439
839.828400
803.573629
781.723910
595.384026
766.005692
706.653461
850.976873
836.182100
839.660108
800.712493
804.424423
757.655531
756.111029
854.137318
854.619233
823.233217
824.768737
592.628817
806.281789
806.114039
754.716584
767.985673
849.825836
773.662027
805.595382
805.918166
836.085974
835.712945
665.464060
666.748581
837.793013
716.339321
825.241458
825.471226
788.616179
791.582799
779.620143
779.742377
851.617968
769.822856
811.280747
812.022525
749.058822
748.569038
862.442014
865.107720
774.996985
776.648395
738.848674
848.747020
810.498863
782.396775
826.543348
824.974719
754.852639
755.397817
631.368455
655.969252
812.830582
742.489051
798.862404
800.296695
792.800591
788.629346
841.026545
818.510557
836.035725
834.605915
761.204366
697.667170
766.948206
830.575617
780.855240
784.101326
807.823326
589.466726
786.844599
787.870580
812.084437
811.589643
756.333659
757.685200
827.852944
765.525686
765.444958
735.867422
770.874728
799.388353
797.085715
762.430827
759.509767
613.901171
852.885685
848.121134
755.375886
794.357743
791.742544
819.878758
816.276371
772.366122
794.389463
792.415522
790.261824
605.298555
829.224807
824.688922
589.178356
779.274716
753.469972
750.775624
602.790035
587.862501
602.084099
637.772629
831.545731
833.848438
861.025238
861.523948
771.666537
643.576897
610.476366
785.490337
778.126557
777.028142
767.545328
769.929406
845.329136
841.964910
826.074263
824.039754
824.771074
822.021240
732.803279
734.724339
782.673612
557.214064
807.490702
806.911741
754.681184
757.104518
816.055672
818.598626
823.858815
825.161920
773.098964
773.618363
805.091802
804.528992
769.094993
767.779784
712.970391
576.653016
825.531069
822.992891
774.427876
775.084731
830.704563
832.801564
839.747438
842.555572
758.177139
756.398735
636.515913
794.975504
766.466852
769.400003
782.241252
778.585377
877.010349
878.422909
706.268426
646.612789
658.157061
797.429128
796.846858
638.432892
558.526686
761.462153
746.083823
811.963389
811.530069
809.751363
810.375337
775.356641
774.559297
803.911209
813.944354
814.390772
581.085833
800.445999
799.967108
828.858288
833.792449
652.498931
669.738954
621.072843
642.035731
862.944996
862.244913
869.308037
868.314095
811.803266
812.877922
815.925251
815.937303
764.682028
767.000958
813.384257
813.607750
690.571353
687.746068
809.832861
812.971099
819.040096
815.925327
770.650643
773.728966
839.155098
840.841960
625.099285
774.226997
878.448591
882.493291
841.372069
838.745235
862.988208
859.752917
827.685444
829.015529
850.100239
850.403675
774.217141
772.175653
704.024702
860.429314
860.154182
821.180065
870.543073
867.496466
748.622167
748.844536
643.591279
837.736347
836.984081
727.775507
725.791505
565.295931
861.296525
859.892077
785.681795
831.616829
854.842999
852.498088
844.138199
844.887293
710.391016
709.472311
869.600908
871.491246
874.118327
873.333572
861.173893
862.140042
797.730952
796.395627
861.655013
860.340470
764.897711
656.782272
780.568472
557.056232
894.891602
893.752453
807.954972
808.432721
762.302049
657.375113
810.475346
810.140824
769.361256
772.212220
646.425113
757.195876
816.749548
811.000961
774.514373
777.788502
760.171152
756.471370
583.008195
823.446669
823.808408
782.596988
639.269469
605.621613
666.350550
799.893187
799.576091
702.671687
851.635603
853.763548
637.652031
616.437390
760.575849
758.487661
730.665944
728.457746
720.619828
720.831791
762.672950
761.395265
698.791100
697.266611
736.380636
638.347560
716.920960
659.067215
612.050138
849.904714
853.306885
727.438633
808.732849
808.600714
728.606482
729.032408
816.398931
816.465473
715.424255
716.109955
813.574837
810.806196
672.290941
702.072961
758.795899
758.274792
749.261089
747.235636
798.329686
636.808168
794.712381
793.667105
609.780059
645.171595
827.391433
827.043602
628.681451
795.658955
772.386069
770.559267
817.482737
743.145842
728.296279
744.676792
742.118635
660.904612
699.211407
793.637800
600.175930
694.354535
772.403914
772.973057
739.577020
739.245089
800.688680
799.587459
771.147671
770.795384
760.121797
761.429104
793.014063
797.212470
582.634446
660.797340
806.414863
806.025717
607.979204
785.773312
788.006086
849.260857
621.170065
661.748764
647.935854
811.295138
786.769324
562.460357
804.838163
812.175584
810.956156
747.941831
744.722508
833.749561
834.046290
800.081281
795.270115
751.465824
750.270414
808.241391
811.629940
743.897632
745.880795
828.746433
829.394894
719.168472
717.602337
572.645915
822.990603
825.407014
764.809181
759.021777
642.967040
692.355632
606.280806
812.957799
812.846333
772.057455
769.946885
799.691456
800.205205
785.626471
783.670789
814.504077
812.088067
849.896919
841.105508
840.956826
780.374000
779.379850
639.609983
844.134476
797.878192
688.576934
640.537154
647.668025
794.921432
793.540934
645.888333
747.514397
750.065260
716.538725
717.688091
779.713006
783.103986
590.121363
733.818653
832.182474
711.691234
776.042337
774.289984
858.270782
858.558227
798.694527
800.461080
780.063866
784.173944
752.797488
749.385951
818.203739
821.347225
679.225850
782.757892
785.328555
784.342814
811.629698
809.040426
716.276866
720.144247
838.314758
586.613916
565.007190
803.879035
795.565642
599.271968
660.507889
720.454299
802.912878
704.721939
703.478198
706.349809
770.404213
771.520510
670.220065
687.334406
813.189058
660.743730
581.828970
678.186511
780.331811
780.305960
792.186163
751.168319
772.947641
630.208603
748.263456
749.067662
804.138378
805.824097
790.056559
798.385052
799.917893
618.910834
778.923318
777.755506
600.303752
611.191755
605.915327
635.585401
613.381619
696.852576
739.622676
738.055627
767.813943
767.600690
838.890499
839.513465
726.332256
722.902323
767.879894
766.487637
630.065527
621.633866
678.796819
740.663565
796.052219
795.117407
819.679287
839.843053
809.629722
810.730047
816.122757
749.915326
751.223139
764.923501
764.171230
583.712781
613.519510
844.702817
846.545180
778.877645
778.868627
751.990094
753.269558
761.073640
726.177421
770.453882
771.066754
764.794230
782.027641
782.713181
594.165045
747.816626
786.050672
784.944405
798.766329
794.904972
767.972745
768.046636
813.052279
816.865885
761.853669
761.073813
759.636439
758.639118
846.221530
845.827416
744.670208
756.600039
755.205533
759.561029
760.015093
692.176834
692.458886
756.112472
814.053671
685.308372
684.258048
760.292815
785.845948
787.148696
784.582702
751.144529
750.991558
775.644520
776.037529
748.485054
751.496618
847.404911
627.793008
650.334352
777.278430
793.029460
760.254716
759.228802
765.429145
761.957746
744.313336
786.617756
787.127965
793.876034
761.936163
786.612010
627.843092
615.576735
754.585459
720.087991
783.056433
761.703624
764.006174
761.092003
755.866027
756.953391
557.956990
632.991886
624.480179
757.022823
755.674860
738.589949
741.088208
814.047267
813.452303
778.307944
824.872024
828.288514
776.291065
776.977509
788.219698
789.328511
628.987249
812.831077
814.199867
714.752106
714.069063
753.396019
755.951946
764.206346
795.548587
804.532741
805.288657
772.374838
771.982603
752.154386
751.837454
789.917219
766.159340
767.997920
785.371518
791.702635
807.565918
758.037889
794.631935
784.727365
779.172982
784.746649
778.973815
777.257082
821.830785
723.799384
608.367166
804.181774
556.091738
718.564638
744.956531
734.872822
765.510524
765.584191
779.338226
779.854459
790.831849
718.402710
719.590431
784.888750
788.099147
677.129810
792.526384
691.536379
721.207868
736.637458
735.147507
651.414621
819.724120
816.162332
827.077718
827.390211
844.461549
845.239290
764.717773
759.159142
724.766927
784.023961
750.729020
773.418664
757.311759
765.188486
766.302680
758.072651
751.971616
736.424818
738.229150
837.367587
836.787640
801.745332
762.414676
759.820313
766.980559
843.177709
793.017822
845.409027
802.373463
650.473350
650.723152
735.059322
735.437863
802.076006
609.406701
794.907234
747.339744
654.410044
761.375880
759.243577
681.772963
626.125961
685.115722
684.963403
791.225363
760.255020
761.382817
781.034128
780.385778
789.543446
789.192583
670.888995
780.887801
784.726343
516.933141
754.501076
754.581693
750.301813
733.700761
734.492128
734.642879
736.316663
701.883895
700.575048
779.854038
745.397650
746.271123
712.369417
712.229068
792.556860
791.054603
743.033725
742.516661
788.525309
788.687793
793.456455
794.028591
805.141581
805.790824
790.531532
793.943155
703.652410
700.445364
754.530500
753.385014
802.543081
652.839345
634.934415
755.117333
755.870716
813.363578
813.440109
781.861557
780.649964
761.590489
830.933491
818.431865
698.460728
791.579050
755.811632
755.624744
762.438830
754.951197
759.664853
757.196588
759.934038
757.855580
767.208051
768.271948
743.733279
828.039707
828.707165
778.455802
780.279809
741.817853
741.332204
785.191518
579.940637
597.754493
790.742759
803.374726
794.279823
855.998850
854.227211
785.443905
783.653541
596.382041
599.168551
739.401020
746.755987
791.392659
788.825898
798.038264
761.469540
741.902704
742.707877
810.420802
755.445492
754.912621
733.725379
735.870561
804.443405
743.701181
757.075131
756.451509
769.391272
768.681473
772.904656
772.906345
787.674796
788.054902
805.525317
806.203822
620.960510
776.729719
775.768561
763.031619
764.728024
787.694413
808.302566
808.304913
823.881257
766.635719
784.222692
758.900815
757.182248
750.804513
749.259860
759.136819
781.144278
778.403153
789.674492
787.805648
711.041613
782.545339
783.825170
758.423978
759.312448
798.948278
798.104195
798.852391
796.861278
784.771354
801.868088
799.049266
731.252297
779.514245
752.820625
772.517439
809.801981
808.582785
810.095539
809.593831
819.144004
780.086440
779.384897
760.042411
803.531163
799.560371
739.823666
737.923208
817.206916
818.392683
781.967288
783.286020
780.244448
781.718800
808.711791
809.831850
678.656092
776.529451
778.502441
859.345051
560.335148
661.186385
794.803646
793.612327
776.604645
776.432526
770.378419
768.223764
819.197592
819.598822
836.438664
837.663429
779.833926
779.815090
765.360730
764.293617
790.454453
791.225442
688.290809
771.705878
771.833375
774.161737
774.896982
760.315074
798.485081
801.847108
801.493002
740.548011
739.495326
756.634825
751.158591
824.307058
824.486357
810.036191
810.627644
748.176971
745.685427
639.903901
785.788831
786.704703
741.365781
743.907469
772.111652
770.733045
847.606337
820.614057
824.770169
806.892422
805.726099
814.271346
815.826218
839.160350
838.950348
658.194753
753.010912
745.327531
757.642045
756.897281
660.443726
761.039575
758.339153
785.221094
785.270515
783.450493
783.600208
789.565286
789.811477
771.872143
772.600874
705.089440
702.265413
737.837055
771.306235
772.761348
788.978849
788.441049
759.584284
760.065350
801.552890
802.735365
672.512715
822.413609
731.363121
734.143427
622.305331
739.828953
817.817580
839.289091
736.543845
737.807929
754.688269
755.748018
829.643954
828.040417
742.093230
741.318335
817.746927
818.267698
822.653636
821.901566
780.386242
780.137834
800.322566
802.182104
767.324105
765.957855
768.847913
767.198258
794.142313
796.278683
838.340086
732.164184
728.817765
730.718078
730.711825
731.916309
732.063463
727.304740
704.182634
682.754783
793.260359
794.636228
738.696773
738.746127
776.735140
779.266717
751.952169
753.127533
597.592980
750.231717
787.368793
787.761249
862.508317
712.499180
840.303490
694.575200
814.451496
812.199361
820.276063
818.860214
810.930192
810.171586
832.255639
834.532945
801.110232
801.293872
740.652386
743.087554
743.571159
792.391674
791.675689
703.319401
735.897352
738.873436
820.991890
642.550131
809.434096
706.800069
707.811544
733.666004
736.882011
662.508274
779.664516
674.715924
723.003535
723.405963
617.551224
661.836200
769.140737
769.315011
824.951891
823.072070
832.399051
832.682003
825.423426
827.340443
671.965023
723.733629
802.141651
802.264127
798.886125
799.808807
664.029489
813.622814
757.841576
766.178319
767.518065
811.756685
809.604637
830.607425
833.513158
613.256614
716.704820
715.271953
603.158042
661.940818
757.582299
758.802851
752.811204
772.538209
831.737844
829.405482
812.732901
813.221028
764.835071
762.980946
815.775643
816.561932
797.475263
770.685982
770.768354
860.204355
863.620799
829.027255
829.590884
784.050257
843.195535
837.714001
739.838952
800.846673
801.591833
788.085035
791.887509
778.807958
779.303982
772.020175
840.914377
844.215269
752.479934
752.056580
704.599557
744.683731
748.707860
749.801010
751.872360
718.198224
719.289381
758.443824
758.582360
751.666648
753.928939
793.668022
793.686924
725.233253
728.996328
787.479957
789.400652
797.804046
873.869219
875.198640
778.798962
780.099310
589.784432
810.412956
814.807389
763.866802
762.819488
791.941147
791.363579
767.224407
810.824990
810.210219
726.991765
727.351575
737.497907
769.293327
771.543070
837.530337
838.147331
860.173009
860.961886
803.535967
807.987847
842.662640
738.676395
781.306896
779.924636
808.013220
806.385703
768.160410
767.350717
730.172202
729.728640
839.715611
841.246690
761.244739
763.817558
765.925388
766.631797
748.660489
746.101173
825.299131
825.549914
795.931301
794.896644
785.681900
786.390541
783.195109
784.579548
757.003272
756.791726
797.804896
799.191682
782.392442
784.115766
814.697088
816.098004
737.160794
735.658632
742.363266
739.545131
751.978321
750.783456
784.654164
782.234425
775.089940
776.607125
852.651041
851.254792
788.404536
789.765560
737.380392
738.220478
756.949709
760.263873
719.095340
718.392186
735.761804
732.090374
767.752176
767.502751
802.091544
801.397125
702.592651
705.540213
765.905979
772.120246
797.204998
799.271350
828.159986
830.274092
836.764288
837.861069
803.857958
804.062459
824.006847
824.806217
775.549417
776.430990
759.674034
757.507164
809.412280
810.565293
802.631293
803.034620
775.971579
771.797403
