157.61
137.92
146.68
132.71
153.59
193.72
222.68
191.83
189.63
149.26
134.16
124.44
205.95
260.88
129.93
135.23
178.41
189.33
103.24
221.80
263.84
120.40
172.12
155.39
166.41
197.62
216.76
172.05
191.26
159.09
157.65
163.93
142.03
152.50
173.71
161.52
105.69
184.35
151.06
208.59
105.16
104.21
117.29
53.74
164.80
177.07
177.42
202.90
195.54
184.28
197.79
179.84
209.46
157.81
149.33
136.72
177.86
230.17
195.97
186.05
188.80
172.99
191.48
203.52
177.67
177.71
176.34
198.94
178.19
160.74
232.19
182.77
193.90
225.70
118.09
169.04
167.39
128.66
168.53
261.87
196.85
198.29
235.10
190.11
173.32
182.10
188.30
238.86
219.52
215.64
234.48
183.36
169.45
253.75
209.81
231.50
179.83
186.28
195.64
215.94
164.13
133.57
240.61
205.61
179.90
168.09
180.20
235.45
221.89
102.93
110.18
212.06
226.76
161.16
178.48
167.12
180.56
199.11
131.60
165.58
252.76
192.21
160.84
189.51
194.19
187.05
152.86
159.57
173.13
214.24
259.04
209.00
249.04
125.52
216.41
150.81
257.80
130.09
182.24
238.04
223.53
172.16
138.90
207.23
230.74
182.04
225.97
202.58
175.53
225.11
266.87
260.49
172.64
143.95
157.52
187.99
178.64
165.45
125.46
145.03
150.16
158.98
172.87
219.10
206.64
175.49
156.74
120.92
231.34
174.25
209.97
185.96
114.47
112.66
144.36
136.93
232.26
219.70
215.72
227.36
168.94
132.08
226.83
149.45
188.37
213.44
193.54
190.17
142.03
129.66
215.07
192.63
156.27
160.19
219.79
171.05
189.39
97.38
172.50
177.29
209.82
178.25
210.42
245.15
221.65
185.24
195.21
120.52
111.05
141.92
119.03
232.63
205.43
173.83
173.72
204.83
198.68
163.03
196.17
198.81
211.69
229.52
247.84
134.70
178.57
184.25
188.78
189.14
134.01
137.51
198.68
180.05
155.58
109.04
173.08
130.27
157.88
102.82
175.78
96.80
102.97
112.44
200.58
192.16
279.07
262.11
147.72
135.34
163.52
163.18
181.10
158.22
245.07
259.88
170.71
145.81
140.85
229.19
122.96
149.46
140.98
135.37
116.91
202.40
166.92
163.60
142.77
137.34
143.65
189.52
167.34
145.75
240.31
135.42
155.75
170.14
253.07
232.20
180.36
193.26
177.96
202.84
182.14
164.72
163.54
210.39
140.36
215.41
186.28
181.39
204.90
176.91
192.96
143.82
193.20
175.19
218.85
198.21
132.21
168.53
56.67
87.82
141.01
132.74
124.43
93.26
130.46
213.10
117.09
125.34
148.49
186.99
191.04
167.48
140.58
307.43
201.56
195.66
253.32
236.03
180.51
135.56
212.10
199.60
159.45
174.20
140.03
235.37
207.98
185.33
167.31
144.83
207.78
172.29
114.08
111.45
123.27
107.52
259.30
214.69
217.57
200.77
209.23
164.50
182.68
223.07
201.72
212.76
277.48
98.32
183.41
197.15
238.63
223.17
222.39
165.97
161.38
143.80
128.82
160.85
105.25
282.46
131.75
179.49
64.50
181.26
207.95
179.58
277.48
231.76
161.54
97.14
172.39
212.38
214.08
268.53
157.44
177.98
152.26
170.32
94.30
150.41
234.71
152.87
235.65
196.08
265.99
135.10
182.54
189.91
188.11
202.39
241.17
147.87
168.80
155.94
190.37
194.14
248.06
142.04
197.39
125.73
139.75
205.85
186.70
180.36
182.23
151.81
163.08
239.61
212.30
220.42
227.70
127.11
115.37
138.76
187.92
178.71
253.32
148.98
160.75
204.70
200.33
188.93
226.15
130.66
139.06
194.99
185.48
64.50
130.27
140.54
212.66
186.00
220.66
162.61
144.29
121.67
289.70
186.79
205.30
193.24
199.03
217.35
77.07
196.73
238.84
249.91
156.43
229.93
181.38
151.58
192.17
242.58
187.39
217.23
159.01
164.98
181.25
126.46
228.67
161.03
196.96
215.80
159.62
233.22
158.90
136.73
95.66
162.96
268.66
137.48
263.06
182.14
223.62
227.17
228.15
238.80
119.91
152.03
288.66
185.55
284.52
193.16
172.01
105.59
157.92
187.90
216.12
205.99
192.08
169.93
156.56
246.20
155.40
167.68
190.18
134.45
183.53
168.52
212.98
131.79
147.95
172.47
260.95
142.05
165.49
142.42
231.45
234.82
174.64
149.24
238.27
272.27
205.31
198.13
141.43
51.00
217.83
212.93
157.20
207.22
158.93
141.69
200.33
71.45
93.83
168.74
167.79
212.92
262.15
152.51
180.86
100.24
129.79
174.98
169.18
106.77
83.58
230.75
276.79
314.01
78.38
199.23
127.31
163.05
276.51
215.80
210.52
156.26
134.54
146.32
132.26
184.77
154.60
153.20
231.24
227.25
195.21
143.43
130.48
152.56
167.80
188.79
227.49
131.57
138.10
199.41
208.36
186.89
186.63
174.73
164.73
181.30
163.13
167.01
209.36
181.95
167.38
158.67
154.12
108.11
160.11
267.22
206.60
135.49
205.68
175.18
205.11
206.45
196.69
250.02
263.41
192.22
178.68
182.51
183.05
208.24
154.63
217.48
234.24
211.06
169.04
199.16
153.06
153.00
192.90
138.01
176.27
217.95
158.37
135.79
267.98
224.80
128.28
202.98
162.95
218.98
188.54
240.78
143.43
259.23
171.61
249.31
204.98
188.47
146.64
188.90
228.87
122.54
128.21
267.19
323.73
149.66
181.88
244.81
129.08
136.90
179.08
180.55
145.68
233.65
220.06
144.08
201.37
173.92
199.04
187.04
212.31
217.71
283.13
184.38
233.86
176.43
215.70
171.52
202.62
173.19
189.55
203.48
220.05
204.72
235.65
171.88
281.57
145.75
175.88
169.83
228.34
173.33
154.24
172.43
136.33
154.18
165.57
96.30
159.98
198.12
232.05
220.71
243.97
152.09
180.12
230.45
200.18
271.58
159.78
187.33
177.42
150.25
234.44
120.03
82.46
175.60
181.99
175.70
155.92
150.61
124.85
140.21
174.25
150.92
134.87
101.28
144.11
145.86
203.92
209.75
175.41
154.31
197.65
173.12
206.72
111.95
144.83
180.58
215.71
168.31
197.94
243.81
266.73
83.73
228.73
210.68
281.09
269.27
183.13
141.69
140.14
170.49
150.80
209.09
265.94
243.53
243.71
189.29
146.08
167.37
219.38
169.76
190.09
184.37
248.86
170.10
178.30
299.53
170.18
144.69
223.14
163.53
110.89
185.42
181.30
184.81
156.16
226.50
232.94
204.79
122.75
83.11
131.77
142.91
191.52
244.14
213.51
162.40
117.02
191.96
259.70
138.77
143.10
127.84
176.28
123.39
205.14
270.93
237.47
181.05
179.20
150.17
213.13
278.26
342.30
205.97
189.47
191.04
210.68
266.32
180.17
186.43
126.19
103.72
189.28
163.95
134.90
86.67
88.73
147.73
159.01
175.28
185.72
150.17
178.93
172.69
238.02
169.03
190.32
146.73
124.73
245.44
169.30
161.22
179.50
234.74
138.50
177.02
112.36
129.15
261.78
253.81
174.38
234.01
189.21
201.05
191.56
204.73
173.25
193.06
328.90
216.60
257.63
193.41
229.38
211.10
176.20
220.78
150.66
125.66
125.46
193.09
129.94
141.87
182.63
193.12
164.22
179.46
199.01
205.87
161.83
148.92
222.92
143.04
181.32
224.69
196.48
235.37
181.75
214.63
197.52
230.92
146.59
162.24
110.42
135.13
131.45
169.48
117.29
160.05
116.14
153.22
173.68
138.15
160.24
189.34
206.53
239.05
192.04
192.48
189.27
165.83
139.98
237.62
202.47
235.12
160.78
135.88
198.30
151.84
208.22
191.41
209.46
167.27
153.22
158.70
193.38
180.03
174.58
209.34
221.64
231.84
228.83
185.71
231.28
223.07
218.29
125.26
157.86
135.71
177.88
219.70
216.38
153.82
179.11
106.76
191.73
207.70
272.11
191.44
253.93
209.67
244.44
178.50
166.20
145.56
109.11
175.54
244.67
196.87
237.70
157.19
215.24
174.29
211.55
270.95
249.75
167.86
135.28
137.52
130.89
173.92
174.15
200.51
225.88
205.55
168.74
215.38
199.59
246.12
158.36
213.81
148.27
157.10
166.06
176.64
189.68
230.71
205.04
287.26
179.61
208.24
142.78
160.33
155.51
204.70
218.06
176.51
161.42
166.05
117.66
226.82
174.39
210.41
302.91
167.35
177.97
123.82
172.87
200.55
225.98
86.01
116.19
159.42
158.34
157.44
174.53
100.50
204.31
201.15
170.09
270.05
169.32
68.05
230.08
169.50
149.34
200.34
196.52
160.60
203.08
133.32
183.67
315.75
186.94
207.11
172.40
169.39
212.81
155.97
142.40
185.99
222.54
252.79
239.73
203.38
235.67
143.80
210.96
188.37
209.08
206.77
190.14
235.50
220.70
107.84
143.02
126.43
167.01
162.93
171.80
140.85
258.47
58.82
144.65
194.90
246.90
227.86
219.05
199.37
200.23
173.10
123.22
151.95
197.68
190.06
178.72
258.37
162.73
242.54
168.75
247.67
122.35
124.99
167.21
189.86
236.25
158.92
197.16
228.63
153.39
194.24
175.66
237.47
248.02
260.29
236.47
190.27
202.46
183.47
159.47
141.19
179.92
228.32
135.83
151.85
126.90
193.56
130.59
222.47
130.97
189.91
127.25
151.14
151.95
172.91
120.53
107.23
154.56
153.97
165.89
190.87
182.54
133.03
131.62
194.95
244.83
185.41
111.40
184.09
204.30
137.96
126.02
119.45
170.34
241.67
255.99
147.73
161.00
145.65
213.68
184.03
247.04
213.29
109.43
242.00
267.86
215.12
188.60
145.44
163.35
125.36
132.55
182.07
177.93
108.80
206.32
164.02
177.81
144.36
135.49
149.54
245.54
147.16
146.54
198.25
189.83
158.59
116.15
267.58
195.43
174.79
234.71
118.39
131.82
208.32
121.56
132.90
200.48
226.47
162.36
157.05
151.38
158.66
166.15
128.81
140.89
148.03
185.09
154.82
175.20
209.54
126.45
126.57
117.28
166.15
195.98
234.22
213.25
272.65
133.31
119.45
276.07
214.77
182.15
136.95
142.21
188.64
210.13
192.44
140.83
225.82
222.02
104.34
99.65
200.89
259.39
210.49
290.07
147.69
177.60
209.65
211.33
91.34
407.04
150.80
110.17
182.29
195.35
218.74
227.71
165.00
182.66
192.51
219.31
122.51
126.39
191.05
242.22
214.72
228.65
203.26
249.72
179.72
229.70
218.67
249.52
146.65
171.40
174.53
174.89
205.11
247.35
194.87
221.04
298.91
185.95
155.68
172.27
193.43
188.91
144.08
191.09
177.65
151.11
175.86
200.40
229.53
86.75
170.44
205.05
118.79
121.07
147.35
110.74
228.94
298.19
208.44
172.02
218.06
129.91
194.05
273.73
172.79
210.99
228.41
185.46
179.93
160.58
159.45
200.11
154.58
212.13
185.45
242.73
199.25
216.41
209.66
225.60
285.86
300.12
237.47
169.57
248.16
189.69
192.19
133.29
125.75
181.54
193.85
145.60
151.89
173.32
212.36
188.07
136.90
156.03
284.61
157.34
145.28
210.43
256.24
137.37
161.06
226.92
184.74
121.03
187.50
167.88
145.08
226.44
248.11
179.77
230.23
161.41
228.81
190.16
196.90
224.36
138.35
180.94
141.59
166.91
207.06
145.56
158.83
222.05
148.10
174.43
298.16
136.16
123.31
132.92
137.25
155.23
243.49
168.30
154.30
191.78
243.20
196.70
254.32
163.12
140.97
167.48
196.80
213.73
236.11
172.41
191.30
190.79
244.59
184.86
97.25
147.41
185.29
209.45
190.60
184.37
253.14
306.87
215.53
180.51
187.67
115.56
125.89
203.37
237.94
186.73
228.01
148.14
201.02
143.41
211.02
70.37
198.38
204.66
190.50
280.63
265.82
120.14
207.11
137.53
245.29
223.74
249.42
250.82
194.51
157.28
191.64
216.77
227.93
176.49
189.42
168.08
179.31
121.51
152.69
130.66
185.34
249.90
207.62
234.97
218.07
245.06
134.15
172.52
185.05
169.01
200.77
193.71
197.87
139.82
165.33
186.00
210.11
271.15
284.46
197.44
138.51
198.86
232.10
153.11
197.88
143.97
152.65
157.71
212.73
197.01
236.22
99.70
175.97
130.68
140.20
188.20
132.46
141.82
150.88
252.88
99.56
198.28
176.39
224.68
163.25
181.97
194.91
169.39
157.47
241.52
241.33
190.39
243.89
181.79
294.12
140.62
176.44
169.93
203.39
205.79
234.17
149.38
174.50
182.52
108.72
191.95
230.62
244.82
148.60
208.21
212.92
214.54
120.33
105.66
153.46
188.71
159.55
143.22
227.83
260.65
204.76
206.38
133.51
182.16
186.90
205.19
194.51
192.45
164.39
167.15
153.68
98.58
223.01
180.54
157.80
215.23
245.38
255.40
148.83
116.11
219.44
244.49
199.26
207.52
136.94
132.55
126.79
115.85
164.04
266.90
357.63
252.52
257.62
159.01
153.41
203.62
150.91
190.71
226.90
120.60
128.80
223.75
164.49
119.12
143.62
171.70
144.22
183.50
158.14
194.03
260.08
311.51
255.21
266.64
196.83
222.06
190.34
229.47
137.87
153.97
182.59
182.81
138.21
144.13
258.27
182.73
128.62
201.69
172.32
170.76
201.98
237.57
214.47
170.71
289.84
247.01
158.10
181.68
193.43
190.13
99.10
183.93
141.23
161.30
152.14
138.65
248.35
198.29
260.37
172.64
138.53
240.71
171.94
214.08
192.60
138.33
198.66
150.38
130.56
162.37
187.78
207.74
278.90
199.72
236.40
233.86
183.13
160.40
238.01
131.03
286.41
212.43
212.73
252.71
170.85
178.51
206.04
234.61
186.67
184.13
167.00
197.51
161.91
143.35
201.55
180.24
248.37
163.96
130.24
143.33
172.07
183.58
215.72
171.45
169.79
161.75
162.95
167.91
198.50
222.28
246.04
181.46
146.88
214.29
245.10
180.19
200.80
200.74
186.08
167.44
191.33
186.09
250.52
196.26
259.64
253.52
163.25
134.34
182.96
106.67
212.78
217.30
195.79
199.88
143.48
135.90
204.58
224.06
126.91
172.68
165.71
120.18
298.99
183.64
194.38
181.85
213.40
177.13
147.78
94.00
66.27
184.50
228.81
75.90
115.45
190.65
194.92
175.69
186.02
129.69
206.26
212.42
240.70
196.43
183.01
209.76
146.56
170.25
196.46
230.48
145.44
128.22
149.85
173.48
190.31
212.73
134.70
191.75
177.68
254.12
237.74
151.07
220.37
256.35
132.34
163.14
177.53
185.87
293.67
171.02
169.97
140.72
185.43
185.59
231.07
122.14
221.71
260.79
211.56
196.19
170.38
195.65
241.51
244.09
280.28
173.73
148.04
166.37
220.65
206.74
159.04
177.39
189.85
174.92
215.91
205.06
250.90
135.96
175.63
209.39
154.66
196.09
298.46
178.26
236.65
134.74
133.23
224.16
210.55
232.96
245.38
152.65
242.60
171.37
133.83
220.79
133.02
126.88
195.22
294.84
176.98
195.96
124.13
168.09
177.66
166.17
66.51
173.28
127.55
254.49
166.20
139.60
126.45
235.95
194.18
265.25
202.23
255.64
203.76
292.66
255.44
200.54
264.14
203.57
132.04
173.52
156.29
134.98
153.40
257.92
178.39
162.69
232.94
188.15
179.76
236.70
207.79
240.41
212.98
161.26
120.41
207.96
294.73
172.94
174.48
159.40
182.45
134.75
368.54
106.04
81.56
162.50
148.36
177.70
233.22
113.24
136.40
215.25
127.11
168.99
171.33
244.90
190.99
211.58
240.58
197.34
149.62
215.70
108.24
179.87
190.81
173.95
168.65
177.23
79.52
108.69
149.95
186.87
243.55
171.26
200.44
131.78
174.01
165.98
167.92
156.83
143.97
172.48
201.15
105.13
103.71
187.57
225.78
240.29
178.20
134.28
106.01
146.80
160.60
154.47
271.18
339.00
187.72
233.88
232.16
246.34
154.05
137.17
159.68
221.77
173.08
186.39
183.39
151.53
149.16
222.35
194.68
181.13
159.82
159.00
152.93
151.04
202.15
229.85
193.62
240.00
173.36
165.81
136.42
125.61
148.90
238.99
283.80
180.66
137.11
173.86
273.49
290.43
205.77
142.92
279.53
287.74
107.17
233.94
233.05
186.28
198.33
103.94
176.08
169.25
252.93
166.84
183.50
174.69
146.01
171.45
129.35
209.96
276.99
157.81
225.27
219.28
226.84
211.06
271.38
171.82
215.07
200.45
135.19
142.09
245.50
310.66
198.98
236.26
160.75
266.47
142.73
245.10
202.59
202.40
171.71
154.87
144.18
167.25
187.78
226.19
216.01
194.11
162.71
192.18
159.38
194.95
145.18
158.02
169.98
237.65
185.17
119.67
174.45
175.82
156.40
184.81
135.03
190.11
165.59
197.02
233.52
221.52
193.14
291.31
236.99
186.84
126.77
142.24
116.28
86.39
140.04
145.95
123.62
118.78
137.67
226.89
240.63
213.78
156.42
175.77
152.51
188.67
129.09
171.29
224.56
182.43
131.73
170.65
204.95
247.59
243.75
184.18
229.90
171.83
169.53
160.18
221.51
227.62
244.50
188.90
106.26
111.23
193.60
218.46
171.28
131.26
186.48
209.28
182.60
206.16
129.54
126.19
128.34
136.48
196.62
198.33
178.24
197.96
279.05
115.87
130.45
186.88
222.80
176.78
201.54
131.00
329.28
193.93
200.72
250.46
209.79
222.78
158.25
174.72
184.01
128.25
230.36
170.68
234.65
161.63
171.62
201.78
193.95
206.67
234.34
335.08
210.00
226.03
172.66
167.65
134.74
118.58
229.07
157.19
199.54
163.55
180.38
134.11
215.55
168.49
192.66
372.43
223.13
183.64
149.04
68.54
101.94
298.74
115.37
181.11
206.65
205.25
222.72
165.05
162.07
167.35
178.63
167.56
202.93
152.30
204.61
181.38
187.66
162.24
173.80
169.75
155.32
169.33
245.93
147.70
177.54
205.16
166.28
147.81
210.04
177.10
245.19
192.65
208.91
319.46
309.97
190.00
178.30
265.46
179.91
109.24
233.46
172.27
194.27
202.17
217.97
206.48
213.18
209.53
245.38
161.29
302.77
185.77
220.01
175.76
210.75
144.86
319.13
152.19
205.54
139.41
152.31
201.86
186.09
223.86
192.66
199.19
223.68
57.32
113.40
139.69
262.27
154.91
139.66
129.89
181.52
157.81
273.98
126.52
253.18
168.44
180.68
139.54
74.99
251.72
221.48
144.00
145.83
134.81
178.40
206.58
260.51
95.13
158.08
248.86
267.73
165.64
168.14
137.30
165.76
157.48
210.70
201.52
182.72
267.87
158.82
187.12
69.18
163.08
156.35
173.86
269.17
196.15
208.16
128.27
170.11
205.33
263.84
211.95
120.51
181.45
220.84
169.93
133.26
131.84
223.55
276.31
176.01
176.31
269.63
269.88
93.02
248.97
207.72
200.08
219.71
213.06
271.58
256.68
194.26
203.83
179.45
165.70
186.91
139.11
138.99
164.48
225.77
218.35
200.84
244.51
175.26
196.18
260.06
259.93
179.41
171.78
198.20
139.10
177.58
200.01
176.55
189.94
226.99
122.83
175.28
151.51
173.76
202.14
240.29
301.06
123.86
113.68
211.17
243.58
236.33
148.29
196.11
219.25
221.83
170.19
143.27
164.86
180.38
156.33
189.15
161.72
230.31
220.47
163.03
168.37
184.53
178.43
173.20
164.20
212.76
246.68
147.48
237.47
201.02
176.97
155.62
180.62
190.82
221.27
106.77
129.30
191.94
220.51
119.05
117.39
136.99
194.29
135.71
137.82
181.01
221.55
131.08
157.32
169.47
205.08
156.37
175.49
133.58
107.09
228.84
209.30
176.32
110.01
128.21
117.97
165.39
204.45
238.33
284.37
263.64
308.12
152.21
228.86
128.77
176.93
147.54
188.70
103.48
96.35
190.90
238.63
142.60
137.35
246.69
224.11
149.05
220.06
228.69
249.74
195.52
192.54
228.75
231.21
203.09
216.88
132.73
153.32
183.71
219.42
224.83
229.77
203.10
244.00
161.36
216.12
193.17
158.39
