27.448285
19.590416
16.579761
19.137156
18.681742
18.901074
15.415089
19.069789
20.873024
22.963896
26.648684
24.828117
18.317852
16.948530
22.517444
23.948524
18.296261
17.459882
32.853344
19.635263
18.394910
27.326906
21.935914
19.745159
19.874102
15.658716
15.022877
21.557062
19.629225
21.675118
26.802072
27.020268
28.480254
22.733472
21.848500
20.251194
44.731120
17.626057
18.323577
18.116391
37.574126
33.083912
33.082520
70.583722
18.363309
17.225049
22.943142
20.606846
20.459739
21.077983
26.730334
19.763128
22.929348
22.512797
36.005229
41.303982
20.570677
21.130990
22.448813
21.079542
21.424660
23.590322
20.873839
18.528007
32.321921
22.791242
24.386724
23.180146
25.853302
20.534524
19.969991
19.434464
19.961638
20.412840
23.048198
19.588405
32.430965
45.146872
21.327395
21.891010
22.273430
21.046802
28.748371
34.871007
30.427910
24.870404
22.230797
18.459846
18.282831
16.563079
16.258498
28.830609
29.602773
20.074252
19.558359
17.472767
21.988146
22.107666
23.868736
21.018612
23.500574
22.035673
27.085587
21.260791
17.533891
19.516937
22.485796
21.255691
17.615025
30.596307
39.481820
24.387189
19.378066
20.162436
20.809068
21.216078
24.551771
17.836064
25.935572
20.864047
24.515063
25.202749
18.537119
24.009946
19.303425
22.681850
22.799659
30.991359
26.021661
20.602176
18.780587
22.939942
20.052584
34.664152
22.117548
28.632893
15.849107
29.204726
21.177379
18.831622
18.913395
17.912133
20.587246
19.298742
19.595856
20.314750
24.672982
20.455838
22.508921
18.610301
18.494414
19.017661
21.974219
30.305450
19.905970
18.972494
26.699641
20.812589
27.552476
24.056659
28.484502
24.716706
23.475233
22.953871
19.418443
23.216886
27.324666
29.141144
17.163744
18.046024
29.714457
21.861043
35.489344
29.641421
31.159407
29.663429
22.992660
19.341983
19.051955
16.481429
30.189555
22.930373
17.261017
22.577166
19.958609
18.072157
29.438765
36.358532
26.146485
26.379904
18.083958
23.107199
35.406881
26.253233
18.962084
17.354570
19.704901
22.524946
16.481020
28.014933
22.205056
25.731692
28.148294
23.392063
21.019066
27.505896
27.276101
42.547543
42.028599
22.817052
32.218103
21.885764
20.035614
20.040315
18.720478
18.322861
18.374494
26.226779
18.093386
23.329487
20.792325
18.848936
19.082625
20.865418
19.219791
23.090418
23.530865
21.041977
38.898499
27.742428
25.906679
17.809227
21.432028
46.661361
24.375338
38.704499
28.989157
48.122718
23.370917
35.739927
33.797496
29.888111
21.650386
23.152059
18.561209
18.417759
23.626846
19.459116
20.371012
19.294265
22.307302
28.508361
16.882525
19.588028
22.085562
29.805666
30.088888
24.896399
24.400787
27.764594
20.379391
27.705487
43.466512
22.888450
27.963164
25.603007
36.409533
31.665934
19.739045
18.707102
24.745725
37.878281
18.208329
19.261481
28.339174
28.595875
16.320891
21.073981
23.132207
26.317732
23.611555
20.407061
31.120693
28.222764
19.039428
21.481747
19.857302
20.973022
27.362437
18.940305
31.363140
19.629816
20.049675
26.880434
26.832054
33.877848
24.525780
20.442677
27.355608
19.374812
47.573581
55.727165
45.015922
25.941279
29.506459
36.887502
26.711449
16.645953
26.259387
37.188864
23.306190
21.916793
21.259704
19.764903
23.758069
11.507638
26.731944
15.053153
18.326661
17.510485
17.295278
24.716246
18.668566
19.078379
22.590000
21.765897
33.774550
15.924883
18.491910
19.695057
20.529168
29.328036
21.299334
26.446026
33.856434
33.931324
29.709403
30.599647
11.445520
18.990048
20.273718
18.286610
16.777062
21.301732
24.812665
14.800209
15.039505
16.248460
14.942599
21.944536
18.213806
20.816117
18.391770
25.072005
27.708197
24.988486
26.233656
19.958069
35.489154
18.525544
20.216829
19.700510
18.513384
24.637998
38.853742
15.159633
23.608961
15.766014
16.497747
28.376972
33.650979
36.751224
18.229349
17.936958
18.050435
10.365441
21.722742
19.233112
20.557304
19.976200
26.835257
23.096101
15.159035
18.667738
16.139576
15.614230
23.282586
33.711823
16.944458
17.994831
17.095174
24.041140
19.270674
22.262874
23.356305
34.277223
22.736333
24.541706
18.167621
20.267597
19.601860
33.940151
29.055694
21.212335
25.492950
21.235323
20.659684
30.973096
23.526004
17.711617
16.928952
19.106879
18.152932
24.772508
31.723294
19.650645
18.609570
21.461474
20.960307
21.378877
20.533988
18.904120
18.216814
16.075759
16.652430
22.959796
19.133396
20.595549
29.383601
53.465525
30.325527
28.028985
23.170796
23.023302
18.589404
17.460713
31.392979
39.030535
20.817157
21.878550
26.712999
22.034204
17.451205
16.729505
39.683039
20.948339
16.966866
17.791480
25.885993
31.729512
20.167143
19.852478
19.044628
19.828858
16.657290
18.731783
19.822843
20.166801
30.600655
27.501637
22.579187
22.470216
21.261335
21.240311
21.712553
22.792583
32.457842
30.199346
32.660353
34.730736
19.456472
26.571627
12.531155
24.438161
19.204016
23.303129
19.114923
19.145623
45.118889
21.990674
10.765918
19.448255
10.998326
20.548495
21.340705
23.782345
27.019839
17.824545
17.208341
17.387453
19.268221
30.448055
30.964162
17.625239
21.543466
20.011108
22.019916
34.368223
22.642520
18.526799
16.584437
23.264722
25.893009
18.121858
18.008770
21.518513
21.408220
21.728557
18.892413
30.353606
17.546215
31.560466
19.064528
23.435382
19.163303
16.061705
33.361832
71.043386
17.462080
23.532301
29.355433
27.573444
28.839046
27.307498
21.252653
51.567842
39.446753
26.163922
24.418909
16.600772
15.548295
17.389210
18.111841
24.396228
18.552080
23.527932
20.055783
31.419041
37.787991
18.598682
15.875520
18.497728
33.314392
18.019206
19.587093
24.687528
13.613061
12.544688
14.584980
23.125352
26.550789
24.811680
25.048190
19.257258
20.978130
23.544160
21.079695
21.542379
19.033893
22.759858
19.972968
20.181517
18.917379
20.131733
19.063226
20.978454
20.904150
22.545200
21.376484
24.800963
30.282675
16.664800
22.015664
18.529502
23.004165
22.193682
22.028800
30.475186
27.293472
30.580109
28.298027
54.030882
31.939683
15.152229
19.691166
19.746157
26.378489
29.418463
27.219885
21.609180
19.252050
18.746927
23.886417
24.389395
18.824608
19.326142
17.956243
17.134908
23.080151
16.242235
16.622015
14.974097
21.558026
17.120294
18.600952
36.543663
25.707311
20.544023
20.301465
19.666331
35.041675
36.482203
15.339354
17.643931
23.126126
20.678977
23.638363
19.779043
23.573197
22.524568
17.990731
9.856909
21.693035
18.333066
19.326296
32.503852
33.161933
30.039670
17.806501
22.409967
31.617384
17.050133
15.052825
17.596474
19.633267
16.363613
32.177220
27.199739
18.741617
19.888740
29.811504
22.635057
11.032995
20.528918
22.219680
19.551701
22.932329
19.964571
17.999638
18.014578
14.657269
17.273677
18.998768
17.041320
16.514714
18.697987
18.352906
20.663559
22.539756
19.429711
17.634490
24.879323
21.489325
19.501489
17.165415
24.624358
21.489771
26.553563
18.981518
24.989634
25.838903
19.566420
24.941839
20.809386
24.967816
42.141099
20.773673
16.648374
15.168778
19.068235
16.495504
24.386648
19.884972
21.740172
25.725012
19.768529
22.598796
19.433932
24.206043
30.249374
20.453951
24.961521
64.783184
27.239058
23.820154
17.467976
32.705485
19.501845
35.274901
29.671729
33.240689
28.819645
22.541679
23.184486
21.270528
25.505374
20.135010
20.989500
21.513592
20.625191
19.599581
21.295020
25.638483
42.257454
33.344005
21.972307
16.818700
18.882195
18.338781
19.383048
15.576231
46.241257
18.084015
16.242991
22.333749
20.670960
21.964509
40.362361
34.200770
23.245968
26.892472
17.527366
15.619726
17.116711
15.603741
18.010775
24.911304
20.392484
19.063854
19.573975
18.381557
17.333928
16.259618
35.088943
27.925943
14.943755
18.226351
24.746283
25.600187
31.260798
45.129540
20.231320
21.148540
20.404266
30.785739
15.978904
22.590302
19.581766
25.200134
47.634370
20.617318
19.386018
20.959844
16.868801
19.011069
29.915365
39.587254
18.561714
18.660845
23.260472
21.362074
35.615431
20.533538
19.928942
19.223964
20.549711
19.711223
20.893233
22.479163
21.001322
15.219525
17.525695
11.534521
19.566692
52.729334
22.551114
20.898941
13.475534
24.386228
20.245712
30.982339
25.901675
20.659597
26.802955
22.249198
62.889226
57.096049
18.830643
18.717787
17.489557
20.998849
21.778105
23.030039
21.287487
19.616100
27.539832
26.179501
27.292883
32.298401
16.292919
20.792299
27.610075
18.972261
18.909563
23.263095
20.542423
36.493173
31.544180
16.624268
18.277882
18.025936
17.547718
17.196715
17.925682
29.412242
17.169661
18.340995
30.000835
18.381217
18.167165
16.696404
20.185793
16.528003
13.288676
17.379644
19.067258
18.314636
26.105227
27.494857
18.133445
28.393924
25.994474
24.236516
20.757180
27.671217
19.310879
19.938066
17.619743
29.369837
27.574235
28.800746
26.414578
16.686293
18.394748
16.837193
16.269560
19.873729
20.722976
25.167224
27.040551
21.813179
29.653039
19.959942
19.645210
19.738888
26.214295
29.836578
31.622720
27.090222
25.103125
18.674462
19.368244
18.554501
16.884367
16.100296
23.698336
18.065428
18.311705
28.272063
21.762268
30.099225
11.254482
18.747217
19.058733
22.840548
31.331759
19.450848
24.432950
23.893384
19.210051
20.535025
21.753390
29.792800
24.053279
21.883121
17.259521
18.190617
25.354555
21.382727
17.392057
16.935648
21.925048
23.145147
17.043971
15.627195
22.093952
18.271814
18.053476
19.023459
21.560493
19.609416
23.999590
23.638668
40.973531
21.715125
16.530992
16.057590
17.387932
17.635876
32.064463
19.637271
21.098898
19.230885
23.414976
20.542636
16.768807
17.943544
18.548503
17.388366
21.914093
19.975599
23.837303
23.054264
19.476588
21.439950
23.666383
38.406292
28.063793
36.650090
22.380055
17.932968
19.799116
19.026362
20.633011
31.470600
23.477045
23.870994
20.646312
35.226684
19.603476
49.678933
47.894428
24.130798
21.312904
18.100916
18.820290
16.436281
15.634140
21.600129
16.878391
31.621846
33.074307
16.447956
25.079639
18.688383
20.425960
22.629233
32.078365
45.547134
15.511065
36.177190
24.584916
11.941166
28.249150
16.213545
29.398447
22.982784
21.627770
22.844175
35.681569
34.542948
17.687545
19.881517
24.263807
20.079024
29.766179
18.926945
16.840488
24.009937
21.698929
26.946911
46.489722
14.398962
24.011585
29.221872
23.982863
24.766691
28.336858
18.200173
27.363611
20.347419
20.170826
17.996881
17.921968
18.201873
19.380949
20.305131
19.237979
21.032403
17.543681
15.388225
16.500982
24.481435
16.461060
17.588164
30.808250
16.724105
28.518058
28.207737
27.140033
21.195020
15.475317
22.189211
43.026526
24.592185
32.510818
22.615197
26.800115
23.652675
24.086630
22.931871
48.253459
21.346644
19.343471
19.720222
15.523331
16.482210
18.997798
17.975814
19.965187
47.558059
30.857564
21.886403
18.885357
16.510658
16.027042
27.195797
19.136493
22.349066
20.693207
31.425476
32.612210
26.470096
29.294372
16.636934
18.242674
19.398712
21.171253
22.718596
18.943098
23.545915
21.315239
19.446346
17.216339
21.681283
23.187611
18.579772
20.135415
35.906082
19.179578
20.878319
18.405933
26.836344
26.667284
34.069875
16.212255
30.166516
21.850568
21.266621
17.935110
25.545148
29.914454
17.969688
20.486030
34.311023
40.999084
22.911440
28.971593
20.038496
19.878540
19.086377
37.862741
35.445487
18.777362
19.025124
30.407251
40.660981
18.797691
18.938275
27.497539
35.698120
28.357176
22.945833
15.468711
17.452271
26.733552
29.626760
23.549652
28.070812
16.507064
15.763805
16.694377
41.740874
15.849754
16.838224
21.241797
29.576603
20.780266
24.497130
20.752820
20.926855
19.619044
31.776727
32.430288
19.262951
32.295959
27.675164
18.147742
19.060912
19.505879
14.902698
20.511442
23.831924
18.777663
17.021838
27.191167
39.139217
17.506964
22.580630
16.838230
16.309704
55.796026
27.221035
22.927173
33.978804
26.636640
24.304227
24.090508
19.727564
26.202308
37.855664
22.347140
19.461211
32.352249
33.634467
28.740197
16.552091
16.722617
21.200572
16.452194
29.048620
23.068399
21.853176
15.904830
13.567220
25.233220
26.415387
15.684363
19.646360
31.159148
19.586017
18.383829
20.458856
21.690795
20.889981
22.922584
19.558146
22.232514
24.090531
11.950630
16.304674
32.638448
41.374183
14.238798
15.121927
10.418935
14.594318
22.220923
22.285607
17.889515
22.594856
36.497810
10.027651
18.592953
35.668026
23.427723
22.671436
18.922391
19.111342
29.231615
24.184041
19.145718
18.480503
31.521953
37.782206
15.666942
15.309707
18.621717
14.623903
21.520960
16.608573
16.505833
15.366925
19.945941
20.733830
42.176290
28.654334
18.895431
18.088832
18.459560
16.450097
17.576413
18.293820
15.600996
17.633115
24.174203
23.601653
18.898352
18.867950
19.571524
28.031425
33.721615
41.128845
17.686671
17.888213
13.370448
38.070280
33.261554
18.640404
23.231576
21.069420
44.398349
58.067969
16.380219
14.268350
18.999908
19.093184
20.447106
31.070227
11.757995
21.369306
20.647155
22.860304
23.638914
17.581015
20.486803
18.842098
21.628560
24.334111
17.671615
19.833689
13.399281
17.971141
21.074163
22.026776
21.931980
13.238116
13.974866
11.945821
19.354069
17.561385
15.839244
19.893688
18.299336
33.481266
29.470117
21.222270
24.032680
27.241533
26.402021
20.330154
27.725228
15.075964
21.355000
22.491661
18.208174
22.240207
29.256333
19.560444
19.323894
27.525679
23.198018
16.280627
19.519888
39.736926
40.836652
24.742864
29.822812
28.305604
25.034050
20.909621
19.330421
19.109622
20.511081
25.252927
22.195446
16.813536
23.640491
25.768517
32.265355
18.686413
17.803434
22.046611
24.247403
20.651970
21.018326
20.997209
15.966521
23.426863
23.597579
26.367037
20.033246
29.350357
17.784940
27.558243
31.238902
17.883760
20.224586
18.405935
17.721671
31.932781
34.547236
19.674075
18.381890
18.565154
19.870753
19.588178
17.220912
20.124858
18.857206
20.729880
33.571247
23.616467
14.217161
23.885630
23.315058
21.134251
18.930466
18.646799
17.443149
17.213470
16.534229
28.843487
29.818558
18.428860
19.977078
18.990838
20.523584
22.201152
20.207489
19.651600
16.656805
34.538246
20.746030
20.720865
20.041887
14.657215
12.448567
24.954078
17.454373
41.124425
14.465560
23.318796
21.902053
15.602300
18.215054
21.044590
25.964846
15.661713
13.691621
22.240614
20.942990
20.849113
18.480027
24.100155
25.702400
38.603859
17.038521
15.240063
14.407701
15.683213
19.779170
22.360728
26.446179
27.792764
24.523403
18.411643
18.994826
29.790412
22.730290
24.557573
20.863780
17.369902
16.406796
10.113194
20.933743
22.380116
27.833462
22.293744
17.309110
19.954913
20.024489
21.703190
22.903971
16.246693
14.445524
24.390727
20.071930
38.986997
22.251701
28.201279
34.598807
32.556194
18.327215
17.563306
18.081846
19.945912
37.362320
20.978863
29.016058
19.907724
22.273116
21.561487
21.907205
21.001879
20.488901
16.795282
17.186177
22.021781
16.277221
16.682485
14.586275
22.406556
21.462188
18.817333
19.804836
19.184907
17.075372
32.160943
22.040649
20.244324
25.987431
17.251037
15.166816
10.882825
21.742841
17.498715
13.212785
18.334977
39.463205
40.571302
18.481288
16.371574
23.342612
23.613422
27.298869
25.061980
18.985967
21.626843
22.651567
18.866503
30.007342
24.357868
18.844442
19.710665
22.822904
19.766318
22.637863
34.727389
20.383570
22.915114
21.516550
16.802904
13.842224
14.464080
22.812595
35.025899
21.834442
16.275016
23.142413
18.616217
26.689060
32.785657
29.451003
28.949113
29.876611
15.587241
14.141994
20.046247
22.607829
20.531663
21.250080
17.369716
21.224312
21.023432
12.922265
25.950376
30.728080
15.927618
24.057153
30.546605
19.676716
16.921333
22.034442
21.346249
20.699884
21.413562
18.471087
14.859791
19.519279
18.138543
22.676799
17.133711
18.093086
17.384811
21.009529
19.685736
21.974783
19.626333
20.814855
20.989123
16.883071
23.520502
30.160689
22.146922
20.073789
31.317599
15.899401
14.024664
19.995939
17.410076
12.994890
19.435269
20.051187
22.569895
16.997129
18.386110
23.238542
21.530142
18.632467
18.365237
19.028164
21.228205
12.674966
14.973496
18.322705
14.280846
24.891020
16.901107
16.955878
16.241592
17.293602
26.870786
23.769920
30.001311
20.150185
35.878795
24.107998
26.089716
17.795514
19.009972
20.492645
13.021209
22.703237
27.343848
15.825458
20.293903
10.377734
18.168175
15.752591
19.046155
21.029027
20.314822
17.917236
15.613015
18.301946
18.572005
16.010116
16.604801
30.013086
41.002486
20.648495
16.674152
14.389691
21.004210
26.553737
23.764961
21.234812
20.947097
17.920184
17.179995
25.753972
16.778030
16.796941
20.702380
16.039843
17.937399
12.328085
22.905682
27.423956
19.861942
18.855360
16.941997
18.144835
16.896803
17.075844
19.010339
19.553493
18.920914
18.958312
16.047518
15.398321
16.356266
18.568528
28.145919
30.396433
48.570233
18.014983
17.243061
21.905079
17.203897
19.947632
20.014988
17.401288
16.373707
23.192970
25.950409
21.233618
38.434185
18.302697
23.404464
19.001593
16.076173
17.939194
17.530940
21.179153
32.595460
43.795863
18.235052
15.992577
56.272690
32.863277
20.344406
18.104913
22.561565
24.539300
23.680966
20.245286
23.941865
22.778581
15.521941
21.877725
15.451565
29.523168
23.571525
16.490060
22.179629
29.195238
23.459824
23.654658
19.686411
17.772718
16.496026
32.082234
13.866076
22.937467
15.234824
16.773130
23.722324
19.075705
16.944823
19.151666
17.418081
20.675049
23.506362
10.271528
19.367090
18.181260
18.681323
16.520019
18.345293
17.168198
30.410027
22.137587
18.625909
15.990986
16.006626
18.616893
22.701144
13.020801
17.778063
19.179107
24.113481
26.431316
17.498925
16.264618
20.836272
20.423036
25.465961
20.202079
19.347429
17.886216
20.190021
18.327801
24.417710
19.140049
21.707494
21.662444
20.243785
24.735444
24.467801
17.777863
25.441752
21.762848
16.459718
18.733114
19.703409
19.518485
20.713840
16.031198
20.746372
20.545789
20.005862
24.762356
24.241078
19.098663
15.899669
23.347275
24.285509
27.394103
19.007146
18.163600
25.810488
69.084113
32.685453
30.074198
12.123215
15.065114
24.643885
30.014396
14.126187
20.265682
19.084330
17.043529
15.741943
17.387155
16.678060
14.265225
21.638970
16.235832
20.605373
19.112233
27.242260
34.583633
21.890832
25.984727
16.022034
21.536294
16.972119
21.488404
19.506984
20.947837
18.987236
26.249980
20.826296
16.603402
25.033252
25.529678
22.123787
16.110175
18.109142
18.219900
15.874746
15.509099
33.378614
10.757718
39.498512
56.248551
22.043298
16.838094
18.897165
15.590267
24.004632
22.158688
18.127845
27.062299
17.358466
14.381769
16.081655
18.506806
15.642611
15.047528
13.173590
16.025956
17.466145
28.376090
24.591774
23.572328
18.161517
21.353314
18.107463
32.615213
28.535848
35.622508
29.030201
17.360266
19.581294
18.471139
35.867378
24.843731
17.822017
24.302106
20.818297
20.317584
21.134819
25.060967
30.035179
29.502977
27.341033
21.394738
18.869689
19.972954
29.281417
33.502212
17.043075
17.303279
29.354245
17.024156
10.326205
19.720404
19.221779
20.825347
20.570601
16.467967
17.669504
19.818809
29.163846
22.012308
20.405974
28.026384
22.601784
25.885274
19.271792
19.589009
21.681184
33.499318
26.509587
31.444806
19.044368
17.636934
21.588196
20.718662
19.905773
29.725057
33.806654
20.839488
23.677531
23.062227
14.977998
11.846576
23.183705
33.511087
20.912188
19.244693
19.804355
18.621938
34.002292
13.413381
9.809930
43.989627
17.455046
19.832447
27.903163
21.045468
33.427694
18.354845
19.907501
21.344809
18.146166
18.512287
27.043090
24.687184
19.477466
21.497652
22.472043
17.063913
21.197525
16.417391
20.189942
21.920168
16.752864
15.689670
20.917865
23.108547
14.816921
21.108267
19.922558
15.995088
18.023891
18.795704
16.177410
24.527076
20.631593
35.965455
15.222785
23.503848
17.389248
26.908979
31.522360
34.855973
27.494062
22.830987
17.903966
18.452615
15.320615
27.850654
18.876844
19.037319
29.200246
42.656099
35.835178
21.058491
21.280128
24.702019
23.386271
19.022121
26.634088
27.112074
26.405084
21.535443
25.576940
38.063863
20.627659
20.461630
20.393468
16.050970
14.925377
20.151932
23.082807
23.444977
36.717739
49.126006
42.562230
32.687940
22.159013
29.894091
28.978279
34.441286
17.222991
17.271933
21.929234
20.547706
18.454014
25.112729
15.233412
16.656282
19.690657
16.186400
25.848879
37.807942
18.297576
17.075548
19.541027
19.997242
22.397595
19.156033
22.563489
25.441401
18.194479
19.115775
17.970284
20.360534
25.684864
47.749379
37.028757
24.429461
22.418791
19.107991
27.398888
22.805175
21.515090
17.248188
16.929053
23.361006
26.833320
35.301297
25.827804
20.668124
19.814316
28.298613
23.069632
14.428830
27.178812
26.093681
17.902377
17.393997
18.680530
23.633946
45.665701
19.423503
18.890961
15.448399
14.566747
21.883896
23.203129
22.598411
26.218433
14.849880
28.550266
20.154052
19.329260
19.573676
22.287425
22.667416
17.747578
16.920761
19.840584
15.023243
13.974254
18.800375
19.722648
21.753220
26.371364
27.747593
38.745575
19.201104
17.873970
16.415949
24.896438
20.408702
23.029691
18.385805
16.922320
16.443260
13.230677
17.436043
19.987232
22.118276
48.933907
26.730920
16.245189
45.389585
17.965379
15.611262
16.550514
16.821575
25.125764
32.729755
34.203148
30.200682
21.143066
28.459816
16.875213
17.814552
30.046086
29.374729
20.525299
20.891437
24.673385
29.571930
20.881559
20.963914
20.292672
17.272226
22.234056
25.488541
31.174562
21.773325
18.349266
16.733540
17.084180
21.486632
12.490966
11.387876
17.198039
15.786388
18.529553
16.418643
28.292225
21.299913
20.086499
18.555471
14.083565
16.547488
15.600930
15.267434
19.493210
14.234773
19.180450
16.291793
30.029898
21.916256
34.934864
35.562488
26.405696
20.281175
24.010286
20.620426
22.279059
20.465613
18.834311
18.012374
21.777828
19.783550
19.453797
19.361739
51.072372
32.297301
27.198939
12.149922
22.539325
30.190327
30.286212
17.594718
18.669866
15.012190
26.205760
13.847155
16.437948
15.831468
21.103719
49.825211
15.399721
15.099230
28.245815
30.200746
23.613536
23.063169
21.573493
16.257557
30.969408
16.723001
16.181558
17.632436
21.284381
19.457303
22.473299
18.051584
18.485734
22.481230
24.004601
32.598117
20.706073
16.779005
16.127714
37.770215
16.931477
21.450405
14.428715
12.773695
18.792871
15.732713
21.629048
17.235813
26.836000
24.012765
21.156280
40.015843
18.377031
22.797157
28.596528
25.172978
23.506946
15.422565
15.138789
25.412745
22.337149
17.637780
15.076039
53.848293
25.937411
29.030437
20.892962
17.233357
20.653969
19.874523
20.736839
15.461588
18.965461
18.280351
23.461586
22.469584
28.999046
28.400620
20.738702
16.337840
14.649348
27.331166
17.236203
19.622913
18.659389
18.915188
18.773063
27.346232
18.968161
17.262831
21.212504
16.860914
19.849839
18.369442
19.539619
16.139953
29.028013
30.942039
24.307720
20.760792
14.823042
14.822077
15.581234
29.253342
39.030517
21.982080
19.779857
14.120463
31.131300
26.523020
18.349565
17.387168
16.896422
28.340997
22.352880
37.116840
41.763812
22.861130
25.017543
14.987360
21.659047
27.694087
18.233649
18.825157
17.867399
19.380574
19.958735
16.795201
17.226211
21.938016
18.401218
20.935278
21.325125
20.371953
23.088715
19.908351
19.335763
29.962472
28.902802
27.213799
25.625708
31.021119
30.315840
26.249629
22.508667
24.879454
27.034247
15.768993
16.002333
32.947990
22.653675
19.566937
19.939101
21.939634
22.188998
26.015623
32.951075
15.910911
19.959331
20.774701
39.173595
21.603944
35.213691
17.550721
20.345408
19.521590
16.001174
19.436763
14.802039
19.610447
17.081339
23.309803
17.415874
31.472607
19.845208
35.250931
40.557307
26.623115
21.147984
22.390961
36.861479
15.486570
16.792882
33.477129
17.909937
16.234905
16.324393
34.078751
30.130434
24.915010
19.032004
16.330419
15.323209
41.825658
33.459369
16.170429
15.739034
17.875106
15.304968
16.257628
15.132897
20.418692
20.966337
22.174356
38.896499
