0.96
1.04
1.05
1.06
1.07
1.08
1.08
1.11
1.13
1.13
1.15
1.15
1.16
1.16
1.17
1.18
1.18
1.18
1.18
1.19
1.20
1.21
1.21
1.21
1.22
1.22
1.22
1.22
1.22
1.23
1.24
1.24
1.24
1.24
1.24
1.25
1.25
1.25
1.25
1.26
1.26
1.26
1.26
1.27
1.27
1.27
1.27
1.27
1.27
1.28
1.28
1.28
1.28
1.30
1.30
1.30
1.31
1.31
1.31
1.32
1.32
1.32
1.32
1.33
1.33
1.33
1.34
1.34
1.34
1.34
1.34
1.34
1.35
1.35
1.35
1.35
1.35
1.35
1.36
1.36
1.36
1.36
1.37
1.37
1.37
1.39
1.39
1.39
1.40
1.41
1.41
1.41
1.41
1.42
1.42
1.42
1.45
1.45
1.47
1.48
1.48
1.48
1.49
1.49
1.49
1.49
1.50
1.50
1.50
1.50
1.51
1.53
1.55
1.55
1.57
1.61
1.61
