0.61
0.69
0.69
0.69
0.71
0.72
0.75
0.75
0.75
0.77
0.77
0.77
0.78
0.78
0.79
0.79
0.79
0.79
0.80
0.80
0.81
0.81
0.82
0.85
0.85
0.85
0.85
0.85
0.85
0.86
0.87
0.87
0.87
0.87
0.87
0.88
0.88
0.88
0.88
0.89
0.89
0.89
0.89
0.90
0.90
0.91
0.91
0.91
0.92
0.92
0.93
0.93
0.93
0.94
0.94
0.95
0.95
0.95
0.95
0.96
0.96
0.96
0.96
0.96
0.96
0.97
0.97
0.99
0.99
1.00
1.00
1.01
1.01
1.02
1.03
1.03
1.03
1.03
1.04
1.04
1.04
1.04
1.04
1.04
1.04
1.04
1.06
1.06
1.07
1.07
1.07
1.07
1.07
1.08
1.08
1.09
1.09
1.09
1.09
1.09
1.11
1.11
1.11
1.11
1.11
1.11
1.12
1.13
1.14
1.15
1.15
1.17
1.20
1.27
1.27
1.28
1.28
