10.77
11.23
11.44
11.67
11.82
11.83
11.86
11.94
11.98
12.17
12.25
12.29
12.30
12.31
12.40
12.40
12.41
12.53
12.54
12.59
12.62
12.63
12.69
12.70
12.71
12.75
12.80
12.80
12.86
12.89
12.89
12.95
12.99
13.06
13.06
13.07
13.18
13.26
13.38
13.41
13.49
13.49
13.55
13.56
13.60
13.71
13.72
13.73
13.75
13.80
13.81
13.81
13.83
13.86
13.89
13.90
13.93
13.98
14.00
14.06
14.06
14.10
14.11
14.12
14.15
14.15
14.18
14.19
14.20
14.20
14.20
14.25
14.27
14.29
14.34
14.37
14.38
14.41
14.52
14.55
14.61
14.62
14.63
14.68
14.71
14.75
14.78
14.78
14.79
14.79
14.82
14.87
14.88
14.89
14.90
14.94
14.99
14.99
15.00
15.08
15.16
15.22
15.23
15.30
15.35
15.36
15.41
15.42
15.42
15.60
15.62
15.76
15.87
15.90
15.94
16.04
16.16
