10.77
11.63
11.70
11.86
11.90
12.19
12.26
12.65
12.66
12.68
12.71
12.73
12.84
13.01
13.04
13.14
13.19
13.19
13.19
13.22
13.24
13.26
13.27
13.28
13.28
13.31
13.32
13.34
13.35
13.37
13.38
13.41
13.43
13.45
13.46
13.47
13.49
13.50
13.52
13.56
13.57
13.60
13.63
13.66
13.67
13.68
13.71
13.71
13.72
13.72
13.74
13.77
13.77
13.80
13.84
13.84
13.85
13.85
13.91
13.92
13.94
13.95
13.96
13.99
14.00
14.02
14.04
14.06
14.10
14.12
14.12
14.13
14.14
14.18
14.26
14.27
14.33
14.36
14.37
14.39
14.39
14.41
14.45
14.48
14.50
14.54
14.55
14.61
14.63
14.63
14.70
14.74
14.74
14.80
14.82
14.86
14.87
14.88
14.91
14.96
15.03
15.14
15.19
15.25
15.27
15.30
15.33
15.56
15.59
15.77
15.80
15.85
15.90
16.00
17.19
18.03
20.12
