2.42
2.70
2.72
2.73
2.75
2.78
2.79
2.80
2.81
2.83
2.84
2.84
2.85
2.85
2.85
2.86
2.86
2.87
2.87
2.88
2.88
2.90
2.91
2.91
2.93
2.93
2.96
2.96
2.96
2.97
2.97
2.97
2.99
3.01
3.02
3.02
3.02
3.02
3.03
3.03
3.04
3.05
3.05
3.05
3.06
3.06
3.07
3.07
3.07
3.07
3.07
3.07
3.09
3.10
3.10
3.10
3.11
3.12
3.13
3.13
3.14
3.15
3.16
3.16
3.16
3.16
3.17
3.17
3.18
3.18
3.18
3.20
3.22
3.22
3.22
3.22
3.23
3.24
3.26
3.27
3.28
3.29
3.30
3.31
3.31
3.31
3.32
3.33
3.33
3.35
3.35
3.37
3.40
3.42
3.43
3.44
3.44
3.45
3.46
3.46
3.48
3.49
3.51
3.51
3.52
3.54
3.56
3.59
3.61
3.62
3.79
3.81
3.84
3.89
3.90
4.19
4.40
