10.56
11.67
11.90
12.00
12.12
12.15
12.36
12.51
12.69
12.87
12.91
12.95
13.03
13.03
13.03
13.12
13.21
13.23
13.23
13.24
13.25
13.26
13.28
13.32
13.33
13.34
13.37
13.38
13.46
13.47
13.49
13.51
13.53
13.54
13.60
13.62
13.66
13.67
13.73
13.74
13.75
13.80
13.80
13.82
13.82
13.84
13.88
13.89
13.90
13.91
13.91
13.92
13.93
13.94
13.95
13.96
13.97
14.02
14.05
14.07
14.07
14.10
14.12
14.12
14.12
14.13
14.15
14.18
14.18
14.22
14.23
14.25
14.26
14.26
14.28
14.32
14.33
14.42
14.43
14.44
14.47
14.51
14.52
14.53
14.54
14.54
14.56
14.62
14.66
14.69
14.70
14.73
14.74
14.81
14.82
14.91
15.00
15.02
15.02
15.11
15.11
15.14
15.16
15.20
15.44
15.48
15.49
15.52
15.55
15.61
15.61
15.68
15.84
16.38
17.56
18.42
20.36
