1312408.358030
1400363.261790
1623575.148042
1430514.779900
1688255.289152
1338445.939734
1668575.767052
1778633.277570
1738435.013212
1344413.301371
1348369.753361
1653677.185704
1640138.869352
1609136.626762
1341451.172985
1464035.982117
1342244.471252
1864665.169606
1328604.266247
1649800.000267
1580049.977196
1693495.109637
1347998.489860
1520573.282280
1410948.985823
1909556.827018
1036601.325430
1728404.755168
1090220.958021
1501072.543028
1354581.624328
1706408.907344
1818123.493486
1451059.001470
1490514.857125
1301295.783746
1754841.234458
1774974.138941
1700715.630535
1690946.372643
1489532.199596
1515841.494083
1411591.271751
1764199.626392
1482990.295659
1672542.152732
1360042.801956
1408728.531901
1406867.538093
1375595.077932
1529927.923527
1443295.586479
1801224.312960
1548101.680892
1667754.313864
1715631.649880
1353867.778635
1898569.334631
1499896.797830
1730567.117075
1557261.061221
1896593.083351
1405068.594160
1564689.084932
1490322.244895
1436193.153498
1538245.248249
1485743.480666
1621990.604112
1570951.875377
1412313.474754
1684176.972270
1834338.462874
1302141.261814
1364534.308329
1405000.583037
1446604.245339
1539781.300731
1660503.423293
1777784.621539
1293473.763930
1724517.209870
1700448.233185
1677101.244046
1446308.626464
1749071.390157
1823895.092500
1614017.604225
1403440.914522
1529106.071469
1780448.433126
1461446.098124
1657500.009022
1487383.381745
1710922.582356
1708862.431994
1468896.059218
1367862.657797
1489770.646307
1241485.158640
1592432.669694
1433216.664256
1544663.238850
1672747.935762
1448968.029533
1360904.486378
1650119.016559
1643973.371976
1548533.406529
1530566.287455
1859862.073946
1613917.820082
1410897.092227
1428324.991024
1637779.770903
1551680.688704
1695222.866508
1502836.165962
1569779.657581
1321727.656273
1816387.601943
1502056.408854
1906689.424860
1739682.726429
1457232.480103
1425040.795249
1423117.396988
1403698.287708
1633995.802343
1672421.308763
1469223.175648
1577350.713364
1603111.674413
1461237.667339
1395962.001820
1732569.562059
1417186.602156
1533129.250346
1427380.083115
1600271.992758
1490482.502404
1539903.905366
1711789.273717
1420270.466354
1386753.659637
1692245.102710
1331383.491153
1626613.318132
1546438.789611
1798817.340792
1636008.180738
1822827.423211
1491108.774927
1529299.823575
1412234.508830
1554010.286130
1454643.023758
1485603.282752
1552385.706187
1802793.296511
1615219.170015
1700199.492897
1663732.319699
1320902.255486
1666797.313489
1606039.262063
1638207.625668
1656741.320499
1797056.444052
1799876.884263
1538612.966501
1778341.593730
1465325.500441
1438361.575706
1304974.143227
1501505.334820
1625625.474955
1372042.512968
1803349.733352
1417401.217908
1650302.152652
1441369.538653
1608755.335786
1574449.476489
1323596.571558
1382290.647796
1701714.468438
1732690.987803
1826360.301778
1514506.347857
1892171.877306
1558015.274828
1312291.059698
1750668.939963
1592238.104951
1402551.383846
1542540.485943
1743219.787924
1129776.672160
1881070.692586
1560106.389617
1726250.707897
1521041.885453
1592767.916651
1557503.428583
1609212.209415
1524067.356370
1390694.929425
1478967.262820
1362773.856464
1347590.424977
1712439.330358
1457667.531483
1511576.422261
1470254.869447
1482383.059222
1642242.163646
1490567.334576
1495324.093210
1342660.666677
1551601.279880
1618178.207913
1666143.049039
1669030.604613
1354500.561998
1697026.579001
1473420.832387
1552405.909519
1360243.175285
1652905.942210
1825074.276192
1659412.495697
1598165.665202
1584196.477312
1428341.969380
1718742.974528
1483571.496661
1716964.080896
1641852.612156
1566257.864902
1784786.470448
1461275.036760
1740928.708134
1518563.451200
1383701.815593
1821703.734677
1510799.443348
1705251.866032
2075715.121042
1732250.739773
1287669.114119
1582256.308195
1795175.534538
1707223.766021
1372838.740039
1789544.402097
1795123.277524
1455578.876040
1475229.234425
1717049.771897
1596582.418437
1362344.532476
1889261.612979
1702995.013685
1795390.313230
1456640.567226
1639765.123040
1666742.743494
1761432.848314
1653161.605546
1671264.248092
1306515.113837
1587402.035101
1495723.183896
1548417.346519
1588295.020063
1495599.163774
1831951.485205
1317539.230250
1534614.024729
1565799.697919
1400747.004875
1326187.595487
1412571.548636
1698042.259556
1580276.415348
1492411.827922
1628778.953960
1912008.626258
1834358.641301
1501009.672438
2005479.277693
1775446.211199
1528803.378436
1395204.126631
1429404.293335
1336832.491798
1691178.411277
1471212.116091
1638459.747593
1198160.822348
1584160.388418
1702103.163227
1480793.473272
1759933.295767
1543978.782909
1621813.858274
1783947.123621
1599801.856754
1440916.589562
1411778.095329
1769479.564500
1919921.273153
1866564.749649
1569865.009827
1399145.128822
1502206.081541
1368869.915201
1752304.358630
1455653.168680
1581860.545317
1454870.300682
1368621.944875
1820844.936226
1458665.347336
1532907.781300
1507719.946917
1699694.805669
1620124.163681
1515130.780883
1595693.025136
1372650.434464
1971214.393218
1744102.020517
1752865.970605
1536711.534854
1558491.934210
1552646.472804
1777208.090648
1834622.031078
1624802.299877
1508637.198401
1522231.035027
1332995.656639
1479547.859259
1396512.778954
1490042.998017
1697469.555456
1614949.731034
1342541.317699
1478655.326961
1393604.556340
1547268.543238
1554754.845006
1418978.656875
1498774.987859
1797694.177814
1481920.231026
1782558.909398
1667645.902986
1443578.752957
1755620.780145
1529382.691200
1625622.564169
1675197.589518
1580787.591238
1581664.268938
1537627.373632
1780774.766807
1487143.127225
1618545.543836
1350558.774381
1428010.589859
1366211.932254
1502110.806731
1394714.133142
1361765.561235
1593017.736344
1429086.542519
1713236.071451
1548154.185115
1626607.651399
1521502.277980
1605435.760991
1466663.888327
1710676.319781
1374659.882808
1450839.740371
1689340.298911
1582726.150675
1665897.280351
1588859.130008
1406687.944995
1377724.891388
1451722.341078
1663244.645712
1744915.275883
1562202.378502
1712680.715982
1538038.221595
1975591.174636
1399887.625929
1727033.525654
1774282.875191
1394802.937524
1691765.967158
1361304.099219
1399983.686725
1779986.493328
1507939.623761
1440959.406736
1671480.829241
1899857.024626
1667383.698845
1521946.365392
1452204.048162
1365447.101623
1868259.293933
1478944.241176
1687033.378988
1557945.167503
1647037.473456
1836521.333084
1390711.616706
1534476.843729
1298362.773226
1541672.306681
1603474.718372
1891701.612176
1434652.795207
1412868.682314
1627144.385171
1463774.496024
1957225.407375
1657623.414087
1627779.723870
1704813.177870
1470470.379486
1453113.505615
1437913.804389
1833823.239793
1444846.905252
1506801.587181
1366488.166654
1565778.394350
1523299.921238
1376417.113469
1439771.634722
1574853.225250
1350122.052596
1678119.399472
1691435.898188
1495797.660607
1461828.223145
1512094.339331
1618484.149308
1606302.420069
1548956.710782
1585577.382128
1579466.609802
1861620.594794
1492185.887647
1652744.625735
1534346.313997
1502522.370084
1752058.062128
1295770.520191
1342894.352080
1369245.194160
1342201.035941
1859484.954764
1408086.663999
1590916.355500
1546277.832390
1386419.063479
1576287.211366
1384739.584069
1602915.434886
1359700.379503
1428650.646345
1544094.324369
1559615.346212
1464981.730773
1524656.171313
1607388.009240
1424709.579253
1495637.216326
1408385.433646
1598863.820842
1764971.307583
1376629.646855
1397282.231955
1810233.519200
1463182.497968
1312631.208838
1561865.543240
1626415.653463
1525130.283774
1274319.110037
1921327.322705
1729291.632168
1664353.671409
1506382.538799
1506212.735720
1470475.804434
1419619.149850
1774301.946614
1448104.428678
1511594.598596
1508148.229922
1697072.575745
1605957.190826
1383625.313783
1532952.788984
1676450.045686
1523365.667050
1798454.078764
1795138.855712
1456926.137291
1371241.110745
1516433.115429
1380286.474708
1478990.820592
1499331.624971
1779715.297833
1380396.654629
1587325.866235
1549014.411976
1779328.323460
1578271.290179
1403985.789297
1372398.672342
1759514.333149
1524016.899557
1420429.098522
1543915.913445
1344759.906882
1597485.140318
1586347.730966
1470102.105937
1568382.769222
1457162.573750
1448823.382291
1474529.475476
1423367.037240
1442495.391122
1693562.502501
1631942.572722
1405147.968928
1383933.715786
1532053.711696
1369912.418478
1641714.556314
1379217.884914
1661218.108514
1300496.110818
1537249.136145
1558852.148066
1296154.071858
1588314.933903
1582299.970638
1432177.535779
1501894.895230
1567042.157884
1494609.246354
1501486.434621
1439940.109011
1444649.439715
1537976.269208
1447645.185668
1435461.963177
1476792.343590
1421419.714807
1434657.077450
1404475.802158
1485937.883593
1672475.053075
1308039.730371
1480329.759647
1440527.666991
1450910.200725
2025091.687208
1428243.725214
1678062.879434
1463320.199286
1871067.459314
1458953.144692
1399562.843819
1388577.006938
1691064.133916
1688962.472847
1835412.654436
1795503.344143
1486818.128891
1535774.703808
1692956.159749
1416184.570723
1565942.686871
1427375.096162
1370528.683071
1552299.589852
1736819.830909
1735858.836089
1783906.812766
1600915.372004
1741686.658188
1720627.909561
1436548.167822
1498791.757937
1323068.805065
1508192.630543
1703812.476490
1600548.626342
1547693.647971
1526306.734513
1501454.843380
1732078.521715
1552502.951831
1930768.093763
1770153.667724
1556991.028471
1689828.545381
1357929.351371
1691793.464125
1837520.806208
1375835.735907
1567274.201955
1546281.197516
1808542.475887
1576355.938082
1686630.124138
1428129.394512
1376594.857848
1399342.811377
1607684.664425
1984218.260089
1787867.910551
1871069.387369
1469516.740380
1544790.418916
1293250.819936
1526499.207457
1430455.552131
1824766.551519
1825711.045448
1522143.694772
1501015.462930
1540178.349327
1560612.645668
1388396.390966
1812614.864339
1620281.584579
1436797.110742
1556614.177818
1483212.921119
1412665.816726
1691034.385835
1372322.032343
1538180.383554
1433232.125022
1611286.607548
1653525.757144
1507880.350619
1402302.493221
1389045.222745
1696460.019106
1742758.747915
1528449.911474
1508558.652481
1799726.831918
1379414.750077
1448763.270974
1942553.404678
1646088.840043
1460228.501588
1475999.510145
1991632.407390
1496374.558621
1607074.236876
1633334.217182
1588702.658605
1832222.811939
1589536.652944
1611587.564372
1692266.131326
1308184.229905
1703655.279472
1704422.000140
1480659.574139
1656637.863348
1385747.887654
1490413.719302
1464123.995688
1908663.599664
1360034.199677
1406685.402199
1724271.384887
1390916.275580
1683815.851960
1466956.431107
1569804.387665
1699324.880307
1621057.891874
1631130.572257
1613661.721422
1445484.502291
1616858.649778
1781706.115476
1731669.411667
1654338.274356
1671623.252960
1592193.116683
1442513.217364
1645417.759351
1486165.179305
1690535.648931
1453451.985795
1497836.050217
1536372.312525
1458148.248658
1571609.674841
2033452.706181
1721448.791892
1469232.289980
1460496.292696
1500010.379201
1644905.991196
1706212.929697
1480496.325094
1548340.911943
1684082.555853
1572197.234586
1255234.952963
1472047.547600
1554549.118138
1180835.998139
1723253.713259
1721563.222962
1356592.758914
1709236.343145
1685723.505205
1598070.331812
1583556.028694
1643481.509053
1503807.400325
1824823.808980
1741858.750001
1305056.368570
1661171.164162
1667506.197979
1455282.040490
1926273.270421
1470339.795879
1475829.556643
1323668.508986
1400938.054562
1704447.065693
1604157.365118
1542307.119464
1625190.428168
1312485.409045
1761603.547510
1570581.369248
1619527.366631
1313744.275562
1457834.367893
1450914.065293
1740733.436506
1448218.129891
1421041.491719
1467129.615586
1780190.865331
1441173.276593
1417046.141473
1435399.173068
1583461.202821
1722440.912481
1402008.343336
1313781.346925
1673525.814564
1287091.746419
1531319.395801
1586613.101208
1515887.473772
1485966.798450
1509387.278068
1319650.846433
1691944.275489
1616399.023433
1898879.288926
1493710.197241
1529775.683271
1629432.629084
1408779.294526
1852739.460191
1572840.636756
1706448.821037
1500830.189344
1281729.319256
1791492.470625
1525934.187812
1578898.775109
1494516.709523
1603704.301103
1341354.388711
1789453.674075
1269303.667112
1772464.306611
1360426.393074
1575195.230821
1330919.082386
1440495.795320
1852191.597336
1781526.254560
1439681.958541
1631161.017867
1300653.026819
1509009.009829
1573378.066041
1644471.983167
1540442.000510
1651849.515631
1390617.889085
1667803.673564
1530503.788817
1627192.828482
1483819.625208
1556733.101138
1681358.937551
1561602.118683
1559018.411019
1668393.833300
1526462.134819
1783533.196435
1411441.312102
1661858.877018
1724403.659495
1647032.327515
1756074.120982
1514875.581553
1451708.413223
1657185.022739
1583773.342457
1413707.754831
1416589.191800
1782807.827172
1511074.369001
1558014.235055
1672617.303893
1718191.450377
1366386.593545
1436564.079401
1563626.573977
1533499.850745
1682334.122633
1504064.005720
1282280.151678
1456231.432327
1565572.589724
1477678.752728
1394451.714434
1815883.622759
1409573.513484
1496303.449572
1702828.385922
1676088.105274
1389146.650114
1735007.393782
1412390.984672
1547490.957741
1227567.204989
1853947.624738
1483426.052713
1436467.100016
1616537.011822
1631104.035031
1581866.057682
1362962.417335
1470113.611694
1827609.918861
1841041.649063
1497930.646206
1519237.982977
1710606.662725
1699673.768805
1829931.900223
1824813.824324
1421788.861765
1729217.157307
1612527.228115
1647290.660266
1477298.713756
1869705.960117
1801390.103431
1660231.484620
1662315.808664
1635830.495632
1465246.670062
1671716.790501
1567847.693555
1873181.061983
1388173.841402
1439567.564693
1652099.340546
1840978.806694
1512306.895693
1631814.162587
1435353.659977
1419962.561868
1426696.696843
1378989.307783
1626215.447576
1415240.209255
1829685.424301
1690158.861289
1690058.354687
1446204.183722
1370965.021838
1541890.932889
1680787.230509
1767216.063194
1407426.834915
1588785.756065
1569279.643741
1450004.012908
1571404.147780
1347601.648736
1512165.418021
1562762.748564
1581951.044828
1657459.326365
1662120.529661
1319376.284926
1788911.849010
1442321.735652
1884001.585473
1447080.126649
1822195.304885
1776706.492211
1809025.566118
1363026.987841
1868608.785220
1516885.934554
1431206.592704
1474615.694843
1637793.066170
1417277.062269
1310876.385672
1736736.769595
1288310.677369
1493766.586534
1510420.746265
1439154.148311
1382403.837565
1233924.139424
1508350.071993
1985032.187306
1919598.774847
1690954.596151
1426534.918371
1496963.831677
1604038.013490
1696552.482056
1531580.883708
1854817.308821
1770943.809563
1400805.959338
1624228.687947
1443901.450806
1514649.246619
1889008.941055
1461075.798807
1608439.446329
1602359.840823
1624006.263966
1713949.602145
1679072.369526
1525885.032073
1644119.416863
1685891.150135
1713253.673470
1530219.599074
1677103.653645
1867055.874408
1481167.123544
1510265.803313
1577438.870381
1587891.756490
1532587.627194
1493664.187824
1568991.417581
1785031.916187
1603390.234628
1348838.629327
1616926.160415
1211742.061523
1640816.688085
1633571.450851
1461764.674310
1067433.281504
1651491.442594
1668229.820305
1747093.210439
1528275.097269
1781431.677050
1455235.905749
1865201.277554
1946673.715862
1493593.063116
1579894.624994
1275442.380499
1752622.335666
1522851.070200
1636923.911654
1543761.168434
1612900.757960
1574548.687548
1516807.512880
1600788.191478
1422136.913469
1640194.674367
1502155.266805
1454829.631674
1811405.739965
1698207.069545
1550177.132842
1753942.835664
1830016.122927
1468745.426000
1441356.952888
1729423.946084
1645902.659330
1640899.724799
1814396.528004
1529373.530952
1752522.156691
1556859.606856
1346528.348212
1704563.514628
1661895.888765
1465460.057215
1688562.308252
1447662.498206
1658179.132610
1310634.473644
1463616.521868
1438855.738571
1651044.778475
1623886.038343
1411681.018943
1247774.182492
1523016.271124
1642708.515464
1886920.709743
1433518.775244
1375558.720189
1617704.219258
1691064.658891
1433962.303144
1344716.197970
1736905.853889
1427921.000265
1655014.641376
1733664.110334
1359219.287931
1710442.301721
1522103.997970
1662847.098251
1648598.674923
1656062.702608
1374456.164729
1725558.421157
1534575.548171
1631134.968077
1431098.680000
1541143.961539
1354923.045862
1563365.845441
1384841.087722
1482483.110042
1642309.830138
1528172.914517
1645366.568206
1390854.244204
1478349.540801
1544607.467286
1435359.333196
1290451.944218
1641073.733743
1841465.687916
1440775.323641
1506886.619806
1468169.186083
1738200.734666
1735160.481207
1395087.401932
1512286.742954
1401527.262324
1444914.868362
1687229.678542
1808531.467720
1757178.361221
1462359.582036
1498016.053718
1344010.388343
1425347.425287
1409220.524772
1394574.878264
1500472.867361
1524240.640551
1726644.855756
1815286.959927
1534246.486706
1613998.794130
1334030.603912
1636221.453824
1494708.356850
1241754.391907
1702302.808301
1627320.188202
1660428.175764
1810547.393934
1773443.753357
1537859.036526
1445576.565170
1501390.837255
1855501.972116
1343546.850792
1833358.490633
1653627.989296
1581422.282212
1580560.089365
1717232.908707
1411014.893756
1361607.167825
1521443.491962
1509676.333643
1299141.646634
1741476.741085
1411832.615183
1562776.497696
1503783.045356
1712521.698919
1611608.066577
1290977.665081
1589814.691008
1480354.567745
1612308.633487
1536546.961535
1424453.011361
1517299.718473
1670814.171362
1677328.637404
1479255.495552
1657636.192773
1365431.813745
1460501.644299
1752752.792248
1242037.901656
1490123.703880
1503107.786017
1809226.445832
1474161.293890
1583090.754278
1665382.029990
1773814.116797
1272072.949073
1618365.541219
1793562.885994
1429727.689188
1358539.848683
1638544.517409
1435777.005305
1606529.970490
1464953.364174
1531329.153351
1592029.008627
1727561.521000
1528838.276435
1513727.616657
1720781.187796
1715766.385157
1603045.312402
1554875.851438
1510373.841260
1752547.717218
1438790.244378
1311590.341463
1680249.427039
1384553.865045
1584232.107110
1270993.560952
1385572.118578
1512453.858989
1747546.642416
1611407.675923
1380375.783219
1427459.629722
1451055.522663
1937433.565713
1374259.209890
1510977.965995
1682030.402766
1531430.897562
1529102.923761
1686598.268955
1482814.288500
1652570.472728
1461417.868279
1592876.126003
1638152.776843
1604769.518070
1454255.845309
1505746.702963
1391536.656811
1831528.942468
1247128.756621
1465350.465163
1459107.377873
1582614.411377
1369182.442186
1529298.678662
1612701.478070
1635044.231760
1700091.775200
1596457.173068
1652561.114296
1835414.715851
1654112.885708
1464332.988330
1446814.670524
1763492.178455
1411240.074879
1560908.983158
1679937.133695
1866902.303511
1746939.504272
1564609.687318
1473227.831257
1313140.233316
1508959.127141
1772533.324849
1522621.778496
1719462.728865
1680598.821871
1802538.170595
1557980.220377
1704168.008581
1787472.495256
1516072.826914
1676819.712888
1313844.510363
1495889.260703
1412516.727516
1656362.320577
1437757.061739
1672689.208820
1331213.976388
1428299.024906
1680881.104888
1572023.612290
1574797.983958
1542808.587862
1144374.158245
1464458.963747
1406307.838468
1498778.011944
1501199.127426
1564540.333355
1848910.166462
1431617.210776
1908950.768625
1582308.397001
1676885.268852
1450376.444046
1646235.426887
1378381.689157
1633170.006293
1752550.724387
1677005.726243
1529966.167374
1584223.506667
1356140.760065
1376740.635540
1556953.795039
1418490.293666
1745439.349068
1440680.569040
1676272.752729
1883264.696627
1638814.656487
1694278.180454
1577308.846039
1580864.816101
1549938.363097
1766291.970525
1482909.687806
1501252.497834
1636005.887781
1874437.757076
1476273.384242
1631095.732150
1614691.230750
1958439.826787
1491579.947977
1553632.070434
1302468.279450
1701720.138951
1657896.517315
1324118.214668
1631030.451660
1243791.569339
1494927.403489
1771517.818971
1737293.247460
1763477.144682
1706390.732978
1550969.687326
1632503.544733
1329609.793160
1314159.784597
1381388.715724
1439154.275051
1463053.598434
1524224.291304
1734896.509775
1507454.444597
1494922.753892
1298467.071151
1520773.935328
1367767.062038
1387611.358076
1457654.659489
1602002.955073
1437695.461998
1317625.065224
1446621.661047
1447099.091528
1251273.338741
1542655.084105
1353350.231666
1775127.997660
1846602.400513
1562185.951427
1819169.052030
1815128.077343
1293447.657699
1587141.950104
1450493.849692
1530093.087624
1664807.057763
1450391.504892
1521882.159321
1775758.557092
1508780.384702
1499178.398527
1777364.849921
1735274.531395
1799290.692356
1442217.613349
1815371.654902
1540226.688298
1268142.661158
1535236.835059
1450233.317260
1530968.063391
1549495.422498
1304621.702556
1720987.413655
1266648.904879
1591978.759239
1728521.392723
1356238.339298
1428204.531187
1763351.556090
1232522.505363
1685386.924798
1436306.506710
1785789.343774
1202527.308251
1652344.563063
1660795.198486
1574969.183865
1557977.398265
1750556.607696
1557435.890597
1834202.990644
1704770.317371
1629707.247860
1445721.843784
1679259.400700
1501665.936729
1580835.607394
1643817.928013
1388183.392939
1599626.155417
1636488.533087
1575364.998456
1634340.280385
1643916.648060
1503649.798894
1620119.184539
1319362.650391
1699524.050875
1404059.251332
1434887.474636
1995578.923180
1754611.367729
1707513.994341
1484529.580173
1451683.782209
1497774.960463
1477505.607039
1663158.993628
1541688.014282
1695693.405302
1775197.994851
1353042.985295
1550409.209884
1811886.745220
1405683.408939
1697473.258183
1501658.347378
1460481.021264
1314950.113854
1633782.945691
1353488.325071
1510804.192230
1615490.934723
1763949.784481
1591214.708171
1691626.744644
1819590.772834
1644338.284670
1321749.357517
1574609.980138
1641163.224301
1592484.499582
1891874.402514
1754957.321199
1495001.527437
1633915.586609
1484784.639592
1718570.720748
1285081.043217
1328459.864315
1530527.583568
1528310.685799
1707705.274310
1644069.464276
1663436.633217
1395524.743602
1406177.995650
1387211.932410
1723123.795279
1487161.532713
1735542.119918
1441195.264437
1591477.834666
1316912.909901
1287909.016440
1802316.907844
1451496.949008
1908702.612113
1375077.682148
1631560.497902
1380396.071620
1752087.178243
1661100.414917
1407399.683729
1637083.138384
1751303.634835
1522957.509988
1807216.256472
1601024.848121
1544743.399276
1874706.116172
1583479.000986
1492559.720934
1593460.586365
1339403.737556
1148933.055947
1427256.915580
1616493.997850
1659829.981281
1423284.227291
1382586.757731
1568016.934195
1683566.750146
1644122.063442
1594325.871289
1619466.700035
1563467.852792
1472991.994889
1248316.139644
1734120.534383
1422513.986411
1441503.673330
1887581.534163
1440626.719434
1707294.039671
1170914.170454
1748224.894083
1121829.480195
1614824.140621
1687314.343557
