9.84
11.01
11.01
11.84
11.95
12.29
12.30
12.41
12.44
12.44
12.49
12.49
12.58
12.71
12.73
12.73
12.77
12.78
12.78
12.89
12.91
12.96
12.99
12.99
13.00
13.01
13.04
13.07
13.07
13.10
13.14
13.16
13.21
13.22
13.22
13.22
13.23
13.29
13.30
13.32
13.32
13.33
13.35
13.38
13.39
13.39
13.39
13.39
13.39
13.40
13.41
13.41
13.42
13.43
13.43
13.44
13.44
13.44
13.45
13.45
13.45
13.46
13.46
13.47
13.47
13.47
13.48
13.48
13.49
13.49
13.50
13.51
13.52
13.56
13.56
13.56
13.57
13.57
13.57
13.57
13.57
13.59
13.59
13.60
13.60
13.60
13.60
13.60
13.61
13.61
13.62
13.62
13.62
13.62
13.62
13.63
13.64
13.64
13.65
13.66
13.67
13.67
13.67
13.67
13.68
13.69
13.69
13.69
13.69
13.69
13.69
13.70
13.70
13.71
13.71
13.72
13.72
13.73
13.73
13.74
13.74
13.75
13.75
13.76
13.76
13.77
13.78
13.78
13.78
13.78
13.78
13.78
13.78
13.79
13.79
13.79
13.79
13.80
13.80
13.81
13.82
13.82
13.82
13.83
13.83
13.84
13.84
13.84
13.85
13.85
13.85
13.85
13.86
13.86
13.86
13.87
13.87
13.87
13.87
13.88
13.88
13.88
13.88
13.89
13.89
13.89
13.89
13.90
13.91
13.91
13.91
13.91
13.91
13.91
13.92
13.92
13.92
13.93
13.93
13.94
13.94
13.94
13.94
13.95
13.95
13.95
13.95
13.96
13.96
13.96
13.96
13.97
13.97
13.97
13.98
13.98
13.99
13.99
13.99
14.00
14.00
14.00
14.00
14.00
14.00
14.00
14.01
14.01
14.01
14.01
14.01
14.02
14.02
14.02
14.03
14.03
14.03
14.03
14.03
14.04
14.04
14.04
14.04
14.04
14.05
14.05
14.05
14.05
14.06
14.06
14.06
14.06
14.06
14.06
14.06
14.07
14.07
14.07
14.07
14.07
14.07
14.08
14.08
14.08
14.08
14.08
14.08
14.08
14.09
14.09
14.10
14.10
14.10
14.11
14.11
14.11
14.12
14.12
14.12
14.12
14.12
14.12
14.13
14.13
14.13
14.13
14.13
14.13
14.13
14.13
14.14
14.14
14.14
14.14
14.14
14.15
14.16
14.16
14.17
14.17
14.18
14.18
14.18
14.18
14.18
14.18
14.18
14.19
14.19
14.19
14.19
14.19
14.20
14.20
14.20
14.20
14.20
14.20
14.20
14.20
14.20
14.20
14.21
14.21
14.21
14.21
14.21
14.21
14.21
14.21
14.21
14.22
14.22
14.22
14.22
14.22
14.23
14.23
14.23
14.24
14.24
14.24
14.24
14.24
14.24
14.24
14.25
14.25
14.25
14.25
14.25
14.26
14.26
14.26
14.27
14.27
14.27
14.27
14.27
14.28
14.28
14.28
14.28
14.28
14.28
14.28
14.29
14.29
14.29
14.29
14.29
14.29
14.29
14.30
14.31
14.31
14.31
14.31
14.31
14.32
14.32
14.32
14.32
14.32
14.33
14.33
14.33
14.33
14.33
14.33
14.33
14.33
14.33
14.34
14.34
14.34
14.34
14.34
14.34
14.34
14.34
14.35
14.35
14.35
14.35
14.35
14.35
14.36
14.36
14.36
14.36
14.36
14.36
14.36
14.36
14.36
14.37
14.37
14.37
14.38
14.38
14.38
14.38
14.38
14.38
14.38
14.38
14.38
14.39
14.39
14.39
14.39
14.39
14.40
14.40
14.40
14.40
14.40
14.41
14.41
14.41
14.41
14.41
14.42
14.42
14.42
14.42
14.42
14.42
14.42
14.43
14.43
14.43
14.43
14.43
14.43
14.44
14.44
14.44
14.44
14.44
14.44
14.44
14.44
14.44
14.44
14.44
14.44
14.44
14.45
14.45
14.45
14.45
14.45
14.46
14.46
14.46
14.46
14.46
14.46
14.46
14.47
14.47
14.47
14.48
14.48
14.48
14.48
14.48
14.49
14.49
14.49
14.49
14.49
14.49
14.49
14.49
14.49
14.49
14.49
14.49
14.50
14.50
14.50
14.50
14.50
14.51
14.51
14.51
14.51
14.51
14.51
14.52
14.52
14.52
14.52
14.52
14.52
14.52
14.52
14.52
14.53
14.53
14.53
14.54
14.54
14.54
14.54
14.54
14.54
14.54
14.55
14.55
14.55
14.55
14.55
14.55
14.55
14.55
14.56
14.56
14.56
14.56
14.56
14.56
14.56
14.56
14.57
14.57
14.57
14.57
14.57
14.57
14.58
14.58
14.58
14.58
14.58
14.58
14.58
14.58
14.59
14.59
14.59
14.59
14.59
14.59
14.59
14.59
14.59
14.60
14.60
14.60
14.60
14.60
14.60
14.60
14.61
14.61
14.61
14.62
14.62
14.62
14.62
14.62
14.62
14.62
14.62
14.63
14.63
14.63
14.63
14.63
14.63
14.64
14.64
14.64
14.64
14.64
14.64
14.64
14.64
14.64
14.64
14.65
14.65
14.65
14.65
14.65
14.66
14.66
14.66
14.66
14.66
14.66
14.67
14.67
14.67
14.67
14.67
14.67
14.67
14.68
14.68
14.68
14.68
14.68
14.68
14.68
14.68
14.69
14.69
14.69
14.69
14.69
14.69
14.69
14.70
14.70
14.70
14.71
14.71
14.71
14.71
14.71
14.71
14.71
14.71
14.72
14.72
14.72
14.72
14.72
14.72
14.72
14.72
14.72
14.73
14.73
14.73
14.73
14.73
14.73
14.73
14.73
14.74
14.74
14.74
14.74
14.74
14.74
14.74
14.74
14.75
14.75
14.75
14.75
14.75
14.76
14.76
14.76
14.77
14.77
14.77
14.77
14.77
14.77
14.78
14.78
14.78
14.78
14.78
14.78
14.78
14.78
14.78
14.79
14.79
14.79
14.79
14.79
14.79
14.79
14.79
14.80
14.80
14.80
14.80
14.80
14.80
14.80
14.81
14.81
14.81
14.81
14.81
14.81
14.81
14.82
14.82
14.82
14.82
14.82
14.82
14.82
14.82
14.82
14.83
14.83
14.83
14.83
14.83
14.84
14.84
14.84
14.85
14.85
14.85
14.85
14.85
14.85
14.86
14.86
14.86
14.86
14.86
14.86
14.86
14.86
14.86
14.86
14.86
14.86
14.87
14.87
14.87
14.87
14.87
14.87
14.87
14.88
14.88
14.88
14.88
14.88
14.89
14.89
14.89
14.89
14.89
14.89
14.89
14.89
14.89
14.89
14.90
14.90
14.90
14.91
14.91
14.91
14.91
14.91
14.92
14.92
14.92
14.92
14.92
14.92
14.92
14.92
14.93
14.93
14.93
14.93
14.93
14.93
14.93
14.93
14.93
14.93
14.93
14.93
14.93
14.94
14.94
14.94
14.94
14.94
14.94
14.95
14.95
14.95
14.95
14.95
14.95
14.95
14.95
14.96
14.96
14.96
14.97
14.97
14.97
14.97
14.98
14.98
14.98
14.98
14.98
14.98
14.98
14.99
14.99
14.99
14.99
14.99
14.99
14.99
15.00
15.01
15.01
15.01
15.02
15.02
15.02
15.02
15.02
15.02
15.02
15.02
15.02
15.03
15.03
15.03
15.03
15.03
15.03
15.03
15.03
15.03
15.03
15.03
15.03
15.03
15.04
15.04
15.04
15.05
15.05
15.05
15.05
15.05
15.05
15.05
15.05
15.05
15.06
15.06
15.06
15.06
15.06
15.06
15.06
15.07
15.07
15.07
15.07
15.07
15.07
15.07
15.08
15.08
15.08
15.08
15.08
15.09
15.09
15.09
15.09
15.09
15.09
15.09
15.09
15.10
15.10
15.10
15.10
15.10
15.10
15.10
15.10
15.11
15.11
15.11
15.11
15.11
15.11
15.12
15.12
15.12
15.12
15.12
15.12
15.13
15.13
15.13
15.13
15.13
15.13
15.13
15.13
15.13
15.14
15.14
15.14
15.14
15.14
15.14
15.14
15.14
15.14
15.14
15.14
15.15
15.15
15.15
15.15
15.15
15.15
15.16
15.16
15.16
15.16
15.16
15.16
15.17
15.17
15.17
15.17
15.17
15.17
15.17
15.17
15.17
15.18
15.18
15.18
15.18
15.18
15.18
15.18
15.18
15.18
15.19
15.19
15.19
15.19
15.19
15.19
15.19
15.19
15.19
15.19
15.20
15.20
15.20
15.20
15.20
15.20
15.20
15.20
15.21
15.21
15.21
15.21
15.22
15.22
15.22
15.22
15.22
15.22
15.22
15.22
15.22
15.22
15.23
15.23
15.23
15.23
15.23
15.23
15.24
15.24
15.24
15.24
15.24
15.25
15.25
15.25
15.25
15.25
15.25
15.25
15.25
15.26
15.26
15.26
15.26
15.26
15.26
15.26
15.26
15.26
15.26
15.26
15.27
15.27
15.27
15.27
15.27
15.27
15.28
15.28
15.28
15.28
15.28
15.28
15.28
15.28
15.28
15.28
15.29
15.29
15.29
15.30
15.30
15.30
15.30
15.30
15.31
15.31
15.31
15.31
15.31
15.31
15.32
15.32
15.32
15.32
15.32
15.32
15.32
15.33
15.33
15.33
15.33
15.33
15.34
15.34
15.34
15.34
15.34
15.34
15.34
15.35
15.35
15.35
15.35
15.36
15.36
15.36
15.36
15.36
15.36
15.36
15.36
15.37
15.37
15.37
15.37
15.37
15.38
15.38
15.38
15.38
15.38
15.39
15.39
15.39
15.39
15.39
15.39
15.40
15.40
15.40
15.40
15.41
15.41
15.41
15.41
15.42
15.42
15.42
15.42
15.43
15.43
15.43
15.43
15.43
15.43
15.43
15.43
15.43
15.44
15.44
15.44
15.44
15.44
15.44
15.44
15.45
15.45
15.45
15.45
15.45
15.45
15.45
15.45
15.46
15.46
15.46
15.46
15.46
15.47
15.47
15.47
15.48
15.48
15.48
15.48
15.48
15.49
15.49
15.49
15.49
15.49
15.49
15.49
15.49
15.49
15.49
15.50
15.50
15.50
15.50
15.50
15.50
15.50
15.51
15.51
15.51
15.51
15.51
15.51
15.51
15.51
15.51
15.52
15.52
15.52
15.52
15.53
15.53
15.53
15.53
15.54
15.54
15.54
15.54
15.55
15.55
15.55
15.55
15.56
15.56
15.56
15.56
15.56
15.57
15.57
15.57
15.57
15.57
15.57
15.58
15.58
15.58
15.58
15.58
15.58
15.58
15.59
15.59
15.59
15.60
15.60
15.61
15.62
15.62
15.62
15.63
15.63
15.63
15.64
15.64
15.64
15.64
15.64
15.64
15.64
15.65
15.65
15.65
15.66
15.66
15.66
15.67
15.67
15.67
15.67
15.67
15.68
15.68
15.68
15.68
15.68
15.69
15.69
15.69
15.70
15.70
15.70
15.70
15.71
15.71
15.71
15.71
15.71
15.72
15.72
15.72
15.72
15.73
15.73
15.73
15.73
15.73
15.73
15.74
15.74
15.74
15.74
15.75
15.75
15.75
15.75
15.75
15.75
15.75
15.76
15.76
15.76
15.76
15.76
15.77
15.77
15.77
15.77
15.77
15.77
15.77
15.78
15.79
15.79
15.79
15.80
15.80
15.80
15.80
15.81
15.81
15.82
15.82
15.83
15.83
15.84
15.84
15.84
15.84
15.84
15.84
15.85
15.85
15.85
15.85
15.86
15.86
15.87
15.87
15.87
15.87
15.88
15.88
15.88
15.89
15.89
15.89
15.89
15.90
15.91
15.91
15.91
15.92
15.92
15.92
15.92
15.93
15.93
15.93
15.93
15.94
15.94
15.94
15.96
15.96
15.96
15.96
15.97
15.97
15.97
15.97
15.98
15.98
15.99
15.99
16.00
16.00
16.01
16.01
16.01
16.02
16.03
16.03
16.04
16.05
16.05
16.05
16.06
16.07
16.07
16.08
16.08
16.08
16.09
16.09
16.09
16.10
16.10
16.10
16.10
16.11
16.12
16.12
16.12
16.12
16.13
16.13
16.13
16.14
16.14
16.14
16.14
16.14
16.15
16.16
16.18
16.18
16.19
16.19
16.20
16.20
16.22
16.23
16.24
16.24
16.24
16.25
16.25
16.26
16.27
16.27
16.28
16.28
16.29
16.29
16.29
16.29
16.29
16.29
16.29
16.30
16.30
16.30
16.30
16.30
16.31
16.31
16.32
16.32
16.32
16.33
16.33
16.33
16.33
16.35
16.36
16.36
16.36
16.36
16.39
16.39
16.40
16.40
16.40
16.41
16.43
16.43
16.44
16.44
16.45
16.47
16.47
16.48
16.49
16.50
16.50
16.51
16.54
16.55
16.57
16.58
16.61
16.62
16.63
16.64
16.64
16.65
16.66
16.66
16.67
16.68
16.68
16.70
16.70
16.70
16.70
16.71
16.74
16.77
16.77
16.78
16.81
16.84
16.86
16.86
16.88
16.90
16.90
16.99
17.03
17.09
17.10
17.11
17.13
17.16
17.16
17.19
17.19
17.22
17.24
17.27
17.42
17.67
17.69
17.74
17.74
17.92
18.00
18.16
18.20
18.31
18.33
18.46
19.36
20.96
