2.46
2.49
2.54
2.57
2.62
2.76
2.76
2.81
2.85
2.86
2.87
2.87
2.88
2.88
2.89
2.93
2.93
2.93
2.94
2.94
2.94
2.94
2.94
2.96
2.97
2.98
2.98
2.98
2.98
2.98
2.99
2.99
2.99
2.99
3.00
3.00
3.00
3.00
3.01
3.01
3.01
3.01
3.02
3.02
3.02
3.02
3.03
3.03
3.03
3.03
3.04
3.04
3.04
3.05
3.05
3.05
3.05
3.06
3.07
3.07
3.07
3.08
3.08
3.08
3.08
3.08
3.09
3.09
3.09
3.09
3.10
3.10
3.10
3.11
3.11
3.11
3.11
3.12
3.12
3.12
3.12
3.12
3.12
3.12
3.13
3.13
3.13
3.13
3.13
3.13
3.13
3.14
3.14
3.14
3.14
3.14
3.14
3.14
3.14
3.14
3.15
3.15
3.15
3.15
3.15
3.15
3.15
3.15
3.16
3.16
3.16
3.16
3.16
3.17
3.17
3.17
3.17
3.18
3.18
3.18
3.18
3.18
3.18
3.18
3.18
3.18
3.18
3.18
3.18
3.19
3.19
3.19
3.19
3.19
3.19
3.19
3.19
3.19
3.19
3.20
3.20
3.20
3.20
3.20
3.20
3.20
3.20
3.20
3.20
3.20
3.21
3.21
3.21
3.21
3.21
3.21
3.21
3.21
3.21
3.21
3.21
3.21
3.22
3.22
3.22
3.22
3.22
3.22
3.22
3.22
3.22
3.22
3.22
3.23
3.23
3.23
3.23
3.23
3.23
3.23
3.23
3.23
3.23
3.23
3.23
3.23
3.23
3.23
3.23
3.23
3.23
3.23
3.24
3.24
3.24
3.24
3.24
3.24
3.24
3.24
3.24
3.24
3.24
3.24
3.24
3.24
3.25
3.25
3.25
3.25
3.25
3.25
3.25
3.25
3.25
3.25
3.26
3.26
3.26
3.26
3.26
3.26
3.26
3.26
3.26
3.26
3.26
3.26
3.26
3.26
3.27
3.27
3.27
3.27
3.27
3.27
3.27
3.27
3.27
3.27
3.27
3.27
3.27
3.27
3.27
3.27
3.27
3.27
3.27
3.27
3.27
3.28
3.28
3.28
3.28
3.28
3.28
3.28
3.28
3.28
3.28
3.28
3.28
3.28
3.28
3.28
3.28
3.28
3.28
3.29
3.29
3.29
3.29
3.29
3.29
3.29
3.29
3.29
3.30
3.30
3.30
3.30
3.30
3.30
3.30
3.30
3.30
3.30
3.30
3.30
3.30
3.30
3.30
3.30
3.30
3.30
3.30
3.30
3.30
3.30
3.31
3.31
3.31
3.31
3.31
3.31
3.31
3.31
3.31
3.31
3.31
3.31
3.31
3.31
3.31
3.31
3.31
3.32
3.32
3.32
3.32
3.32
3.32
3.32
3.32
3.32
3.32
3.32
3.33
3.33
3.33
3.33
3.33
3.33
3.33
3.33
3.33
3.33
3.33
3.33
3.33
3.33
3.33
3.33
3.33
3.34
3.34
3.34
3.34
3.34
3.34
3.34
3.34
3.34
3.34
3.34
3.35
3.35
3.35
3.35
3.35
3.35
3.35
3.35
3.35
3.35
3.35
3.35
3.35
3.35
3.36
3.36
3.36
3.36
3.36
3.36
3.36
3.36
3.36
3.36
3.36
3.36
3.36
3.37
3.37
3.37
3.37
3.37
3.37
3.37
3.37
3.37
3.37
3.37
3.37
3.37
3.37
3.37
3.37
3.38
3.38
3.38
3.38
3.38
3.38
3.38
3.38
3.38
3.38
3.38
3.38
3.38
3.39
3.39
3.39
3.39
3.39
3.39
3.39
3.39
3.39
3.39
3.39
3.39
3.39
3.39
3.39
3.39
3.39
3.39
3.39
3.39
3.39
3.39
3.39
3.40
3.40
3.40
3.40
3.40
3.40
3.40
3.40
3.40
3.40
3.40
3.40
3.41
3.41
3.41
3.41
3.41
3.41
3.41
3.41
3.41
3.41
3.41
3.41
3.41
3.41
3.41
3.41
3.41
3.41
3.41
3.41
3.41
3.41
3.41
3.42
3.42
3.42
3.42
3.42
3.42
3.42
3.42
3.42
3.42
3.42
3.42
3.42
3.42
3.42
3.42
3.42
3.42
3.42
3.42
3.42
3.43
3.43
3.43
3.43
3.43
3.43
3.43
3.43
3.43
3.43
3.43
3.43
3.43
3.43
3.43
3.43
3.43
3.43
3.43
3.43
3.43
3.43
3.43
3.43
3.43
3.43
3.43
3.43
3.43
3.44
3.44
3.44
3.44
3.44
3.44
3.44
3.44
3.44
3.44
3.44
3.44
3.44
3.44
3.44
3.44
3.44
3.44
3.44
3.45
3.45
3.45
3.45
3.45
3.45
3.45
3.45
3.45
3.45
3.45
3.45
3.45
3.45
3.45
3.45
3.45
3.45
3.45
3.45
3.45
3.45
3.45
3.45
3.45
3.45
3.45
3.46
3.46
3.46
3.46
3.46
3.46
3.46
3.46
3.46
3.46
3.46
3.46
3.46
3.46
3.46
3.46
3.46
3.46
3.46
3.46
3.46
3.47
3.47
3.47
3.47
3.47
3.47
3.47
3.47
3.47
3.47
3.47
3.47
3.47
3.47
3.47
3.47
3.47
3.47
3.47
3.47
3.47
3.47
3.47
3.47
3.47
3.48
3.48
3.48
3.48
3.48
3.48
3.48
3.48
3.48
3.48
3.48
3.48
3.48
3.48
3.48
3.48
3.48
3.49
3.49
3.49
3.49
3.49
3.49
3.49
3.49
3.49
3.49
3.49
3.49
3.49
3.49
3.49
3.49
3.49
3.49
3.49
3.49
3.49
3.49
3.49
3.50
3.50
3.50
3.50
3.50
3.50
3.50
3.50
3.50
3.50
3.50
3.50
3.50
3.50
3.50
3.50
3.50
3.50
3.50
3.50
3.51
3.51
3.51
3.51
3.51
3.51
3.51
3.51
3.51
3.51
3.51
3.51
3.51
3.51
3.51
3.51
3.51
3.51
3.51
3.51
3.51
3.51
3.51
3.51
3.51
3.51
3.52
3.52
3.52
3.52
3.52
3.52
3.52
3.52
3.52
3.52
3.52
3.52
3.52
3.52
3.52
3.52
3.52
3.52
3.52
3.52
3.52
3.52
3.53
3.53
3.53
3.53
3.53
3.53
3.53
3.53
3.53
3.53
3.53
3.53
3.53
3.53
3.53
3.53
3.53
3.53
3.53
3.54
3.54
3.54
3.54
3.54
3.54
3.54
3.54
3.54
3.54
3.54
3.54
3.54
3.54
3.54
3.54
3.54
3.55
3.55
3.55
3.55
3.55
3.55
3.55
3.55
3.55
3.55
3.55
3.55
3.55
3.55
3.55
3.55
3.55
3.55
3.55
3.56
3.56
3.56
3.56
3.56
3.56
3.56
3.56
3.56
3.56
3.56
3.56
3.56
3.56
3.56
3.56
3.56
3.56
3.56
3.56
3.56
3.56
3.56
3.56
3.56
3.57
3.57
3.57
3.57
3.57
3.57
3.57
3.57
3.57
3.57
3.57
3.57
3.57
3.57
3.57
3.57
3.57
3.57
3.58
3.58
3.58
3.58
3.58
3.58
3.58
3.58
3.58
3.58
3.58
3.58
3.58
3.58
3.58
3.58
3.58
3.58
3.58
3.58
3.58
3.58
3.58
3.58
3.58
3.58
3.58
3.58
3.59
3.59
3.59
3.59
3.59
3.59
3.59
3.59
3.59
3.59
3.59
3.59
3.59
3.59
3.59
3.59
3.59
3.59
3.59
3.59
3.59
3.59
3.60
3.60
3.60
3.60
3.60
3.60
3.60
3.60
3.60
3.60
3.60
3.60
3.60
3.60
3.60
3.60
3.60
3.60
3.60
3.60
3.60
3.60
3.60
3.60
3.60
3.60
3.60
3.60
3.60
3.60
3.61
3.61
3.61
3.61
3.61
3.61
3.61
3.61
3.61
3.61
3.61
3.61
3.61
3.61
3.61
3.61
3.61
3.61
3.61
3.61
3.62
3.62
3.62
3.62
3.62
3.62
3.62
3.62
3.62
3.62
3.62
3.62
3.62
3.62
3.62
3.62
3.62
3.62
3.62
3.62
3.62
3.62
3.63
3.63
3.63
3.63
3.63
3.63
3.63
3.63
3.63
3.63
3.63
3.63
3.63
3.63
3.63
3.63
3.63
3.63
3.63
3.64
3.64
3.64
3.64
3.64
3.64
3.64
3.64
3.64
3.64
3.64
3.64
3.64
3.65
3.65
3.65
3.65
3.65
3.65
3.65
3.65
3.65
3.65
3.65
3.65
3.65
3.65
3.65
3.65
3.65
3.66
3.66
3.66
3.66
3.66
3.66
3.66
3.66
3.66
3.66
3.66
3.66
3.66
3.66
3.66
3.66
3.66
3.66
3.66
3.67
3.67
3.67
3.67
3.67
3.67
3.67
3.67
3.67
3.67
3.67
3.67
3.67
3.67
3.67
3.67
3.67
3.67
3.67
3.67
3.67
3.67
3.68
3.68
3.68
3.68
3.68
3.68
3.68
3.68
3.68
3.68
3.68
3.68
3.68
3.68
3.68
3.68
3.69
3.69
3.69
3.69
3.69
3.69
3.69
3.69
3.69
3.69
3.69
3.69
3.69
3.69
3.69
3.69
3.69
3.70
3.70
3.70
3.70
3.70
3.70
3.70
3.70
3.70
3.70
3.70
3.70
3.70
3.70
3.70
3.70
3.70
3.70
3.70
3.70
3.70
3.70
3.71
3.71
3.71
3.71
3.71
3.71
3.71
3.71
3.71
3.71
3.71
3.71
3.71
3.71
3.71
3.71
3.71
3.71
3.71
3.72
3.72
3.72
3.72
3.72
3.72
3.72
3.72
3.73
3.73
3.73
3.73
3.73
3.73
3.73
3.73
3.73
3.73
3.73
3.73
3.73
3.73
3.73
3.74
3.74
3.74
3.74
3.74
3.74
3.74
3.74
3.74
3.74
3.74
3.74
3.75
3.75
3.75
3.75
3.75
3.75
3.75
3.75
3.75
3.75
3.76
3.76
3.76
3.76
3.76
3.76
3.76
3.76
3.76
3.76
3.76
3.77
3.77
3.77
3.77
3.77
3.77
3.77
3.77
3.77
3.77
3.77
3.77
3.77
3.77
3.77
3.78
3.78
3.78
3.78
3.78
3.78
3.78
3.78
3.78
3.78
3.78
3.79
3.79
3.79
3.79
3.79
3.79
3.79
3.79
3.79
3.79
3.79
3.79
3.79
3.79
3.79
3.79
3.79
3.79
3.79
3.79
3.80
3.80
3.80
3.80
3.80
3.80
3.80
3.80
3.80
3.80
3.80
3.80
3.80
3.80
3.80
3.80
3.81
3.81
3.81
3.81
3.81
3.81
3.81
3.81
3.81
3.82
3.82
3.82
3.82
3.82
3.82
3.82
3.82
3.83
3.83
3.83
3.83
3.83
3.83
3.83
3.83
3.83
3.83
3.83
3.83
3.83
3.83
3.84
3.84
3.84
3.84
3.84
3.84
3.84
3.84
3.84
3.84
3.84
3.84
3.84
3.84
3.84
3.85
3.85
3.85
3.85
3.85
3.85
3.85
3.85
3.85
3.85
3.85
3.85
3.85
3.85
3.86
3.86
3.86
3.86
3.86
3.86
3.86
3.86
3.86
3.86
3.86
3.86
3.86
3.86
3.86
3.87
3.87
3.87
3.87
3.88
3.88
3.88
3.88
3.88
3.88
3.88
3.88
3.88
3.88
3.88
3.89
3.89
3.89
3.89
3.89
3.89
3.89
3.89
3.89
3.89
3.89
3.90
3.90
3.90
3.90
3.90
3.90
3.90
3.90
3.90
3.91
3.91
3.91
3.91
3.91
3.91
3.91
3.91
3.91
3.91
3.91
3.91
3.92
3.92
3.92
3.92
3.92
3.92
3.92
3.93
3.93
3.93
3.93
3.93
3.94
3.94
3.94
3.94
3.94
3.95
3.95
3.95
3.95
3.95
3.95
3.95
3.96
3.96
3.96
3.96
3.96
3.96
3.96
3.97
3.97
3.97
3.97
3.97
3.97
3.97
3.97
3.98
3.98
3.98
3.99
3.99
3.99
3.99
3.99
3.99
3.99
3.99
3.99
3.99
4.00
4.00
4.00
4.00
4.00
4.01
4.01
4.01
4.01
4.01
4.01
4.02
4.02
4.02
4.02
4.02
4.02
4.02
4.03
4.03
4.03
4.03
4.03
4.04
4.04
4.04
4.05
4.05
4.05
4.05
4.05
4.06
4.06
4.06
4.06
4.07
4.07
4.07
4.08
4.08
4.08
4.08
4.08
4.09
4.09
4.09
4.09
4.10
4.10
4.10
4.10
4.11
4.11
4.11
4.11
4.11
4.11
4.12
4.12
4.12
4.12
4.12
4.12
4.13
4.13
4.13
4.14
4.14
4.14
4.16
4.16
4.17
4.17
4.18
4.18
4.18
4.18
4.20
4.22
4.22
4.24
4.24
4.25
4.25
4.26
4.28
4.28
4.31
4.32
4.33
4.33
4.36
4.36
4.38
4.38
4.38
4.41
4.41
4.42
4.43
4.45
4.46
4.49
4.50
4.53
4.53
4.55
4.55
5.13
5.16
