11.36
12.72
13.38
13.64
14.13
14.39
14.45
14.46
14.49
14.49
14.52
14.58
14.61
14.65
14.69
14.71
14.76
14.80
14.82
14.88
14.89
14.92
14.92
14.96
14.97
14.98
15.01
15.01
15.04
15.05
15.08
15.09
15.10
15.14
15.14
15.14
15.14
15.17
15.17
15.17
15.17
15.18
15.19
15.21
15.21
15.21
15.22
15.23
15.24
15.25
15.26
15.31
15.31
15.32
15.33
15.33
15.34
15.35
15.35
15.36
15.37
15.37
15.38
15.40
15.42
15.42
15.43
15.43
15.44
15.45
15.45
15.45
15.46
15.46
15.47
15.47
15.48
15.48
15.48
15.48
15.50
15.50
15.51
15.52
15.52
15.52
15.53
15.54
15.55
15.55
15.55
15.56
15.57
15.57
15.58
15.59
15.59
15.59
15.59
15.60
15.61
15.61
15.62
15.63
15.63
15.65
15.65
15.65
15.66
15.67
15.67
15.67
15.68
15.69
15.69
15.70
15.70
15.70
15.70
15.72
15.72
15.72
15.72
15.72
15.72
15.73
15.73
15.73
15.73
15.73
15.74
15.74
15.75
15.75
15.76
15.76
15.76
15.77
15.77
15.78
15.78
15.78
15.78
15.79
15.79
15.80
15.80
15.80
15.81
15.81
15.81
15.82
15.82
15.82
15.82
15.82
15.83
15.83
15.83
15.83
15.83
15.84
15.85
15.85
15.86
15.86
15.87
15.87
15.87
15.88
15.89
15.89
15.89
15.89
15.90
15.90
15.91
15.91
15.91
15.92
15.92
15.92
15.92
15.93
15.93
15.93
15.93
15.94
15.95
15.96
15.96
15.97
15.97
15.97
15.97
15.97
15.98
15.98
15.98
16.00
16.00
16.00
16.00
16.00
16.01
16.01
16.01
16.02
16.02
16.02
16.03
16.03
16.03
16.03
16.04
16.04
16.04
16.04
16.05
16.05
16.05
16.05
16.06
16.06
16.06
16.06
16.07
16.07
16.07
16.07
16.07
16.08
16.08
16.08
16.09
16.10
16.10
16.10
16.10
16.11
16.11
16.11
16.11
16.12
16.12
16.12
16.13
16.13
16.13
16.14
16.14
16.14
16.14
16.14
16.14
16.14
16.15
16.16
16.16
16.16
16.16
16.16
16.17
16.17
16.17
16.17
16.17
16.18
16.18
16.18
16.18
16.19
16.20
16.20
16.20
16.20
16.20
16.20
16.20
16.20
16.20
16.21
16.21
16.21
16.21
16.21
16.21
16.21
16.21
16.22
16.22
16.22
16.22
16.22
16.22
16.22
16.23
16.23
16.23
16.23
16.23
16.23
16.24
16.24
16.24
16.25
16.25
16.25
16.26
16.26
16.26
16.26
16.26
16.26
16.26
16.27
16.27
16.27
16.27
16.27
16.28
16.28
16.28
16.29
16.29
16.29
16.30
16.30
16.30
16.31
16.31
16.32
16.32
16.32
16.32
16.33
16.33
16.33
16.33
16.34
16.34
16.34
16.34
16.35
16.35
16.35
16.35
16.35
16.35
16.36
16.36
16.36
16.36
16.37
16.37
16.37
16.37
16.37
16.38
16.38
16.38
16.38
16.38
16.39
16.39
16.39
16.39
16.39
16.39
16.40
16.40
16.40
16.40
16.40
16.41
16.41
16.41
16.41
16.41
16.42
16.42
16.42
16.42
16.43
16.43
16.43
16.43
16.43
16.43
16.43
16.44
16.44
16.44
16.45
16.45
16.45
16.45
16.45
16.45
16.46
16.46
16.46
16.46
16.47
16.47
16.47
16.47
16.48
16.48
16.48
16.48
16.48
16.48
16.48
16.48
16.49
16.49
16.49
16.50
16.50
16.50
16.51
16.51
16.51
16.51
16.51
16.51
16.51
16.51
16.52
16.52
16.52
16.52
16.52
16.52
16.53
16.53
16.53
16.53
16.54
16.55
16.55
16.55
16.55
16.55
16.55
16.56
16.56
16.56
16.57
16.57
16.57
16.57
16.57
16.58
16.58
16.59
16.59
16.59
16.59
16.59
16.59
16.59
16.60
16.60
16.60
16.60
16.60
16.60
16.60
16.60
16.60
16.60
16.60
16.60
16.61
16.61
16.61
16.61
16.62
16.62
16.62
16.63
16.63
16.63
16.63
16.64
16.64
16.64
16.64
16.64
16.65
16.65
16.65
16.65
16.65
16.66
16.66
16.66
16.66
16.66
16.66
16.66
16.67
16.67
16.67
16.67
16.67
16.67
16.68
16.68
16.68
16.68
16.68
16.68
16.68
16.69
16.69
16.69
16.69
16.70
16.70
16.70
16.70
16.70
16.70
16.71
16.72
16.72
16.72
16.72
16.72
16.72
16.72
16.72
16.73
16.73
16.73
16.73
16.73
16.73
16.73
16.74
16.74
16.74
16.74
16.74
16.74
16.74
16.75
16.75
16.75
16.75
16.76
16.76
16.76
16.76
16.76
16.76
16.77
16.77
16.77
16.77
16.77
16.77
16.78
16.78
16.78
16.78
16.78
16.78
16.78
16.79
16.79
16.79
16.79
16.79
16.79
16.79
16.79
16.80
16.80
16.80
16.80
16.80
16.81
16.81
16.81
16.81
16.81
16.81
16.81
16.81
16.81
16.81
16.82
16.82
16.82
16.82
16.82
16.83
16.83
16.83
16.83
16.84
16.84
16.84
16.84
16.84
16.84
16.84
16.84
16.85
16.85
16.85
16.85
16.85
16.85
16.85
16.85
16.86
16.86
16.86
16.86
16.86
16.86
16.86
16.86
16.87
16.87
16.87
16.87
16.87
16.87
16.87
16.88
16.88
16.88
16.88
16.89
16.89
16.89
16.89
16.89
16.89
16.89
16.89
16.89
16.89
16.89
16.90
16.90
16.90
16.90
16.90
16.91
16.91
16.92
16.92
16.92
16.92
16.92
16.92
16.92
16.92
16.93
16.93
16.93
16.93
16.93
16.93
16.94
16.94
16.94
16.94
16.94
16.94
16.95
16.95
16.96
16.96
16.96
16.96
16.96
16.97
16.97
16.97
16.97
16.97
16.97
16.98
16.98
16.98
16.98
16.98
16.98
16.99
16.99
16.99
16.99
17.00
17.00
17.00
17.00
17.00
17.00
17.01
17.01
17.01
17.01
17.01
17.02
17.02
17.02
17.02
17.02
17.02
17.02
17.02
17.02
17.02
17.02
17.03
17.03
17.03
17.03
17.03
17.03
17.03
17.03
17.04
17.04
17.04
17.04
17.04
17.04
17.04
17.04
17.04
17.04
17.05
17.05
17.06
17.06
17.06
17.06
17.06
17.07
17.07
17.08
17.08
17.08
17.08
17.08
17.08
17.08
17.08
17.08
17.09
17.09
17.09
17.09
17.09
17.10
17.10
17.10
17.10
17.10
17.10
17.10
17.11
17.11
17.11
17.11
17.11
17.11
17.11
17.12
17.12
17.12
17.12
17.12
17.12
17.12
17.12
17.12
17.13
17.13
17.13
17.13
17.13
17.13
17.14
17.14
17.14
17.14
17.14
17.14
17.15
17.15
17.15
17.15
17.15
17.15
17.16
17.16
17.16
17.16
17.16
17.16
17.17
17.17
17.17
17.17
17.17
17.17
17.17
17.18
17.18
17.18
17.18
17.18
17.18
17.19
17.19
17.19
17.19
17.19
17.19
17.19
17.19
17.20
17.20
17.20
17.20
17.20
17.20
17.21
17.21
17.21
17.22
17.22
17.23
17.23
17.23
17.23
17.23
17.23
17.23
17.24
17.24
17.24
17.24
17.24
17.25
17.25
17.25
17.25
17.25
17.25
17.25
17.26
17.26
17.26
17.26
17.26
17.26
17.26
17.26
17.27
17.27
17.27
17.27
17.27
17.27
17.28
17.28
17.28
17.28
17.28
17.28
17.28
17.28
17.28
17.28
17.28
17.29
17.29
17.29
17.29
17.29
17.29
17.29
17.29
17.30
17.30
17.30
17.30
17.30
17.31
17.31
17.31
17.31
17.31
17.31
17.32
17.32
17.32
17.32
17.32
17.33
17.33
17.33
17.33
17.33
17.33
17.33
17.34
17.34
17.34
17.34
17.34
17.34
17.34
17.35
17.35
17.35
17.35
17.35
17.35
17.35
17.35
17.35
17.36
17.36
17.36
17.36
17.36
17.36
17.36
17.36
17.37
17.37
17.37
17.37
17.37
17.37
17.37
17.38
17.39
17.39
17.39
17.39
17.39
17.39
17.39
17.39
17.40
17.40
17.40
17.40
17.40
17.40
17.40
17.40
17.41
17.41
17.41
17.42
17.42
17.42
17.42
17.42
17.43
17.43
17.43
17.44
17.44
17.44
17.44
17.44
17.44
17.45
17.45
17.45
17.45
17.45
17.46
17.47
17.47
17.48
17.48
17.48
17.49
17.49
17.49
17.49
17.49
17.49
17.49
17.50
17.50
17.50
17.50
17.51
17.51
17.51
17.51
17.51
17.51
17.51
17.51
17.52
17.52
17.52
17.52
17.52
17.52
17.52
17.53
17.53
17.53
17.53
17.54
17.54
17.54
17.54
17.54
17.54
17.54
17.54
17.54
17.54
17.54
17.55
17.55
17.55
17.55
17.55
17.55
17.56
17.56
17.56
17.56
17.57
17.57
17.57
17.57
17.57
17.57
17.57
17.58
17.58
17.58
17.58
17.58
17.59
17.59
17.59
17.60
17.60
17.60
17.60
17.61
17.61
17.61
17.61
17.62
17.62
17.62
17.62
17.62
17.63
17.63
17.63
17.63
17.64
17.64
17.64
17.64
17.64
17.64
17.64
17.65
17.66
17.66
17.66
17.66
17.66
17.66
17.66
17.66
17.66
17.67
17.67
17.67
17.67
17.67
17.68
17.68
17.68
17.68
17.68
17.68
17.68
17.69
17.69
17.69
17.69
17.69
17.70
17.70
17.70
17.70
17.70
17.70
17.70
17.71
17.71
17.72
17.72
17.72
17.72
17.72
17.72
17.73
17.73
17.73
17.73
17.73
17.73
17.74
17.74
17.74
17.74
17.74
17.75
17.75
17.75
17.75
17.75
17.76
17.77
17.77
17.77
17.77
17.77
17.77
17.77
17.77
17.78
17.78
17.78
17.78
17.79
17.79
17.79
17.79
17.79
17.79
17.79
17.80
17.80
17.80
17.80
17.80
17.81
17.81
17.81
17.81
17.81
17.81
17.81
17.81
17.81
17.81
17.82
17.82
17.82
17.82
17.83
17.83
17.84
17.84
17.85
17.85
17.85
17.85
17.85
17.85
17.85
17.86
17.86
17.86
17.86
17.86
17.87
17.87
17.87
17.88
17.88
17.88
17.88
17.88
17.88
17.89
17.89
17.89
17.89
17.89
17.89
17.90
17.90
17.90
17.90
17.91
17.91
17.91
17.91
17.91
17.92
17.92
17.93
17.93
17.93
17.94
17.94
17.95
17.96
17.96
17.96
17.97
17.97
17.97
17.97
17.98
17.98
17.98
17.99
17.99
17.99
18.00
18.00
18.01
18.01
18.02
18.02
18.02
18.02
18.02
18.02
18.02
18.03
18.03
18.03
18.04
18.04
18.05
18.05
18.05
18.05
18.05
18.05
18.05
18.05
18.05
18.05
18.05
18.06
18.07
18.07
18.07
18.08
18.08
18.08
18.08
18.08
18.09
18.09
18.09
18.09
18.09
18.09
18.09
18.10
18.10
18.10
18.10
18.10
18.10
18.10
18.10
18.10
18.11
18.11
18.11
18.11
18.12
18.13
18.13
18.13
18.13
18.13
18.13
18.14
18.14
18.14
18.15
18.15
18.15
18.15
18.15
18.16
18.16
18.16
18.17
18.17
18.17
18.17
18.17
18.17
18.17
18.18
18.18
18.18
18.18
18.18
18.19
18.19
18.19
18.19
18.19
18.19
18.19
18.20
18.20
18.20
18.20
18.20
18.21
18.21
18.21
18.22
18.22
18.22
18.23
18.24
18.24
18.26
18.26
18.27
18.27
18.28
18.28
18.28
18.28
18.29
18.29
18.29
18.29
18.30
18.31
18.31
18.31
18.32
18.33
18.33
18.33
18.33
18.34
18.34
18.35
18.35
18.35
18.37
18.38
18.38
18.38
18.38
18.39
18.39
18.40
18.40
18.40
18.41
18.41
18.43
18.44
18.44
18.44
18.44
18.44
18.45
18.46
18.46
18.47
18.47
18.47
18.48
18.48
18.48
18.48
18.48
18.49
18.49
18.50
18.51
18.52
18.52
18.53
18.53
18.53
18.54
18.55
18.55
18.56
18.57
18.57
18.57
18.58
18.58
18.58
18.58
18.59
18.60
18.62
18.62
18.63
18.63
18.63
18.64
18.64
18.65
18.65
18.66
18.67
18.69
18.69
18.69
18.70
18.72
18.74
18.75
18.76
18.78
18.80
18.81
18.81
18.82
18.82
18.83
18.83
18.84
18.90
18.91
18.91
18.93
18.93
18.95
18.97
19.02
19.03
19.03
19.05
19.12
19.12
19.13
19.15
19.17
19.21
19.28
19.28
19.37
19.43
19.44
19.45
19.45
19.46
19.54
19.55
19.58
19.69
19.71
19.74
19.80
19.84
19.84
19.86
19.94
19.97
20.00
20.07
20.34
20.47
20.62
20.70
20.74
20.84
21.01
21.20
21.25
21.31
21.67
22.05
22.46
23.94
