1.407
1.415
1.447
1.462
1.497
1.518
1.520
1.533
1.552
1.552
1.562
1.563
1.564
1.565
1.571
1.571
1.572
1.573
1.575
1.580
1.582
1.589
1.591
1.594
1.596
1.596
1.601
1.602
1.608
1.609
1.611
1.612
1.614
1.617
1.620
1.623
1.624
1.629
1.630
1.630
1.632
1.633
1.634
1.638
1.639
1.639
1.645
1.646
1.647
1.648
1.650
1.651
1.652
1.653
1.654
1.655
1.656
1.656
1.657
1.657
1.657
1.658
1.662
1.663
1.663
1.664
1.666
1.666
1.667
1.667
1.668
1.668
1.669
1.673
1.673
1.673
1.674
1.674
1.674
1.675
1.675
1.676
1.676
1.676
1.678
1.679
1.680
1.680
1.680
1.680
1.681
1.681
1.683
1.684
1.684
1.685
1.686
1.687
1.687
1.688
1.689
1.689
1.690
1.690
1.690
1.691
1.692
1.692
1.692
1.692
1.694
1.695
1.696
1.696
1.697
1.697
1.698
1.698
1.699
1.699
1.700
1.702
1.702
1.703
1.704
1.704
1.705
1.706
1.707
1.707
1.708
1.709
1.709
1.710
1.710
1.711
1.711
1.712
1.712
1.712
1.713
1.713
1.713
1.714
1.715
1.716
1.716
1.717
1.718
1.719
1.719
1.719
1.719
1.719
1.719
1.721
1.722
1.723
1.723
1.724
1.724
1.725
1.725
1.725
1.725
1.726
1.726
1.727
1.728
1.728
1.730
1.731
1.731
1.731
1.732
1.732
1.733
1.733
1.734
1.735
1.735
1.736
1.736
1.736
1.737
1.737
1.738
1.738
1.739
1.739
1.740
1.741
1.741
1.742
1.742
1.743
1.744
1.746
1.747
1.747
1.747
1.748
1.749
1.749
1.750
1.750
1.751
1.752
1.753
1.753
1.754
1.754
1.754
1.755
1.755
1.755
1.755
1.756
1.757
1.757
1.757
1.757
1.759
1.760
1.760
1.761
1.761
1.761
1.762
1.762
1.762
1.763
1.763
1.764
1.764
1.764
1.764
1.764
1.765
1.766
1.766
1.766
1.767
1.768
1.768
1.768
1.769
1.770
1.770
1.770
1.770
1.771
1.771
1.772
1.773
1.774
1.774
1.775
1.776
1.776
1.776
1.776
1.777
1.777
1.777
1.777
1.777
1.778
1.778
1.778
1.778
1.779
1.779
1.779
1.779
1.781
1.781
1.781
1.782
1.782
1.783
1.783
1.784
1.784
1.785
1.786
1.786
1.786
1.786
1.786
1.787
1.787
1.788
1.788
1.788
1.788
1.789
1.789
1.789
1.789
1.789
1.790
1.790
1.792
1.792
1.793
1.793
1.793
1.794
1.796
1.796
1.797
1.797
1.797
1.797
1.798
1.798
1.799
1.799
1.799
1.799
1.801
1.801
1.801
1.802
1.802
1.803
1.803
1.803
1.803
1.803
1.803
1.804
1.804
1.804
1.805
1.805
1.806
1.807
1.808
1.808
1.808
1.808
1.808
1.808
1.809
1.810
1.811
1.812
1.813
1.814
1.814
1.814
1.814
1.815
1.815
1.815
1.815
1.815
1.815
1.816
1.816
1.816
1.816
1.816
1.816
1.817
1.817
1.817
1.818
1.818
1.819
1.819
1.819
1.819
1.820
1.820
1.820
1.821
1.821
1.822
1.822
1.822
1.823
1.824
1.824
1.824
1.824
1.825
1.825
1.825
1.825
1.826
1.826
1.827
1.827
1.828
1.828
1.828
1.828
1.828
1.829
1.829
1.830
1.830
1.831
1.831
1.832
1.832
1.832
1.833
1.833
1.834
1.834
1.834
1.834
1.834
1.834
1.834
1.835
1.835
1.835
1.835
1.836
1.837
1.838
1.838
1.838
1.839
1.839
1.840
1.840
1.841
1.841
1.841
1.842
1.842
1.842
1.842
1.843
1.843
1.843
1.844
1.844
1.845
1.845
1.845
1.846
1.846
1.846
1.846
1.846
1.847
1.847
1.847
1.847
1.849
1.849
1.849
1.850
1.852
1.852
1.853
1.853
1.854
1.854
1.855
1.855
1.856
1.856
1.856
1.856
1.857
1.857
1.857
1.858
1.858
1.858
1.858
1.859
1.860
1.860
1.860
1.860
1.860
1.861
1.861
1.862
1.862
1.862
1.863
1.864
1.865
1.866
1.866
1.866
1.866
1.866
1.867
1.868
1.868
1.868
1.869
1.869
1.869
1.869
1.869
1.870
1.870
1.870
1.870
1.871
1.871
1.872
1.872
1.874
1.874
1.874
1.875
1.875
1.876
1.877
1.877
1.878
1.878
1.878
1.879
1.879
1.879
1.879
1.879
1.879
1.880
1.881
1.881
1.881
1.881
1.881
1.882
1.882
1.882
1.882
1.883
1.884
1.885
1.885
1.886
1.886
1.886
1.887
1.887
1.889
1.890
1.890
1.890
1.891
1.891
1.891
1.891
1.892
1.892
1.892
1.895
1.895
1.896
1.897
1.898
1.898
1.898
1.899
1.899
1.900
1.901
1.901
1.901
1.901
1.901
1.901
1.902
1.903
1.903
1.903
1.903
1.903
1.904
1.906
1.907
1.908
1.908
1.909
1.909
1.909
1.911
1.912
1.914
1.914
1.915
1.916
1.916
1.917
1.917
1.918
1.918
1.918
1.919
1.920
1.921
1.922
1.922
1.922
1.923
1.923
1.924
1.924
1.924
1.924
1.924
1.926
1.926
1.927
1.928
1.929
1.930
1.931
1.931
1.934
1.934
1.935
1.936
1.936
1.937
1.937
1.937
1.938
1.939
1.939
1.939
1.940
1.940
1.940
1.940
1.941
1.942
1.942
1.942
1.943
1.943
1.944
1.944
1.944
1.944
1.946
1.947
1.948
1.948
1.949
1.950
1.950
1.951
1.951
1.953
1.954
1.954
1.957
1.957
1.958
1.958
1.960
1.961
1.962
1.962
1.963
1.963
1.964
1.964
1.965
1.965
1.965
1.965
1.966
1.967
1.967
1.968
1.970
1.971
1.972
1.973
1.973
1.975
1.975
1.979
1.982
1.982
1.984
1.985
1.986
1.986
1.986
1.986
1.987
1.987
1.987
1.987
1.987
1.988
1.990
1.990
1.991
1.992
1.993
1.994
1.994
1.996
1.996
1.997
1.997
1.997
1.997
1.998
1.998
1.998
1.999
1.999
1.999
2.000
2.000
2.001
2.004
2.004
2.006
2.006
2.007
2.008
2.008
2.010
2.020
2.020
2.021
2.023
2.025
2.025
2.026
2.027
2.030
2.032
2.032
2.033
2.033
2.036
2.037
2.038
2.040
2.041
2.042
2.042
2.047
2.049
2.051
2.051
2.051
2.052
2.055
2.056
2.059
2.060
2.062
2.063
2.064
2.065
2.065
2.066
2.067
2.068
2.070
2.072
2.072
2.073
2.075
2.075
2.080
2.086
2.088
2.090
2.091
2.093
2.094
2.097
2.099
2.102
2.103
2.103
2.104
2.104
2.104
2.106
2.107
2.108
2.109
2.109
2.109
2.110
2.112
2.115
2.116
2.118
2.119
2.121
2.123
2.123
2.124
2.125
2.127
2.127
2.130
2.133
2.133
2.134
2.135
2.135
2.136
2.137
2.138
2.141
2.145
2.151
2.152
2.153
2.156
2.158
2.159
2.159
2.159
2.162
2.162
2.163
2.164
2.165
2.165
2.168
2.169
2.170
2.171
2.174
2.175
2.176
2.177
2.178
2.179
2.179
2.181
2.181
2.182
2.183
2.184
2.186
2.187
2.188
2.188
2.190
2.190
2.191
2.191
2.191
2.195
2.201
2.201
2.201
2.202
2.202
2.204
2.206
2.206
2.207
2.208
2.208
2.208
2.208
2.211
2.211
2.212
2.213
2.213
2.213
2.214
2.215
2.216
2.216
2.218
2.218
2.221
2.222
2.222
2.222
2.224
2.225
2.225
2.225
2.225
2.226
2.226
2.227
2.229
2.233
2.233
2.233
2.233
2.235
2.235
2.236
2.236
2.236
2.237
2.237
2.237
2.238
2.238
2.239
2.239
2.240
2.241
2.242
2.243
2.243
2.245
2.245
2.246
2.247
2.250
2.250
2.251
2.252
2.252
2.253
2.253
2.253
2.254
2.255
2.256
2.257
2.257
2.257
2.258
2.261
2.262
2.262
2.262
2.263
2.264
2.265
2.265
2.266
2.266
2.266
2.266
2.267
2.267
2.268
2.268
2.270
2.270
2.271
2.271
2.271
2.273
2.273
2.273
2.274
2.274
2.275
2.276
2.277
2.277
2.279
2.279
2.279
2.279
2.281
2.281
2.281
2.281
2.282
2.283
2.283
2.284
2.284
2.286
2.286
2.287
2.287
2.288
2.288
2.288
2.288
2.288
2.288
2.289
2.289
2.289
2.289
2.290
2.290
2.290
2.290
2.291
2.291
2.292
2.293
2.293
2.293
2.294
2.295
2.295
2.297
2.297
2.297
2.298
2.298
2.298
2.299
2.299
2.300
2.300
2.301
2.301
2.301
2.302
2.302
2.303
2.304
2.304
2.304
2.304
2.305
2.305
2.306
2.306
2.306
2.306
2.307
2.307
2.307
2.308
2.308
2.308
2.308
2.309
2.309
2.309
2.309
2.309
2.309
2.310
2.310
2.310
2.310
2.310
2.311
2.311
2.312
2.312
2.312
2.313
2.314
2.315
2.315
2.315
2.316
2.316
2.316
2.316
2.316
2.317
2.317
2.317
2.318
2.318
2.318
2.318
2.318
2.319
2.319
2.320
2.320
2.321
2.321
2.323
2.323
2.323
2.324
2.324
2.325
2.325
2.325
2.326
2.327
2.327
2.327
2.327
2.327
2.328
2.329
2.329
2.329
2.329
2.330
2.330
2.330
2.330
2.330
2.331
2.331
2.331
2.332
2.332
2.332
2.333
2.333
2.334
2.334
2.335
2.335
2.336
2.336
2.336
2.336
2.336
2.337
2.337
2.338
2.338
2.338
2.339
2.340
2.340
2.340
2.342
2.344
2.344
2.345
2.346
2.347
2.349
2.349
2.350
2.350
2.350
2.350
2.351
2.353
2.354
2.354
2.354
2.354
2.355
2.355
2.355
2.356
2.356
2.357
2.358
2.358
2.358
2.359
2.359
2.360
2.360
2.360
2.360
2.361
2.361
2.362
2.362
2.362
2.363
2.363
2.364
2.364
2.364
2.365
2.365
2.365
2.366
2.367
2.367
2.367
2.368
2.368
2.368
2.371
2.371
2.371
2.371
2.371
2.372
2.372
2.372
2.372
2.373
2.373
2.373
2.373
2.374
2.374
2.374
2.374
2.376
2.376
2.377
2.377
2.377
2.378
2.378
2.378
2.379
2.379
2.379
2.380
2.380
2.380
2.381
2.382
2.382
2.383
2.383
2.383
2.383
2.384
2.385
2.385
2.386
2.386
2.386
2.387
2.388
2.388
2.388
2.390
2.391
2.391
2.392
2.392
2.392
2.393
2.393
2.394
2.394
2.395
2.395
2.397
2.397
2.397
2.398
2.398
2.398
2.398
2.399
2.399
2.400
2.400
2.400
2.400
2.401
2.401
2.402
2.402
2.403
2.404
2.404
2.405
2.405
2.405
2.406
2.406
2.406
2.407
2.407
2.411
2.411
2.411
2.412
2.412
2.413
2.413
2.414
2.414
2.414
2.416
2.419
2.419
2.419
2.419
2.419
2.420
2.420
2.420
2.420
2.421
2.421
2.421
2.422
2.423
2.423
2.424
2.425
2.425
2.426
2.426
2.427
2.427
2.427
2.427
2.428
2.429
2.430
2.430
2.430
2.430
2.431
2.431
2.431
2.432
2.432
2.432
2.433
2.434
2.434
2.435
2.435
2.436
2.437
2.438
2.439
2.439
2.439
2.441
2.441
2.441
2.443
2.444
2.444
2.444
2.445
2.445
2.446
2.446
2.447
2.448
2.449
2.449
2.449
2.452
2.452
2.453
2.453
2.455
2.455
2.456
2.457
2.458
2.458
2.460
2.460
2.461
2.461
2.461
2.462
2.463
2.464
2.464
2.464
2.464
2.465
2.466
2.466
2.467
2.469
2.470
2.470
2.471
2.471
2.472
2.473
2.473
2.474
2.477
2.478
2.478
2.478
2.479
2.480
2.480
2.482
2.482
2.483
2.483
2.483
2.486
2.487
2.487
2.488
2.488
2.489
2.490
2.490
2.494
2.496
2.496
2.497
2.498
2.500
2.501
2.501
2.501
2.501
2.501
2.501
2.501
2.503
2.506
2.509
2.509
2.511
2.512
2.512
2.512
2.514
2.517
2.518
2.518
2.519
2.520
2.520
2.521
2.522
2.523
2.524
2.524
2.526
2.526
2.526
2.527
2.527
2.530
2.530
2.531
2.533
2.533
2.534
2.535
2.537
2.537
2.538
2.540
2.542
2.545
2.546
2.546
2.552
2.552
2.553
2.553
2.553
2.554
2.554
2.556
2.556
2.560
2.561
2.561
2.565
2.565
2.566
2.568
2.570
2.572
2.572
2.573
2.577
2.579
2.579
2.581
2.581
2.583
2.583
2.585
2.588
2.592
2.599
2.602
2.606
2.608
2.613
2.616
2.616
2.619
2.623
2.623
2.631
2.631
2.634
2.637
2.645
2.649
2.656
2.663
2.676
2.696
