1.860
1.869
1.889
1.890
1.892
1.897
1.901
1.905
1.948
1.959
1.966
2.003
2.007
2.020
2.023
2.025
2.044
2.046
2.049
2.061
2.082
2.090
2.110
2.125
2.130
2.135
2.137
2.140
2.157
2.159
2.159
2.159
2.159
2.164
2.184
2.186
2.188
2.188
2.189
2.189
2.196
2.200
2.201
2.203
2.207
2.215
2.218
2.221
2.225
2.226
2.230
2.234
2.239
2.243
2.246
2.246
2.248
2.250
2.251
2.254
2.256
2.259
2.265
2.269
2.273
2.274
2.275
2.275
2.275
2.278
2.283
2.284
2.285
2.287
2.287
2.291
2.293
2.293
2.302
2.302
2.308
2.308
2.308
2.310
2.311
2.311
2.312
2.315
2.315
2.319
2.321
2.321
2.323
2.324
2.325
2.325
2.328
2.328
2.329
2.329
2.335
2.336
2.336
2.339
2.341
2.345
2.349
2.349
2.350
2.353
2.357
2.358
2.360
2.361
2.362
2.367
2.369
2.373
2.374
2.375
2.375
2.376
2.378
2.379
2.381
2.383
2.385
2.387
2.388
2.388
2.389
2.391
2.391
2.391
2.393
2.394
2.395
2.396
2.398
2.401
2.404
2.406
2.406
2.407
2.407
2.408
2.409
2.410
2.411
2.412
2.412
2.418
2.418
2.418
2.418
2.419
2.420
2.420
2.423
2.425
2.425
2.427
2.428
2.428
2.428
2.430
2.430
2.432
2.433
2.433
2.435
2.435
2.435
2.436
2.436
2.436
2.437
2.438
2.438
2.439
2.439
2.439
2.441
2.442
2.444
2.450
2.451
2.451
2.452
2.452
2.453
2.455
2.457
2.457
2.458
2.459
2.460
2.461
2.465
2.466
2.467
2.470
2.470
2.471
2.471
2.471
2.471
2.472
2.472
2.473
2.473
2.475
2.475
2.477
2.479
2.479
2.481
2.482
2.483
2.483
2.484
2.486
2.486
2.486
2.486
2.488
2.488
2.490
2.491
2.492
2.492
2.494
2.494
2.495
2.496
2.496
2.496
2.500
2.502
2.502
2.502
2.503
2.503
2.505
2.508
2.508
2.508
2.509
2.509
2.511
2.511
2.512
2.513
2.513
2.514
2.515
2.516
2.516
2.517
2.517
2.517
2.517
2.518
2.519
2.520
2.521
2.522
2.523
2.524
2.525
2.525
2.526
2.526
2.527
2.527
2.527
2.528
2.528
2.530
2.531
2.533
2.533
2.533
2.534
2.534
2.534
2.535
2.536
2.536
2.539
2.539
2.539
2.540
2.540
2.540
2.540
2.540
2.541
2.543
2.544
2.545
2.546
2.547
2.547
2.548
2.549
2.550
2.551
2.551
2.552
2.552
2.552
2.552
2.552
2.554
2.554
2.554
2.556
2.556
2.557
2.557
2.557
2.558
2.559
2.559
2.560
2.560
2.560
2.561
2.561
2.563
2.564
2.565
2.565
2.565
2.566
2.567
2.568
2.568
2.570
2.570
2.572
2.572
2.573
2.573
2.573
2.574
2.574
2.574
2.574
2.574
2.575
2.575
2.575
2.576
2.576
2.577
2.577
2.579
2.580
2.581
2.583
2.583
2.586
2.586
2.586
2.587
2.587
2.588
2.589
2.589
2.589
2.590
2.590
2.590
2.591
2.591
2.592
2.592
2.592
2.592
2.593
2.593
2.593
2.593
2.594
2.595
2.595
2.595
2.595
2.595
2.596
2.597
2.597
2.598
2.600
2.600
2.600
2.601
2.602
2.602
2.603
2.603
2.604
2.604
2.607
2.608
2.608
2.609
2.609
2.609
2.609
2.609
2.609
2.610
2.610
2.610
2.612
2.613
2.613
2.614
2.615
2.615
2.615
2.616
2.616
2.617
2.619
2.620
2.620
2.620
2.620
2.620
2.621
2.622
2.622
2.623
2.624
2.625
2.626
2.627
2.628
2.629
2.629
2.631
2.631
2.632
2.632
2.632
2.632
2.633
2.634
2.636
2.636
2.638
2.640
2.641
2.641
2.642
2.642
2.643
2.643
2.644
2.645
2.646
2.646
2.646
2.646
2.648
2.648
2.649
2.649
2.650
2.651
2.651
2.652
2.652
2.653
2.653
2.654
2.654
2.654
2.655
2.657
2.657
2.658
2.658
2.660
2.660
2.661
2.661
2.661
2.661
2.661
2.662
2.662
2.663
2.663
2.665
2.665
2.665
2.665
2.666
2.666
2.667
2.667
2.667
2.668
2.668
2.669
2.669
2.670
2.670
2.671
2.672
2.672
2.672
2.673
2.673
2.674
2.674
2.675
2.675
2.676
2.676
2.676
2.677
2.679
2.679
2.680
2.681
2.682
2.682
2.682
2.684
2.684
2.684
2.685
2.685
2.685
2.686
2.687
2.687
2.687
2.687
2.687
2.687
2.687
2.688
2.689
2.689
2.689
2.690
2.690
2.691
2.692
2.692
2.693
2.693
2.694
2.694
2.695
2.695
2.695
2.696
2.696
2.697
2.697
2.697
2.698
2.699
2.700
2.701
2.702
2.702
2.702
2.702
2.702
2.703
2.703
2.703
2.704
2.704
2.705
2.705
2.705
2.705
2.705
2.705
2.706
2.706
2.706
2.707
2.707
2.707
2.707
2.707
2.707
2.708
2.709
2.710
2.711
2.711
2.712
2.712
2.713
2.714
2.714
2.715
2.715
2.715
2.716
2.716
2.716
2.716
2.717
2.717
2.717
2.717
2.718
2.718
2.719
2.721
2.721
2.721
2.722
2.722
2.722
2.722
2.724
2.724
2.724
2.724
2.724
2.725
2.725
2.726
2.726
2.727
2.727
2.727
2.727
2.729
2.729
2.730
2.731
2.731
2.732
2.733
2.733
2.734
2.734
2.734
2.734
2.734
2.735
2.736
2.736
2.736
2.736
2.737
2.738
2.738
2.738
2.739
2.740
2.740
2.741
2.741
2.742
2.742
2.743
2.744
2.745
2.746
2.747
2.747
2.747
2.747
2.748
2.748
2.749
2.749
2.749
2.750
2.750
2.751
2.751
2.751
2.752
2.752
2.753
2.753
2.753
2.754
2.754
2.754
2.754
2.754
2.755
2.755
2.756
2.757
2.757
2.757
2.757
2.757
2.758
2.759
2.759
2.759
2.759
2.760
2.760
2.760
2.760
2.760
2.761
2.761
2.762
2.762
2.763
2.763
2.763
2.763
2.764
2.764
2.764
2.764
2.764
2.765
2.766
2.766
2.767
2.767
2.767
2.767
2.767
2.768
2.768
2.769
2.769
2.769
2.769
2.770
2.771
2.772
2.772
2.773
2.774
2.774
2.775
2.775
2.776
2.776
2.777
2.777
2.777
2.777
2.778
2.778
2.778
2.778
2.779
2.779
2.779
2.779
2.780
2.780
2.780
2.780
2.780
2.781
2.781
2.782
2.782
2.784
2.784
2.784
2.784
2.785
2.787
2.788
2.788
2.788
2.788
2.788
2.789
2.789
2.789
2.789
2.790
2.790
2.790
2.791
2.791
2.792
2.792
2.792
2.792
2.793
2.794
2.794
2.794
2.794
2.795
2.795
2.796
2.796
2.796
2.797
2.797
2.799
2.800
2.800
2.800
2.800
2.801
2.801
2.803
2.803
2.803
2.804
2.804
2.804
2.806
2.806
2.806
2.806
2.807
2.807
2.807
2.807
2.808
2.808
2.809
2.809
2.810
2.810
2.811
2.812
2.813
2.813
2.813
2.814
2.815
2.815
2.815
2.816
2.817
2.817
2.817
2.818
2.818
2.818
2.818
2.821
2.821
2.821
2.821
2.822
2.822
2.822
2.822
2.824
2.824
2.825
2.825
2.826
2.826
2.826
2.826
2.827
2.827
2.827
2.827
2.828
2.828
2.829
2.830
2.830
2.830
2.831
2.832
2.832
2.832
2.833
2.834
2.834
2.834
2.835
2.835
2.835
2.835
2.836
2.836
2.836
2.836
2.837
2.837
2.837
2.838
2.839
2.840
2.840
2.840
2.842
2.842
2.843
2.843
2.843
2.844
2.844
2.844
2.844
2.845
2.845
2.846
2.846
2.846
2.846
2.847
2.848
2.849
2.849
2.849
2.849
2.849
2.850
2.850
2.850
2.850
2.851
2.851
2.851
2.851
2.852
2.852
2.852
2.852
2.853
2.854
2.854
2.854
2.855
2.855
2.855
2.858
2.858
2.860
2.860
2.860
2.861
2.862
2.862
2.862
2.862
2.862
2.863
2.864
2.864
2.864
2.865
2.865
2.865
2.866
2.867
2.867
2.868
2.869
2.869
2.870
2.870
2.870
2.872
2.872
2.872
2.873
2.873
2.874
2.874
2.874
2.875
2.875
2.875
2.875
2.875
2.876
2.876
2.876
2.877
2.877
2.878
2.878
2.879
2.879
2.880
2.880
2.880
2.880
2.881
2.882
2.882
2.882
2.883
2.883
2.883
2.884
2.884
2.884
2.885
2.885
2.886
2.886
2.886
2.886
2.886
2.887
2.887
2.887
2.889
2.889
2.889
2.889
2.890
2.890
2.891
2.891
2.892
2.892
2.892
2.893
2.893
2.893
2.894
2.894
2.895
2.896
2.896
2.896
2.896
2.896
2.896
2.897
2.897
2.897
2.897
2.899
2.899
2.899
2.900
2.900
2.900
2.901
2.902
2.902
2.902
2.903
2.903
2.904
2.904
2.904
2.904
2.905
2.906
2.907
2.907
2.908
2.908
2.908
2.909
2.910
2.910
2.913
2.914
2.915
2.916
2.916
2.916
2.917
2.918
2.919
2.919
2.919
2.921
2.921
2.921
2.921
2.921
2.922
2.922
2.923
2.923
2.924
2.924
2.926
2.926
2.927
2.927
2.927
2.927
2.928
2.929
2.929
2.930
2.930
2.930
2.930
2.932
2.932
2.933
2.933
2.934
2.935
2.935
2.936
2.936
2.937
2.937
2.938
2.938
2.939
2.940
2.940
2.942
2.943
2.945
2.945
2.945
2.946
2.946
2.947
2.947
2.948
2.948
2.948
2.948
2.948
2.949
2.949
2.949
2.949
2.950
2.951
2.952
2.953
2.953
2.956
2.956
2.959
2.959
2.960
2.961
2.962
2.962
2.963
2.964
2.964
2.964
2.965
2.966
2.967
2.967
2.967
2.967
2.968
2.968
2.968
2.971
2.971
2.971
2.974
2.974
2.975
2.975
2.976
2.976
2.977
2.977
2.977
2.977
2.978
2.978
2.979
2.980
2.980
2.982
2.982
2.982
2.983
2.983
2.984
2.984
2.986
2.986
2.986
2.987
2.987
2.987
2.987
2.989
2.990
2.990
2.990
2.990
2.992
2.993
2.993
2.994
2.996
2.997
2.997
2.997
2.998
2.998
2.999
2.999
3.000
3.000
3.001
3.002
3.002
3.004
3.005
3.006
3.006
3.007
3.007
3.007
3.008
3.009
3.009
3.009
3.009
3.009
3.011
3.013
3.013
3.014
3.014
3.015
3.015
3.015
3.017
3.018
3.019
3.019
3.019
3.021
3.022
3.022
3.023
3.024
3.024
3.024
3.024
3.025
3.025
3.025
3.025
3.028
3.028
3.029
3.030
3.031
3.031
3.031
3.031
3.031
3.032
3.032
3.033
3.033
3.036
3.038
3.038
3.038
3.039
3.039
3.040
3.040
3.040
3.041
3.041
3.042
3.043
3.044
3.044
3.046
3.046
3.046
3.047
3.047
3.049
3.050
3.051
3.052
3.052
3.053
3.054
3.054
3.055
3.056
3.056
3.060
3.060
3.062
3.062
3.063
3.064
3.064
3.065
3.065
3.066
3.068
3.068
3.068
3.068
3.069
3.072
3.072
3.074
3.074
3.075
3.075
3.075
3.075
3.076
3.077
3.077
3.078
3.078
3.078
3.080
3.080
3.082
3.084
3.086
3.088
3.088
3.088
3.089
3.089
3.089
3.090
3.091
3.092
3.093
3.093
3.094
3.094
3.094
3.094
3.095
3.095
3.096
3.097
3.098
3.098
3.099
3.100
3.101
3.103
3.104
3.104
3.105
3.105
3.109
3.109
3.111
3.111
3.113
3.115
3.115
3.120
3.122
3.123
3.125
3.125
3.125
3.127
3.127
3.128
3.129
3.132
3.132
3.133
3.133
3.134
3.138
3.138
3.138
3.140
3.140
3.141
3.142
3.142
3.143
3.146
3.150
3.150
3.151
3.151
3.151
3.153
3.154
3.154
3.154
3.156
3.159
3.159
3.165
3.165
3.167
3.167
3.170
3.172
3.180
3.183
3.187
3.187
3.189
3.191
3.192
3.193
3.193
3.196
3.196
3.197
3.197
3.198
3.202
3.204
3.208
3.211
3.213
3.216
3.219
3.219
3.220
3.222
3.224
3.225
3.229
3.230
3.230
3.232
3.234
3.240
3.243
3.245
3.246
3.247
3.248
3.249
3.250
3.252
3.254
3.255
3.258
3.259
3.261
3.262
3.263
3.271
3.272
3.272
3.273
3.280
3.282
3.286
3.288
3.293
3.294
3.297
3.297
3.298
3.303
3.308
3.328
3.337
3.339
3.342
3.345
3.346
3.347
3.358
3.363
3.364
3.365
3.365
3.367
3.367
3.376
3.378
3.385
3.386
3.389
3.393
3.408
3.417
3.451
3.465
3.477
3.480
3.494
3.513
