2.399
2.557
2.614
2.679
2.699
2.707
2.756
2.759
2.767
2.776
2.778
2.788
2.792
2.796
2.802
2.816
2.834
2.846
2.849
2.851
2.851
2.854
2.855
2.861
2.864
2.864
2.876
2.877
2.879
2.885
2.890
2.894
2.898
2.903
2.905
2.908
2.908
2.922
2.926
2.927
2.934
2.937
2.941
2.941
2.943
2.946
2.947
2.948
2.949
2.950
2.951
2.952
2.952
2.952
2.956
2.956
2.957
2.961
2.965
2.965
2.966
2.975
2.975
2.977
2.978
2.979
2.981
2.982
2.989
2.989
2.991
2.991
2.992
2.993
2.993
2.993
2.994
2.996
2.998
2.999
3.001
3.003
3.003
3.008
3.009
3.010
3.013
3.013
3.016
3.018
3.019
3.019
3.020
3.024
3.026
3.029
3.031
3.033
3.033
3.033
3.035
3.036
3.036
3.038
3.038
3.038
3.038
3.040
3.041
3.042
3.042
3.042
3.043
3.044
3.045
3.048
3.048
3.050
3.050
3.050
3.051
3.051
3.052
3.054
3.054
3.054
3.056
3.057
3.059
3.060
3.062
3.063
3.063
3.065
3.065
3.068
3.068
3.070
3.070
3.072
3.073
3.074
3.075
3.076
3.081
3.083
3.084
3.086
3.087
3.088
3.088
3.089
3.091
3.092
3.092
3.092
3.092
3.094
3.095
3.096
3.097
3.099
3.101
3.101
3.101
3.101
3.101
3.102
3.103
3.105
3.106
3.109
3.110
3.111
3.111
3.112
3.113
3.113
3.113
3.114
3.114
3.114
3.115
3.116
3.116
3.116
3.117
3.117
3.117
3.118
3.119
3.119
3.119
3.121
3.121
3.122
3.123
3.123
3.124
3.125
3.126
3.128
3.129
3.129
3.130
3.131
3.131
3.131
3.131
3.133
3.135
3.135
3.136
3.136
3.137
3.138
3.139
3.139
3.140
3.142
3.143
3.143
3.144
3.144
3.146
3.147
3.149
3.149
3.150
3.152
3.155
3.155
3.156
3.157
3.157
3.157
3.157
3.158
3.158
3.158
3.160
3.160
3.160
3.161
3.161
3.161
3.162
3.162
3.162
3.163
3.164
3.164
3.167
3.167
3.168
3.168
3.169
3.170
3.171
3.173
3.174
3.176
3.177
3.178
3.178
3.178
3.179
3.179
3.179
3.179
3.180
3.180
3.180
3.182
3.182
3.183
3.183
3.183
3.184
3.185
3.185
3.188
3.188
3.188
3.189
3.190
3.191
3.191
3.192
3.192
3.192
3.193
3.193
3.194
3.195
3.195
3.195
3.196
3.196
3.196
3.196
3.198
3.199
3.200
3.200
3.201
3.202
3.202
3.203
3.203
3.203
3.203
3.204
3.204
3.205
3.205
3.206
3.206
3.207
3.207
3.208
3.208
3.208
3.208
3.210
3.211
3.212
3.212
3.213
3.213
3.214
3.214
3.215
3.215
3.217
3.217
3.219
3.219
3.221
3.223
3.224
3.224
3.224
3.225
3.225
3.225
3.225
3.227
3.227
3.228
3.228
3.228
3.229
3.231
3.231
3.232
3.233
3.234
3.234
3.234
3.234
3.236
3.237
3.239
3.239
3.240
3.241
3.241
3.242
3.242
3.243
3.243
3.244
3.244
3.246
3.247
3.248
3.249
3.250
3.250
3.250
3.250
3.252
3.253
3.253
3.253
3.254
3.254
3.255
3.256
3.258
3.259
3.259
3.259
3.261
3.261
3.262
3.263
3.263
3.264
3.264
3.265
3.266
3.266
3.267
3.269
3.269
3.269
3.270
3.270
3.270
3.271
3.271
3.271
3.272
3.272
3.273
3.274
3.274
3.274
3.275
3.276
3.277
3.277
3.277
3.278
3.278
3.279
3.280
3.281
3.282
3.283
3.284
3.284
3.285
3.285
3.285
3.286
3.286
3.287
3.288
3.288
3.288
3.288
3.288
3.288
3.289
3.290
3.290
3.290
3.291
3.291
3.291
3.291
3.292
3.292
3.292
3.294
3.294
3.294
3.295
3.296
3.296
3.297
3.298
3.299
3.299
3.299
3.300
3.300
3.302
3.302
3.304
3.304
3.304
3.304
3.304
3.305
3.306
3.306
3.306
3.308
3.308
3.309
3.309
3.310
3.310
3.311
3.311
3.311
3.312
3.313
3.313
3.313
3.314
3.315
3.315
3.316
3.317
3.318
3.319
3.319
3.319
3.319
3.319
3.321
3.322
3.322
3.322
3.323
3.324
3.324
3.324
3.325
3.325
3.325
3.326
3.326
3.326
3.327
3.327
3.328
3.329
3.329
3.330
3.330
3.331
3.334
3.335
3.335
3.336
3.337
3.338
3.338
3.338
3.339
3.339
3.340
3.341
3.342
3.343
3.343
3.343
3.344
3.344
3.344
3.345
3.346
3.346
3.347
3.347
3.348
3.348
3.348
3.349
3.349
3.349
3.349
3.352
3.352
3.352
3.353
3.353
3.354
3.354
3.355
3.355
3.355
3.355
3.356
3.356
3.356
3.357
3.357
3.357
3.358
3.358
3.359
3.359
3.359
3.359
3.359
3.359
3.360
3.360
3.360
3.361
3.361
3.361
3.361
3.361
3.361
3.362
3.362
3.363
3.363
3.363
3.363
3.364
3.364
3.364
3.364
3.364
3.364
3.365
3.366
3.366
3.367
3.367
3.367
3.368
3.368
3.368
3.368
3.369
3.369
3.370
3.371
3.371
3.373
3.373
3.373
3.373
3.374
3.375
3.375
3.375
3.375
3.376
3.376
3.377
3.377
3.377
3.378
3.379
3.380
3.380
3.380
3.381
3.381
3.381
3.381
3.382
3.382
3.382
3.383
3.383
3.383
3.383
3.383
3.384
3.384
3.385
3.385
3.385
3.386
3.386
3.387
3.387
3.387
3.387
3.387
3.387
3.389
3.389
3.389
3.389
3.389
3.390
3.390
3.390
3.391
3.391
3.392
3.392
3.393
3.393
3.394
3.395
3.395
3.396
3.396
3.396
3.397
3.397
3.398
3.399
3.399
3.399
3.399
3.399
3.400
3.400
3.400
3.400
3.400
3.401
3.401
3.401
3.402
3.402
3.403
3.403
3.403
3.404
3.405
3.406
3.406
3.406
3.406
3.407
3.407
3.407
3.407
3.408
3.408
3.408
3.408
3.409
3.409
3.410
3.410
3.410
3.411
3.412
3.412
3.413
3.414
3.416
3.416
3.417
3.417
3.418
3.419
3.419
3.419
3.420
3.420
3.420
3.421
3.421
3.422
3.422
3.422
3.423
3.423
3.424
3.424
3.425
3.425
3.426
3.427
3.427
3.428
3.429
3.429
3.429
3.429
3.431
3.431
3.432
3.432
3.433
3.434
3.434
3.435
3.435
3.436
3.436
3.436
3.436
3.437
3.437
3.437
3.437
3.438
3.438
3.438
3.439
3.439
3.440
3.441
3.441
3.441
3.442
3.442
3.443
3.443
3.444
3.444
3.444
3.446
3.447
3.447
3.447
3.448
3.449
3.449
3.450
3.450
3.450
3.450
3.451
3.451
3.452
3.452
3.453
3.453
3.453
3.453
3.454
3.454
3.455
3.455
3.455
3.455
3.456
3.457
3.459
3.459
3.459
3.460
3.460
3.460
3.461
3.461
3.462
3.463
3.464
3.465
3.466
3.466
3.466
3.467
3.467
3.468
3.468
3.468
3.469
3.470
3.470
3.470
3.471
3.471
3.472
3.473
3.474
3.474
3.474
3.474
3.475
3.475
3.475
3.475
3.476
3.476
3.477
3.477
3.477
3.478
3.478
3.480
3.481
3.481
3.481
3.482
3.482
3.483
3.484
3.484
3.484
3.485
3.485
3.485
3.486
3.486
3.486
3.486
3.487
3.487
3.487
3.487
3.488
3.488
3.488
3.489
3.489
3.490
3.490
3.492
3.492
3.492
3.492
3.492
3.494
3.494
3.494
3.494
3.494
3.494
3.494
3.495
3.495
3.495
3.495
3.495
3.496
3.497
3.497
3.497
3.497
3.498
3.498
3.499
3.499
3.500
3.500
3.500
3.501
3.501
3.501
3.502
3.502
3.502
3.502
3.502
3.502
3.503
3.503
3.503
3.504
3.505
3.505
3.506
3.506
3.506
3.506
3.506
3.506
3.507
3.507
3.507
3.508
3.508
3.509
3.509
3.509
3.509
3.509
3.512
3.512
3.512
3.512
3.513
3.513
3.513
3.513
3.513
3.513
3.514
3.514
3.515
3.515
3.516
3.516
3.517
3.517
3.518
3.518
3.520
3.520
3.520
3.521
3.522
3.522
3.524
3.524
3.525
3.526
3.526
3.526
3.527
3.527
3.527
3.529
3.530
3.531
3.532
3.533
3.533
3.534
3.535
3.535
3.535
3.535
3.536
3.536
3.536
3.537
3.537
3.538
3.540
3.541
3.541
3.541
3.542
3.542
3.542
3.543
3.543
3.544
3.544
3.544
3.544
3.544
3.545
3.545
3.546
3.546
3.546
3.547
3.547
3.547
3.548
3.548
3.548
3.549
3.549
3.550
3.550
3.550
3.551
3.551
3.551
3.552
3.552
3.553
3.553
3.554
3.554
3.555
3.555
3.556
3.557
3.557
3.558
3.558
3.559
3.560
3.560
3.561
3.561
3.561
3.561
3.562
3.562
3.563
3.563
3.563
3.563
3.563
3.565
3.565
3.566
3.567
3.567
3.567
3.568
3.569
3.569
3.569
3.570
3.571
3.573
3.573
3.575
3.575
3.575
3.576
3.577
3.577
3.577
3.577
3.577
3.577
3.578
3.578
3.579
3.579
3.580
3.580
3.581
3.581
3.581
3.582
3.582
3.582
3.583
3.584
3.584
3.585
3.585
3.586
3.587
3.587
3.587
3.588
3.588
3.589
3.590
3.590
3.591
3.592
3.592
3.592
3.593
3.593
3.594
3.594
3.594
3.595
3.596
3.596
3.598
3.598
3.599
3.599
3.599
3.600
3.600
3.601
3.602
3.603
3.603
3.603
3.604
3.604
3.605
3.605
3.606
3.606
3.606
3.606
3.606
3.607
3.607
3.608
3.609
3.610
3.610
3.611
3.612
3.613
3.613
3.614
3.614
3.617
3.618
3.619
3.619
3.619
3.621
3.622
3.623
3.623
3.624
3.624
3.625
3.625
3.626
3.627
3.628
3.628
3.629
3.630
3.630
3.631
3.633
3.634
3.634
3.635
3.636
3.636
3.638
3.638
3.638
3.639
3.639
3.641
3.642
3.642
3.642
3.642
3.642
3.643
3.643
3.644
3.644
3.645
3.645
3.647
3.647
3.648
3.649
3.649
3.649
3.650
3.651
3.651
3.651
3.652
3.653
3.653
3.654
3.657
3.657
3.657
3.659
3.660
3.660
3.661
3.662
3.662
3.662
3.664
3.664
3.665
3.666
3.667
3.667
3.669
3.671
3.671
3.672
3.673
3.675
3.676
3.677
3.678
3.679
3.680
3.680
3.681
3.682
3.684
3.684
3.684
3.684
3.684
3.685
3.685
3.685
3.687
3.689
3.689
3.689
3.689
3.690
3.690
3.692
3.692
3.693
3.693
3.693
3.694
3.695
3.696
3.697
3.697
3.697
3.697
3.697
3.697
3.701
3.704
3.704
3.704
3.704
3.704
3.705
3.706
3.706
3.707
3.708
3.709
3.709
3.709
3.711
3.712
3.713
3.714
3.715
3.715
3.716
3.717
3.717
3.718
3.719
3.719
3.720
3.721
3.725
3.725
3.726
3.727
3.729
3.729
3.730
3.731
3.731
3.732
3.733
3.733
3.733
3.735
3.735
3.736
3.737
3.737
3.738
3.738
3.738
3.742
3.742
3.743
3.743
3.745
3.745
3.745
3.745
3.746
3.748
3.748
3.749
3.750
3.751
3.751
3.753
3.756
3.757
3.758
3.759
3.759
3.761
3.761
3.765
3.765
3.765
3.765
3.770
3.771
3.772
3.772
3.773
3.773
3.774
3.776
3.776
3.777
3.778
3.778
3.779
3.779
3.780
3.780
3.782
3.782
3.783
3.784
3.786
3.787
3.787
3.789
3.790
3.792
3.793
3.794
3.800
3.800
3.802
3.803
3.803
3.804
3.805
3.806
3.807
3.807
3.808
3.810
3.813
3.813
3.816
3.820
3.822
3.822
3.822
3.824
3.824
3.825
3.826
3.826
3.828
3.828
3.829
3.832
3.832
3.833
3.837
3.839
3.840
3.844
3.845
3.849
3.850
3.855
3.855
3.856
3.856
3.858
3.859
3.859
3.863
3.864
3.864
3.866
3.869
3.871
3.875
3.877
3.877
3.879
3.881
3.883
3.887
3.888
3.892
3.892
3.893
3.899
3.900
3.900
3.901
3.905
3.906
3.914
3.917
3.917
3.918
3.924
3.929
3.930
3.932
3.932
3.934
3.936
3.937
3.937
3.937
3.938
3.941
3.947
3.949
3.958
3.958
3.964
3.965
3.968
3.971
3.980
3.983
3.983
3.988
3.992
3.994
4.002
4.004
4.004
4.007
4.011
4.016
4.019
4.020
4.024
4.026
4.028
4.031
4.033
4.036
4.038
4.042
4.047
4.049
4.050
4.087
4.101
4.101
4.121
4.128
4.128
4.129
4.204
4.206
4.232
4.233
4.296
4.334
4.418
