1.906
2.031
2.065
2.159
2.164
2.172
2.172
2.190
2.221
2.227
2.228
2.234
2.240
2.244
2.253
2.268
2.272
2.274
2.276
2.280
2.280
2.281
2.285
2.291
2.292
2.300
2.302
2.305
2.309
2.315
2.315
2.317
2.318
2.326
2.328
2.330
2.341
2.345
2.346
2.349
2.353
2.354
2.358
2.362
2.362
2.362
2.368
2.368
2.370
2.371
2.371
2.373
2.376
2.376
2.379
2.380
2.389
2.389
2.392
2.394
2.394
2.396
2.397
2.401
2.401
2.403
2.403
2.410
2.411
2.413
2.415
2.421
2.423
2.426
2.427
2.430
2.430
2.430
2.432
2.433
2.434
2.434
2.435
2.435
2.436
2.436
2.436
2.437
2.438
2.439
2.440
2.442
2.443
2.444
2.445
2.445
2.446
2.449
2.450
2.451
2.451
2.456
2.458
2.459
2.462
2.462
2.464
2.465
2.465
2.467
2.468
2.469
2.469
2.469
2.472
2.472
2.476
2.476
2.478
2.478
2.479
2.479
2.481
2.482
2.483
2.484
2.485
2.488
2.488
2.490
2.490
2.492
2.493
2.494
2.495
2.496
2.497
2.498
2.499
2.499
2.499
2.499
2.500
2.500
2.501
2.502
2.502
2.503
2.505
2.505
2.505
2.506
2.506
2.508
2.509
2.509
2.510
2.512
2.513
2.513
2.514
2.515
2.516
2.516
2.516
2.516
2.518
2.518
2.519
2.521
2.521
2.521
2.523
2.523
2.523
2.524
2.524
2.526
2.529
2.529
2.531
2.531
2.532
2.532
2.533
2.534
2.534
2.535
2.535
2.535
2.536
2.536
2.536
2.537
2.538
2.539
2.544
2.544
2.545
2.546
2.547
2.547
2.548
2.550
2.552
2.553
2.554
2.554
2.555
2.555
2.555
2.556
2.557
2.557
2.557
2.557
2.557
2.558
2.558
2.560
2.561
2.562
2.563
2.564
2.566
2.568
2.569
2.569
2.570
2.570
2.570
2.570
2.571
2.571
2.573
2.574
2.574
2.574
2.575
2.575
2.576
2.578
2.579
2.580
2.580
2.581
2.583
2.583
2.583
2.583
2.583
2.583
2.583
2.584
2.584
2.586
2.586
2.586
2.586
2.587
2.587
2.588
2.592
2.593
2.593
2.593
2.595
2.596
2.596
2.597
2.597
2.597
2.598
2.598
2.598
2.599
2.600
2.600
2.600
2.602
2.603
2.603
2.604
2.604
2.604
2.606
2.606
2.607
2.607
2.607
2.608
2.609
2.609
2.610
2.610
2.611
2.611
2.611
2.612
2.612
2.612
2.612
2.613
2.613
2.616
2.616
2.617
2.618
2.618
2.619
2.619
2.619
2.620
2.621
2.621
2.621
2.622
2.622
2.624
2.624
2.625
2.625
2.626
2.626
2.626
2.627
2.629
2.629
2.629
2.629
2.630
2.630
2.630
2.631
2.631
2.633
2.635
2.636
2.636
2.637
2.637
2.637
2.638
2.638
2.640
2.640
2.640
2.641
2.643
2.644
2.644
2.645
2.646
2.646
2.647
2.647
2.648
2.648
2.648
2.650
2.650
2.650
2.651
2.651
2.651
2.652
2.652
2.653
2.654
2.654
2.655
2.655
2.656
2.657
2.658
2.658
2.658
2.660
2.660
2.661
2.661
2.661
2.662
2.662
2.662
2.662
2.663
2.664
2.664
2.665
2.667
2.668
2.668
2.668
2.669
2.670
2.671
2.671
2.671
2.671
2.671
2.673
2.673
2.674
2.674
2.675
2.675
2.675
2.675
2.676
2.676
2.677
2.677
2.677
2.677
2.677
2.678
2.679
2.680
2.680
2.680
2.681
2.681
2.684
2.686
2.687
2.688
2.688
2.688
2.689
2.689
2.689
2.695
2.695
2.696
2.696
2.697
2.697
2.697
2.697
2.698
2.698
2.699
2.700
2.700
2.700
2.700
2.702
2.702
2.702
2.702
2.702
2.703
2.704
2.704
2.704
2.704
2.705
2.706
2.706
2.706
2.707
2.707
2.707
2.707
2.707
2.708
2.708
2.709
2.709
2.709
2.709
2.711
2.712
2.712
2.712
2.713
2.714
2.715
2.716
2.716
2.717
2.717
2.718
2.718
2.719
2.719
2.719
2.719
2.719
2.720
2.721
2.721
2.721
2.722
2.723
2.723
2.723
2.723
2.723
2.724
2.725
2.725
2.725
2.725
2.726
2.727
2.727
2.728
2.729
2.730
2.730
2.730
2.732
2.732
2.732
2.732
2.732
2.732
2.733
2.733
2.734
2.734
2.735
2.735
2.736
2.736
2.736
2.737
2.737
2.738
2.739
2.739
2.740
2.740
2.742
2.742
2.743
2.743
2.743
2.743
2.743
2.744
2.744
2.745
2.745
2.745
2.745
2.745
2.745
2.746
2.746
2.746
2.747
2.747
2.747
2.748
2.749
2.750
2.751
2.752
2.752
2.752
2.753
2.754
2.754
2.754
2.756
2.757
2.757
2.757
2.758
2.759
2.759
2.759
2.759
2.760
2.760
2.760
2.761
2.761
2.762
2.762
2.763
2.763
2.766
2.766
2.766
2.766
2.766
2.767
2.767
2.767
2.768
2.768
2.768
2.768
2.769
2.772
2.773
2.773
2.773
2.774
2.774
2.775
2.775
2.775
2.776
2.776
2.776
2.776
2.777
2.777
2.777
2.778
2.779
2.780
2.781
2.781
2.781
2.782
2.782
2.783
2.783
2.783
2.784
2.785
2.785
2.785
2.786
2.786
2.788
2.788
2.789
2.789
2.790
2.790
2.791
2.792
2.792
2.792
2.793
2.794
2.794
2.795
2.795
2.795
2.796
2.797
2.797
2.797
2.798
2.798
2.798
2.799
2.799
2.799
2.801
2.802
2.802
2.803
2.803
2.803
2.804
2.804
2.804
2.805
2.805
2.806
2.806
2.806
2.808
2.808
2.809
2.809
2.809
2.810
2.810
2.810
2.810
2.811
2.811
2.811
2.811
2.811
2.811
2.812
2.813
2.813
2.813
2.813
2.813
2.814
2.814
2.814
2.816
2.817
2.817
2.817
2.818
2.820
2.820
2.821
2.822
2.822
2.822
2.823
2.824
2.825
2.825
2.825
2.825
2.825
2.826
2.827
2.827
2.828
2.828
2.828
2.829
2.829
2.829
2.829
2.829
2.829
2.829
2.830
2.830
2.831
2.831
2.831
2.831
2.833
2.833
2.833
2.833
2.833
2.834
2.834
2.834
2.835
2.836
2.837
2.837
2.838
2.838
2.839
2.839
2.839
2.839
2.839
2.839
2.839
2.839
2.840
2.840
2.840
2.841
2.841
2.841
2.842
2.843
2.843
2.843
2.843
2.844
2.844
2.844
2.845
2.845
2.846
2.846
2.847
2.848
2.848
2.849
2.849
2.851
2.851
2.853
2.853
2.853
2.855
2.856
2.857
2.858
2.859
2.860
2.860
2.861
2.861
2.862
2.862
2.862
2.863
2.863
2.864
2.864
2.864
2.864
2.865
2.865
2.866
2.866
2.866
2.868
2.868
2.868
2.868
2.869
2.869
2.869
2.870
2.872
2.872
2.872
2.873
2.873
2.873
2.874
2.874
2.876
2.877
2.877
2.877
2.877
2.878
2.878
2.880
2.880
2.880
2.881
2.881
2.882
2.883
2.884
2.885
2.886
2.887
2.887
2.887
2.887
2.887
2.888
2.888
2.889
2.889
2.890
2.891
2.893
2.894
2.894
2.894
2.894
2.895
2.895
2.895
2.895
2.896
2.897
2.897
2.898
2.898
2.898
2.898
2.898
2.899
2.899
2.900
2.900
2.901
2.901
2.902
2.902
2.902
2.902
2.903
2.903
2.903
2.903
2.903
2.904
2.905
2.905
2.906
2.906
2.906
2.907
2.908
2.908
2.908
2.908
2.908
2.908
2.908
2.909
2.909
2.909
2.909
2.910
2.910
2.911
2.911
2.911
2.912
2.912
2.912
2.912
2.912
2.914
2.915
2.916
2.916
2.916
2.916
2.917
2.917
2.917
2.918
2.918
2.918
2.918
2.920
2.921
2.921
2.922
2.922
2.922
2.923
2.923
2.923
2.925
2.926
2.928
2.928
2.928
2.929
2.929
2.929
2.930
2.930
2.931
2.931
2.931
2.932
2.933
2.935
2.935
2.936
2.936
2.937
2.937
2.937
2.937
2.937
2.937
2.938
2.938
2.938
2.939
2.939
2.939
2.940
2.940
2.941
2.941
2.942
2.943
2.943
2.943
2.943
2.944
2.945
2.945
2.946
2.947
2.947
2.948
2.948
2.949
2.949
2.950
2.950
2.951
2.952
2.952
2.953
2.953
2.954
2.954
2.956
2.956
2.956
2.958
2.958
2.958
2.958
2.959
2.960
2.960
2.961
2.961
2.961
2.962
2.962
2.963
2.963
2.963
2.964
2.965
2.965
2.965
2.966
2.967
2.969
2.970
2.971
2.972
2.972
2.972
2.972
2.973
2.973
2.974
2.974
2.974
2.975
2.976
2.976
2.977
2.978
2.978
2.979
2.980
2.980
2.980
2.981
2.982
2.982
2.982
2.982
2.982
2.983
2.984
2.984
2.984
2.984
2.987
2.987
2.987
2.987
2.988
2.989
2.989
2.989
2.989
2.989
2.990
2.990
2.990
2.991
2.991
2.992
2.992
2.992
2.993
2.993
2.994
2.994
2.994
2.994
2.995
2.996
2.997
2.997
2.997
3.000
3.000
3.000
3.001
3.001
3.001
3.002
3.002
3.002
3.003
3.003
3.004
3.004
3.005
3.005
3.005
3.006
3.006
3.006
3.008
3.009
3.009
3.010
3.010
3.010
3.011
3.012
3.012
3.013
3.013
3.013
3.014
3.016
3.017
3.018
3.018
3.018
3.018
3.019
3.019
3.019
3.019
3.020
3.020
3.021
3.023
3.024
3.024
3.024
3.025
3.025
3.027
3.027
3.027
3.028
3.028
3.028
3.029
3.030
3.031
3.033
3.037
3.038
3.038
3.038
3.039
3.039
3.040
3.040
3.042
3.042
3.043
3.045
3.047
3.047
3.047
3.048
3.049
3.051
3.052
3.052
3.053
3.054
3.054
3.054
3.056
3.056
3.058
3.059
3.059
3.061
3.062
3.062
3.063
3.065
3.065
3.068
3.068
3.068
3.069
3.069
3.070
3.071
3.071
3.071
3.072
3.072
3.074
3.074
3.074
3.074
3.075
3.075
3.076
3.076
3.077
3.078
3.078
3.078
3.081
3.081
3.082
3.082
3.083
3.083
3.084
3.085
3.085
3.085
3.085
3.086
3.086
3.088
3.088
3.089
3.090
3.091
3.092
3.093
3.096
3.097
3.097
3.097
3.098
3.098
3.099
3.099
3.099
3.100
3.100
3.102
3.103
3.103
3.103
3.103
3.103
3.104
3.104
3.106
3.107
3.108
3.108
3.109
3.109
3.110
3.110
3.110
3.111
3.111
3.112
3.112
3.112
3.112
3.113
3.113
3.113
3.114
3.114
3.115
3.116
3.117
3.117
3.117
3.117
3.118
3.119
3.119
3.119
3.120
3.122
3.124
3.126
3.126
3.128
3.130
3.131
3.132
3.133
3.134
3.135
3.136
3.136
3.136
3.137
3.138
3.139
3.139
3.139
3.140
3.141
3.141
3.141
3.142
3.144
3.144
3.145
3.146
3.147
3.147
3.148
3.150
3.152
3.153
3.153
3.153
3.155
3.155
3.156
3.157
3.158
3.159
3.160
3.161
3.164
3.165
3.167
3.169
3.169
3.169
3.170
3.171
3.172
3.172
3.173
3.173
3.174
3.177
3.177
3.177
3.179
3.181
3.181
3.183
3.184
3.185
3.186
3.187
3.188
3.188
3.189
3.189
3.190
3.192
3.192
3.192
3.193
3.193
3.193
3.194
3.194
3.194
3.196
3.197
3.197
3.197
3.198
3.198
3.200
3.202
3.203
3.206
3.206
3.207
3.209
3.210
3.213
3.213
3.215
3.215
3.215
3.216
3.217
3.218
3.218
3.218
3.219
3.219
3.220
3.222
3.224
3.225
3.226
3.230
3.232
3.232
3.233
3.234
3.236
3.238
3.239
3.242
3.242
3.243
3.243
3.244
3.245
3.246
3.248
3.249
3.251
3.253
3.253
3.255
3.255
3.256
3.261
3.262
3.264
3.265
3.266
3.271
3.271
3.272
3.272
3.273
3.275
3.280
3.281
3.281
3.282
3.282
3.284
3.286
3.286
3.287
3.287
3.293
3.293
3.296
3.297
3.298
3.299
3.299
3.300
3.302
3.303
3.306
3.307
3.310
3.315
3.318
3.319
3.322
3.322
3.323
3.323
3.327
3.328
3.329
3.330
3.333
3.334
3.340
3.341
3.341
3.345
3.357
3.358
3.359
3.364
3.365
3.377
3.378
3.380
3.381
3.383
3.385
3.388
3.391
3.394
3.395
3.395
3.395
3.396
3.404
3.408
3.408
3.413
3.413
3.415
3.416
3.422
3.432
3.436
3.442
3.443
3.458
3.463
3.463
3.466
3.475
3.475
3.486
3.498
3.498
3.509
3.512
3.515
3.522
3.540
3.544
3.562
3.569
3.579
3.580
3.584
3.606
3.607
3.627
3.791
4.008
