2.225
2.262
2.280
2.306
2.312
2.312
2.317
2.326
2.337
2.338
2.347
2.370
2.370
2.372
2.375
2.375
2.389
2.393
2.393
2.398
2.398
2.401
2.401
2.402
2.403
2.403
2.403
2.406
2.407
2.412
2.416
2.416
2.418
2.419
2.423
2.423
2.424
2.424
2.432
2.433
2.436
2.437
2.437
2.438
2.440
2.442
2.443
2.445
2.446
2.446
2.446
2.446
2.448
2.450
2.452
2.452
2.453
2.455
2.458
2.459
2.460
2.460
2.460
2.463
2.464
2.465
2.465
2.465
2.466
2.466
2.471
2.472
2.472
2.475
2.477
2.478
2.479
2.480
2.480
2.481
2.482
2.482
2.482
2.483
2.484
2.485
2.486
2.488
2.489
2.490
2.491
2.491
2.491
2.492
2.492
2.496
2.497
2.500
2.502
2.506
2.507
2.509
2.510
2.513
2.513
2.513
2.514
2.514
2.515
2.518
2.520
2.520
2.521
2.521
2.521
2.521
2.522
2.522
2.524
2.524
2.525
2.526
2.527
2.527
2.527
2.527
2.529
2.529
2.530
2.530
2.530
2.531
2.531
2.531
2.531
2.533
2.534
2.537
2.537
2.537
2.538
2.538
2.539
2.540
2.540
2.540
2.541
2.541
2.541
2.542
2.542
2.542
2.542
2.543
2.543
2.543
2.545
2.546
2.549
2.549
2.549
2.549
2.550
2.550
2.550
2.551
2.551
2.551
2.552
2.553
2.556
2.556
2.556
2.556
2.557
2.557
2.558
2.558
2.558
2.558
2.559
2.560
2.560
2.561
2.561
2.561
2.563
2.563
2.563
2.564
2.565
2.565
2.565
2.566
2.566
2.567
2.567
2.567
2.567
2.568
2.568
2.569
2.569
2.569
2.570
2.570
2.570
2.571
2.571
2.572
2.573
2.573
2.573
2.573
2.574
2.574
2.574
2.574
2.575
2.576
2.577
2.579
2.579
2.580
2.580
2.582
2.583
2.583
2.583
2.583
2.584
2.584
2.584
2.584
2.585
2.585
2.586
2.586
2.586
2.587
2.588
2.588
2.588
2.588
2.589
2.589
2.590
2.591
2.591
2.591
2.591
2.592
2.592
2.593
2.593
2.593
2.594
2.595
2.596
2.596
2.596
2.596
2.597
2.598
2.598
2.598
2.599
2.599
2.599
2.599
2.600
2.600
2.601
2.602
2.602
2.602
2.603
2.603
2.603
2.604
2.605
2.606
2.606
2.607
2.607
2.608
2.609
2.610
2.610
2.610
2.611
2.612
2.612
2.612
2.612
2.613
2.614
2.614
2.615
2.615
2.616
2.616
2.616
2.617
2.617
2.617
2.617
2.618
2.618
2.618
2.618
2.618
2.619
2.619
2.619
2.620
2.620
2.620
2.621
2.621
2.621
2.622
2.622
2.622
2.623
2.623
2.623
2.624
2.624
2.624
2.624
2.625
2.625
2.626
2.626
2.627
2.627
2.627
2.627
2.628
2.629
2.630
2.630
2.631
2.632
2.632
2.632
2.633
2.633
2.634
2.635
2.635
2.635
2.635
2.635
2.635
2.636
2.637
2.637
2.637
2.637
2.638
2.638
2.638
2.638
2.638
2.638
2.638
2.638
2.639
2.639
2.639
2.639
2.639
2.639
2.639
2.640
2.641
2.641
2.641
2.641
2.641
2.642
2.642
2.643
2.644
2.644
2.644
2.644
2.645
2.645
2.646
2.646
2.646
2.646
2.647
2.647
2.648
2.649
2.650
2.650
2.651
2.651
2.651
2.651
2.652
2.652
2.653
2.653
2.654
2.654
2.655
2.655
2.655
2.655
2.655
2.656
2.656
2.656
2.656
2.657
2.657
2.657
2.657
2.657
2.658
2.658
2.658
2.658
2.659
2.659
2.659
2.659
2.660
2.660
2.660
2.660
2.661
2.661
2.661
2.662
2.663
2.663
2.663
2.663
2.664
2.666
2.666
2.666
2.667
2.667
2.667
2.668
2.668
2.668
2.669
2.669
2.670
2.670
2.670
2.671
2.671
2.671
2.672
2.672
2.672
2.673
2.673
2.673
2.673
2.673
2.673
2.674
2.674
2.674
2.674
2.675
2.675
2.675
2.675
2.676
2.676
2.676
2.676
2.676
2.677
2.677
2.677
2.677
2.678
2.678
2.678
2.678
2.679
2.679
2.679
2.679
2.680
2.680
2.680
2.680
2.681
2.681
2.683
2.683
2.684
2.684
2.684
2.684
2.685
2.685
2.685
2.686
2.686
2.686
2.687
2.687
2.687
2.687
2.687
2.688
2.688
2.688
2.688
2.689
2.689
2.689
2.690
2.691
2.692
2.692
2.693
2.693
2.694
2.694
2.694
2.694
2.694
2.694
2.694
2.695
2.695
2.695
2.696
2.696
2.696
2.697
2.697
2.697
2.697
2.697
2.698
2.699
2.699
2.699
2.700
2.700
2.700
2.700
2.701
2.701
2.701
2.701
2.701
2.704
2.704
2.706
2.707
2.708
2.708
2.708
2.709
2.709
2.709
2.710
2.710
2.710
2.711
2.711
2.712
2.713
2.714
2.714
2.714
2.714
2.714
2.714
2.715
2.715
2.715
2.715
2.715
2.716
2.716
2.716
2.716
2.717
2.717
2.717
2.717
2.717
2.717
2.718
2.718
2.718
2.718
2.718
2.720
2.720
2.721
2.721
2.721
2.721
2.722
2.722
2.722
2.723
2.723
2.723
2.723
2.724
2.724
2.724
2.724
2.724
2.724
2.725
2.725
2.726
2.726
2.726
2.727
2.727
2.727
2.727
2.727
2.728
2.728
2.729
2.730
2.730
2.730
2.730
2.730
2.730
2.730
2.730
2.731
2.731
2.732
2.732
2.733
2.734
2.734
2.734
2.735
2.735
2.735
2.736
2.736
2.736
2.736
2.737
2.738
2.738
2.738
2.738
2.738
2.738
2.738
2.738
2.738
2.738
2.739
2.739
2.740
2.740
2.740
2.740
2.740
2.740
2.741
2.741
2.741
2.741
2.741
2.741
2.742
2.742
2.743
2.743
2.743
2.743
2.743
2.743
2.744
2.744
2.744
2.744
2.744
2.744
2.745
2.745
2.747
2.747
2.747
2.748
2.748
2.749
2.749
2.749
2.749
2.749
2.749
2.750
2.750
2.750
2.750
2.751
2.751
2.751
2.751
2.752
2.752
2.752
2.753
2.753
2.753
2.753
2.754
2.754
2.754
2.755
2.755
2.756
2.756
2.756
2.757
2.757
2.757
2.757
2.758
2.758
2.758
2.758
2.759
2.759
2.759
2.760
2.760
2.760
2.761
2.761
2.761
2.762
2.763
2.763
2.764
2.764
2.765
2.766
2.767
2.767
2.767
2.767
2.768
2.768
2.768
2.768
2.768
2.768
2.768
2.768
2.769
2.769
2.770
2.770
2.771
2.771
2.771
2.771
2.772
2.773
2.773
2.773
2.773
2.774
2.774
2.774
2.774
2.775
2.775
2.775
2.775
2.775
2.775
2.776
2.776
2.776
2.776
2.776
2.777
2.778
2.778
2.778
2.778
2.779
2.780
2.780
2.780
2.780
2.781
2.781
2.781
2.782
2.782
2.782
2.782
2.782
2.783
2.783
2.783
2.783
2.784
2.784
2.784
2.784
2.785
2.785
2.786
2.786
2.786
2.786
2.787
2.787
2.787
2.787
2.789
2.789
2.789
2.790
2.790
2.790
2.790
2.790
2.790
2.791
2.791
2.791
2.793
2.793
2.793
2.793
2.794
2.795
2.795
2.795
2.795
2.795
2.796
2.796
2.797
2.797
2.797
2.798
2.798
2.798
2.798
2.798
2.799
2.799
2.800
2.800
2.800
2.801
2.801
2.801
2.802
2.802
2.802
2.802
2.802
2.803
2.803
2.803
2.803
2.803
2.804
2.804
2.804
2.804
2.805
2.805
2.805
2.806
2.806
2.806
2.806
2.806
2.806
2.806
2.807
2.807
2.808
2.808
2.808
2.808
2.808
2.809
2.809
2.809
2.809
2.810
2.810
2.811
2.811
2.812
2.812
2.813
2.814
2.814
2.814
2.814
2.815
2.815
2.815
2.816
2.816
2.816
2.817
2.817
2.817
2.817
2.818
2.818
2.818
2.818
2.818
2.819
2.819
2.819
2.820
2.820
2.821
2.821
2.822
2.822
2.822
2.822
2.822
2.822
2.823
2.823
2.823
2.823
2.824
2.824
2.824
2.825
2.825
2.825
2.826
2.826
2.826
2.826
2.826
2.826
2.826
2.827
2.827
2.828
2.828
2.828
2.828
2.829
2.829
2.829
2.830
2.830
2.830
2.830
2.831
2.831
2.831
2.831
2.831
2.832
2.832
2.832
2.832
2.832
2.832
2.832
2.833
2.834
2.834
2.835
2.836
2.837
2.838
2.838
2.838
2.839
2.839
2.839
2.840
2.840
2.840
2.841
2.841
2.841
2.842
2.842
2.843
2.843
2.843
2.843
2.844
2.845
2.846
2.846
2.846
2.847
2.847
2.847
2.847
2.848
2.848
2.849
2.849
2.850
2.850
2.850
2.850
2.851
2.851
2.851
2.851
2.852
2.853
2.853
2.854
2.854
2.854
2.855
2.856
2.856
2.857
2.857
2.858
2.858
2.858
2.859
2.859
2.859
2.859
2.860
2.860
2.860
2.860
2.860
2.861
2.862
2.862
2.862
2.862
2.862
2.863
2.863
2.863
2.863
2.863
2.863
2.864
2.864
2.864
2.865
2.865
2.865
2.866
2.867
2.867
2.869
2.869
2.870
2.870
2.871
2.871
2.872
2.872
2.873
2.873
2.874
2.875
2.875
2.876
2.876
2.877
2.877
2.877
2.877
2.878
2.879
2.879
2.879
2.879
2.879
2.880
2.880
2.880
2.881
2.881
2.882
2.882
2.882
2.882
2.883
2.883
2.883
2.883
2.884
2.884
2.884
2.885
2.885
2.885
2.885
2.885
2.885
2.886
2.887
2.887
2.887
2.887
2.888
2.888
2.889
2.889
2.890
2.890
2.890
2.890
2.891
2.891
2.891
2.892
2.892
2.892
2.893
2.894
2.894
2.894
2.895
2.895
2.895
2.896
2.896
2.896
2.897
2.897
2.897
2.897
2.898
2.898
2.898
2.898
2.898
2.898
2.900
2.901
2.901
2.901
2.901
2.901
2.902
2.902
2.903
2.904
2.904
2.905
2.905
2.905
2.906
2.906
2.907
2.907
2.907
2.908
2.909
2.909
2.909
2.910
2.910
2.911
2.911
2.911
2.912
2.912
2.913
2.914
2.914
2.914
2.914
2.914
2.915
2.915
2.916
2.916
2.916
2.916
2.916
2.917
2.917
2.918
2.918
2.919
2.919
2.920
2.920
2.920
2.920
2.921
2.921
2.922
2.922
2.922
2.924
2.924
2.924
2.925
2.926
2.926
2.927
2.927
2.927
2.927
2.928
2.929
2.929
2.930
2.930
2.931
2.932
2.933
2.935
2.937
2.938
2.938
2.938
2.938
2.938
2.938
2.939
2.939
2.940
2.940
2.940
2.940
2.940
2.941
2.941
2.941
2.941
2.942
2.943
2.943
2.944
2.945
2.945
2.945
2.946
2.946
2.946
2.947
2.947
2.947
2.948
2.950
2.951
2.952
2.952
2.953
2.953
2.954
2.954
2.955
2.955
2.956
2.956
2.958
2.959
2.960
2.960
2.960
2.960
2.961
2.961
2.963
2.963
2.963
2.964
2.964
2.964
2.966
2.966
2.967
2.967
2.968
2.968
2.968
2.969
2.970
2.970
2.971
2.971
2.971
2.971
2.971
2.972
2.973
2.974
2.975
2.975
2.977
2.977
2.978
2.979
2.979
2.979
2.980
2.981
2.983
2.983
2.983
2.983
2.984
2.985
2.986
2.986
2.986
2.986
2.986
2.986
2.986
2.987
2.987
2.987
2.987
2.988
2.989
2.989
2.990
2.990
2.990
2.991
2.994
2.996
2.996
2.997
2.999
2.999
3.001
3.001
3.002
3.003
3.005
3.005
3.006
3.010
3.011
3.011
3.011
3.012
3.015
3.015
3.016
3.016
3.017
3.018
3.018
3.018
3.019
3.019
3.021
3.022
3.024
3.024
3.024
3.024
3.026
3.027
3.027
3.028
3.028
3.029
3.029
3.029
3.032
3.034
3.034
3.035
3.035
3.038
3.039
3.040
3.041
3.042
3.042
3.042
3.043
3.043
3.043
3.045
3.045
3.046
3.047
3.049
3.051
3.052
3.053
3.055
3.056
3.057
3.058
3.060
3.060
3.060
3.061
3.064
3.064
3.064
3.066
3.068
3.069
3.071
3.074
3.075
3.077
3.077
3.079
3.080
3.083
3.083
3.084
3.084
3.086
3.087
3.089
3.089
3.092
3.092
3.094
3.094
3.096
3.096
3.097
3.098
3.100
3.105
3.108
3.110
3.114
3.125
3.125
3.127
3.129
3.130
3.132
3.136
3.137
3.139
3.141
3.142
3.144
3.145
3.150
3.150
3.152
3.153
3.153
3.154
3.155
3.159
3.161
3.173
3.180
3.183
3.187
3.191
3.195
3.197
3.197
3.197
3.201
3.202
3.211
3.214
3.226
3.237
3.243
3.259
3.286
3.290
3.339
3.350
3.374
3.436
