2.718
2.729
2.760
2.776
2.780
2.785
2.785
2.790
2.800
2.802
2.812
2.819
2.824
2.826
2.840
2.840
2.847
2.848
2.848
2.849
2.861
2.862
2.863
2.869
2.872
2.873
2.874
2.882
2.884
2.884
2.888
2.893
2.893
2.893
2.896
2.901
2.901
2.902
2.902
2.902
2.904
2.908
2.909
2.910
2.911
2.912
2.912
2.912
2.913
2.914
2.914
2.916
2.918
2.920
2.920
2.921
2.923
2.923
2.924
2.925
2.925
2.928
2.929
2.931
2.931
2.932
2.932
2.936
2.937
2.938
2.939
2.940
2.943
2.943
2.944
2.944
2.948
2.948
2.948
2.949
2.949
2.949
2.950
2.950
2.951
2.951
2.952
2.952
2.952
2.952
2.953
2.953
2.955
2.956
2.956
2.956
2.956
2.958
2.958
2.959
2.959
2.959
2.960
2.961
2.962
2.962
2.963
2.964
2.964
2.964
2.964
2.964
2.965
2.965
2.966
2.966
2.966
2.966
2.967
2.968
2.968
2.969
2.970
2.970
2.971
2.972
2.973
2.974
2.974
2.974
2.975
2.976
2.977
2.977
2.978
2.979
2.979
2.980
2.981
2.981
2.981
2.982
2.982
2.982
2.983
2.983
2.983
2.984
2.985
2.985
2.987
2.988
2.990
2.990
2.990
2.990
2.991
2.991
2.991
2.993
2.993
2.994
2.996
2.996
2.998
2.999
3.000
3.000
3.001
3.001
3.001
3.002
3.002
3.003
3.004
3.004
3.005
3.005
3.005
3.005
3.005
3.005
3.006
3.006
3.006
3.006
3.006
3.006
3.007
3.007
3.007
3.010
3.010
3.010
3.010
3.011
3.012
3.012
3.012
3.013
3.013
3.014
3.015
3.015
3.015
3.017
3.017
3.017
3.017
3.018
3.018
3.019
3.019
3.020
3.021
3.021
3.022
3.022
3.022
3.023
3.024
3.024
3.024
3.025
3.025
3.025
3.026
3.026
3.027
3.028
3.028
3.028
3.028
3.029
3.029
3.029
3.030
3.030
3.030
3.030
3.031
3.031
3.031
3.032
3.032
3.032
3.032
3.033
3.033
3.033
3.033
3.033
3.034
3.034
3.034
3.035
3.035
3.035
3.036
3.036
3.037
3.037
3.037
3.037
3.037
3.037
3.038
3.038
3.039
3.039
3.039
3.039
3.039
3.039
3.039
3.039
3.040
3.040
3.040
3.040
3.040
3.040
3.041
3.041
3.041
3.041
3.041
3.042
3.042
3.043
3.044
3.044
3.044
3.044
3.044
3.045
3.045
3.045
3.045
3.045
3.046
3.046
3.046
3.047
3.047
3.047
3.047
3.047
3.048
3.048
3.049
3.049
3.051
3.051
3.051
3.051
3.052
3.052
3.052
3.053
3.053
3.053
3.053
3.053
3.053
3.053
3.054
3.054
3.054
3.055
3.056
3.057
3.057
3.057
3.057
3.057
3.057
3.057
3.057
3.058
3.058
3.058
3.059
3.059
3.059
3.059
3.060
3.060
3.061
3.061
3.061
3.061
3.061
3.062
3.062
3.062
3.062
3.063
3.063
3.063
3.065
3.065
3.065
3.065
3.065
3.066
3.066
3.067
3.067
3.067
3.067
3.067
3.068
3.069
3.069
3.069
3.069
3.069
3.070
3.070
3.070
3.070
3.070
3.070
3.071
3.071
3.071
3.072
3.072
3.072
3.073
3.073
3.073
3.073
3.073
3.074
3.074
3.074
3.074
3.075
3.075
3.075
3.075
3.075
3.075
3.076
3.077
3.077
3.078
3.078
3.078
3.078
3.079
3.079
3.080
3.080
3.081
3.081
3.081
3.081
3.081
3.082
3.082
3.083
3.083
3.084
3.085
3.085
3.086
3.086
3.086
3.086
3.086
3.086
3.086
3.086
3.086
3.087
3.087
3.087
3.087
3.087
3.087
3.087
3.088
3.088
3.088
3.088
3.089
3.089
3.089
3.090
3.090
3.090
3.090
3.090
3.090
3.090
3.090
3.090
3.090
3.090
3.091
3.091
3.091
3.091
3.091
3.092
3.092
3.092
3.092
3.092
3.093
3.093
3.093
3.094
3.094
3.095
3.095
3.095
3.095
3.096
3.096
3.096
3.097
3.097
3.097
3.098
3.098
3.098
3.098
3.098
3.099
3.099
3.099
3.099
3.099
3.099
3.099
3.100
3.100
3.100
3.100
3.100
3.100
3.100
3.101
3.101
3.101
3.101
3.101
3.101
3.102
3.102
3.103
3.103
3.103
3.104
3.104
3.105
3.105
3.106
3.106
3.107
3.107
3.107
3.107
3.107
3.108
3.109
3.109
3.109
3.110
3.110
3.111
3.111
3.111
3.111
3.111
3.111
3.112
3.112
3.112
3.112
3.113
3.113
3.113
3.113
3.114
3.114
3.114
3.114
3.114
3.115
3.115
3.115
3.115
3.115
3.115
3.115
3.116
3.116
3.116
3.116
3.116
3.117
3.117
3.117
3.117
3.117
3.118
3.119
3.119
3.119
3.119
3.120
3.120
3.120
3.120
3.120
3.121
3.121
3.121
3.121
3.121
3.121
3.121
3.122
3.122
3.122
3.122
3.122
3.123
3.123
3.123
3.123
3.123
3.123
3.123
3.124
3.124
3.124
3.124
3.124
3.125
3.125
3.125
3.125
3.126
3.126
3.126
3.127
3.127
3.127
3.127
3.127
3.127
3.127
3.128
3.128
3.128
3.128
3.128
3.128
3.128
3.129
3.129
3.129
3.129
3.129
3.129
3.130
3.130
3.130
3.130
3.130
3.131
3.131
3.131
3.131
3.131
3.131
3.131
3.132
3.132
3.133
3.133
3.133
3.134
3.134
3.134
3.134
3.134
3.135
3.135
3.135
3.135
3.135
3.135
3.136
3.136
3.137
3.137
3.137
3.137
3.137
3.138
3.138
3.138
3.138
3.138
3.138
3.138
3.139
3.139
3.139
3.139
3.140
3.140
3.141
3.141
3.141
3.141
3.141
3.142
3.142
3.142
3.142
3.142
3.142
3.143
3.143
3.143
3.143
3.144
3.144
3.144
3.144
3.144
3.144
3.144
3.144
3.145
3.145
3.145
3.146
3.146
3.148
3.148
3.148
3.149
3.149
3.150
3.150
3.150
3.150
3.150
3.150
3.150
3.151
3.151
3.151
3.151
3.152
3.152
3.153
3.153
3.154
3.154
3.154
3.154
3.154
3.154
3.154
3.154
3.154
3.155
3.155
3.155
3.155
3.155
3.155
3.155
3.155
3.155
3.156
3.156
3.156
3.157
3.158
3.158
3.158
3.158
3.158
3.159
3.160
3.160
3.160
3.160
3.161
3.161
3.161
3.162
3.162
3.163
3.163
3.163
3.163
3.164
3.164
3.164
3.164
3.164
3.165
3.165
3.165
3.165
3.165
3.165
3.165
3.166
3.166
3.166
3.166
3.166
3.166
3.166
3.166
3.166
3.167
3.167
3.167
3.167
3.168
3.168
3.168
3.168
3.170
3.170
3.170
3.170
3.170
3.171
3.171
3.171
3.171
3.172
3.172
3.172
3.172
3.172
3.172
3.172
3.173
3.173
3.173
3.173
3.173
3.173
3.173
3.173
3.174
3.174
3.174
3.174
3.175
3.175
3.175
3.175
3.176
3.176
3.176
3.176
3.177
3.177
3.177
3.178
3.178
3.179
3.179
3.179
3.179
3.179
3.180
3.180
3.181
3.181
3.181
3.181
3.181
3.181
3.181
3.181
3.181
3.181
3.182
3.182
3.182
3.182
3.183
3.183
3.183
3.183
3.183
3.184
3.184
3.184
3.184
3.184
3.185
3.185
3.185
3.185
3.186
3.186
3.186
3.186
3.187
3.187
3.187
3.187
3.187
3.188
3.188
3.189
3.189
3.189
3.189
3.190
3.190
3.190
3.190
3.190
3.191
3.191
3.191
3.191
3.192
3.192
3.192
3.192
3.192
3.192
3.193
3.193
3.193
3.193
3.194
3.194
3.194
3.194
3.194
3.194
3.195
3.195
3.195
3.195
3.196
3.197
3.198
3.198
3.199
3.199
3.199
3.199
3.199
3.199
3.199
3.200
3.200
3.200
3.201
3.201
3.201
3.202
3.203
3.203
3.204
3.204
3.204
3.204
3.205
3.205
3.205
3.205
3.206
3.206
3.207
3.207
3.207
3.207
3.207
3.207
3.207
3.208
3.208
3.208
3.208
3.209
3.209
3.209
3.209
3.210
3.210
3.210
3.210
3.210
3.210
3.210
3.211
3.211
3.211
3.211
3.211
3.211
3.211
3.211
3.211
3.211
3.211
3.211
3.212
3.212
3.212
3.212
3.213
3.213
3.213
3.213
3.213
3.214
3.214
3.214
3.215
3.216
3.217
3.217
3.217
3.218
3.218
3.218
3.218
3.219
3.219
3.220
3.221
3.221
3.221
3.221
3.222
3.222
3.222
3.222
3.222
3.222
3.223
3.223
3.223
3.223
3.224
3.224
3.225
3.225
3.225
3.225
3.226
3.226
3.226
3.226
3.226
3.227
3.227
3.227
3.227
3.227
3.227
3.227
3.228
3.228
3.228
3.229
3.229
3.229
3.229
3.229
3.229
3.231
3.231
3.231
3.231
3.231
3.231
3.232
3.232
3.233
3.233
3.233
3.233
3.233
3.233
3.233
3.233
3.233
3.234
3.234
3.234
3.234
3.234
3.234
3.234
3.235
3.235
3.235
3.236
3.236
3.236
3.237
3.237
3.237
3.237
3.237
3.237
3.237
3.238
3.238
3.238
3.238
3.240
3.240
3.240
3.241
3.241
3.241
3.241
3.241
3.241
3.242
3.242
3.242
3.242
3.242
3.243
3.243
3.243
3.244
3.244
3.245
3.245
3.245
3.245
3.245
3.245
3.246
3.246
3.246
3.246
3.246
3.247
3.247
3.247
3.247
3.247
3.248
3.248
3.248
3.249
3.249
3.249
3.249
3.249
3.250
3.250
3.250
3.250
3.251
3.251
3.252
3.254
3.254
3.254
3.255
3.255
3.255
3.255
3.256
3.256
3.256
3.256
3.256
3.257
3.257
3.257
3.257
3.257
3.257
3.258
3.258
3.258
3.258
3.258
3.258
3.259
3.259
3.260
3.260
3.260
3.260
3.260
3.260
3.260
3.261
3.262
3.262
3.262
3.262
3.262
3.263
3.263
3.263
3.263
3.263
3.264
3.264
3.264
3.264
3.265
3.265
3.266
3.266
3.266
3.266
3.267
3.267
3.267
3.267
3.267
3.267
3.267
3.267
3.268
3.268
3.268
3.269
3.269
3.269
3.269
3.270
3.271
3.271
3.272
3.272
3.274
3.274
3.275
3.276
3.277
3.278
3.278
3.279
3.279
3.280
3.280
3.281
3.281
3.281
3.282
3.282
3.282
3.282
3.282
3.283
3.284
3.285
3.285
3.285
3.285
3.286
3.286
3.287
3.288
3.288
3.289
3.289
3.289
3.290
3.290
3.290
3.291
3.291
3.292
3.292
3.292
3.292
3.293
3.294
3.294
3.294
3.294
3.295
3.295
3.295
3.296
3.297
3.297
3.297
3.298
3.299
3.299
3.300
3.300
3.301
3.301
3.301
3.302
3.303
3.303
3.304
3.304
3.304
3.304
3.305
3.305
3.306
3.306
3.306
3.306
3.307
3.307
3.307
3.308
3.309
3.309
3.309
3.310
3.311
3.311
3.311
3.311
3.312
3.313
3.313
3.314
3.314
3.315
3.315
3.315
3.315
3.316
3.316
3.316
3.317
3.317
3.319
3.320
3.320
3.320
3.320
3.320
3.321
3.322
3.323
3.324
3.324
3.324
3.325
3.325
3.326
3.326
3.326
3.326
3.326
3.326
3.326
3.327
3.327
3.327
3.327
3.328
3.328
3.328
3.328
3.329
3.329
3.329
3.329
3.329
3.330
3.330
3.330
3.330
3.331
3.331
3.335
3.336
3.336
3.337
3.338
3.339
3.339
3.340
3.340
3.340
3.341
3.341
3.341
3.342
3.343
3.343
3.343
3.344
3.344
3.345
3.345
3.346
3.346
3.346
3.346
3.348
3.348
3.349
3.349
3.349
3.350
3.350
3.350
3.350
3.350
3.350
3.350
3.352
3.352
3.352
3.352
3.352
3.353
3.354
3.354
3.355
3.355
3.356
3.356
3.358
3.358
3.358
3.358
3.358
3.359
3.359
3.359
3.361
3.362
3.363
3.364
3.364
3.365
3.365
3.365
3.366
3.367
3.369
3.371
3.371
3.372
3.374
3.374
3.374
3.375
3.376
3.376
3.376
3.377
3.377
3.381
3.383
3.385
3.386
3.387
3.387
3.387
3.387
3.390
3.392
3.394
3.394
3.402
3.402
3.402
3.406
3.407
3.407
3.408
3.409
3.413
3.413
3.414
3.414
3.417
3.418
3.420
3.420
3.420
3.424
3.428
3.430
3.431
3.432
3.432
3.436
3.438
3.441
3.446
3.447
3.448
3.452
3.453
3.455
3.455
3.456
3.459
3.459
3.461
3.461
3.462
3.462
3.463
3.468
3.468
3.468
3.473
3.473
3.474
3.479
3.487
3.496
3.499
3.499
3.504
3.505
3.506
3.514
3.515
3.517
3.517
3.519
3.559
3.589
3.663
