1.654
1.677
1.721
1.721
1.726
1.727
1.730
1.732
1.732
1.733
1.744
1.746
1.746
1.748
1.750
1.754
1.755
1.756
1.756
1.758
1.760
1.762
1.763
1.767
1.767
1.769
1.770
1.773
1.773
1.775
1.775
1.781
1.782
1.782
1.783
1.783
1.784
1.785
1.787
1.787
1.788
1.789
1.789
1.789
1.790
1.791
1.792
1.792
1.792
1.797
1.798
1.798
1.798
1.799
1.799
1.802
1.803
1.804
1.804
1.804
1.804
1.805
1.805
1.806
1.806
1.806
1.808
1.809
1.809
1.809
1.809
1.809
1.810
1.811
1.811
1.812
1.813
1.813
1.814
1.815
1.815
1.816
1.817
1.817
1.818
1.818
1.818
1.821
1.822
1.823
1.824
1.825
1.826
1.827
1.827
1.828
1.829
1.829
1.829
1.829
1.830
1.830
1.830
1.830
1.831
1.832
1.832
1.832
1.832
1.833
1.833
1.834
1.834
1.834
1.834
1.835
1.836
1.836
1.836
1.837
1.837
1.837
1.837
1.838
1.838
1.839
1.839
1.839
1.839
1.839
1.840
1.841
1.841
1.841
1.842
1.842
1.842
1.843
1.843
1.843
1.843
1.844
1.845
1.845
1.845
1.845
1.845
1.846
1.846
1.847
1.847
1.848
1.848
1.848
1.848
1.849
1.849
1.850
1.850
1.851
1.851
1.851
1.853
1.853
1.853
1.854
1.854
1.854
1.854
1.855
1.855
1.855
1.856
1.857
1.859
1.859
1.860
1.860
1.860
1.861
1.861
1.861
1.862
1.862
1.862
1.862
1.862
1.863
1.864
1.864
1.865
1.865
1.866
1.866
1.866
1.866
1.866
1.867
1.867
1.867
1.868
1.868
1.868
1.868
1.869
1.869
1.870
1.870
1.870
1.870
1.870
1.870
1.870
1.871
1.871
1.871
1.871
1.872
1.872
1.872
1.872
1.872
1.873
1.873
1.874
1.874
1.875
1.875
1.875
1.876
1.876
1.876
1.876
1.876
1.876
1.876
1.877
1.877
1.877
1.878
1.878
1.878
1.879
1.879
1.879
1.879
1.880
1.880
1.880
1.880
1.881
1.881
1.881
1.881
1.882
1.882
1.883
1.883
1.883
1.884
1.885
1.885
1.885
1.886
1.886
1.886
1.886
1.887
1.887
1.887
1.887
1.887
1.888
1.888
1.889
1.889
1.889
1.890
1.890
1.891
1.891
1.892
1.892
1.893
1.893
1.893
1.893
1.894
1.894
1.895
1.895
1.895
1.895
1.895
1.895
1.895
1.896
1.896
1.896
1.897
1.897
1.897
1.897
1.898
1.898
1.899
1.899
1.899
1.899
1.900
1.900
1.900
1.900
1.900
1.901
1.901
1.901
1.902
1.902
1.902
1.902
1.902
1.902
1.902
1.902
1.902
1.903
1.903
1.904
1.904
1.905
1.905
1.905
1.906
1.907
1.907
1.907
1.908
1.908
1.908
1.908
1.909
1.909
1.909
1.909
1.909
1.909
1.909
1.909
1.910
1.910
1.910
1.910
1.911
1.911
1.911
1.911
1.911
1.911
1.911
1.911
1.912
1.912
1.912
1.913
1.913
1.913
1.914
1.914
1.914
1.914
1.916
1.916
1.916
1.916
1.916
1.916
1.916
1.916
1.916
1.916
1.916
1.917
1.917
1.917
1.917
1.918
1.918
1.918
1.918
1.918
1.918
1.918
1.919
1.919
1.919
1.919
1.919
1.920
1.920
1.920
1.920
1.920
1.921
1.921
1.921
1.921
1.921
1.922
1.922
1.922
1.922
1.923
1.923
1.924
1.924
1.924
1.924
1.924
1.924
1.924
1.925
1.925
1.925
1.925
1.925
1.925
1.926
1.926
1.927
1.927
1.927
1.927
1.927
1.927
1.927
1.928
1.928
1.928
1.928
1.928
1.928
1.928
1.928
1.929
1.929
1.929
1.929
1.930
1.930
1.930
1.930
1.930
1.931
1.931
1.931
1.931
1.932
1.932
1.932
1.932
1.932
1.932
1.932
1.933
1.933
1.934
1.934
1.935
1.935
1.935
1.935
1.936
1.936
1.936
1.936
1.936
1.936
1.936
1.937
1.937
1.937
1.937
1.937
1.938
1.939
1.939
1.939
1.939
1.940
1.940
1.940
1.941
1.941
1.941
1.941
1.941
1.941
1.942
1.942
1.942
1.942
1.942
1.942
1.942
1.942
1.943
1.943
1.943
1.943
1.943
1.943
1.943
1.943
1.943
1.944
1.944
1.944
1.944
1.944
1.944
1.944
1.945
1.945
1.945
1.946
1.946
1.946
1.946
1.946
1.947
1.947
1.947
1.947
1.947
1.947
1.948
1.948
1.948
1.948
1.948
1.948
1.948
1.948
1.949
1.949
1.949
1.949
1.949
1.949
1.950
1.950
1.950
1.950
1.950
1.950
1.951
1.951
1.951
1.951
1.951
1.951
1.951
1.951
1.952
1.952
1.953
1.953
1.953
1.953
1.953
1.953
1.954
1.954
1.955
1.955
1.955
1.955
1.955
1.955
1.955
1.955
1.955
1.956
1.956
1.956
1.956
1.956
1.956
1.956
1.957
1.957
1.957
1.957
1.957
1.957
1.957
1.957
1.958
1.958
1.958
1.959
1.959
1.959
1.959
1.960
1.960
1.960
1.960
1.960
1.960
1.960
1.960
1.960
1.960
1.961
1.961
1.961
1.962
1.962
1.962
1.962
1.962
1.962
1.962
1.962
1.963
1.963
1.963
1.963
1.964
1.964
1.964
1.965
1.965
1.965
1.965
1.965
1.965
1.965
1.966
1.966
1.966
1.966
1.966
1.967
1.967
1.967
1.967
1.967
1.967
1.967
1.968
1.968
1.968
1.968
1.968
1.968
1.968
1.968
1.969
1.969
1.969
1.969
1.969
1.970
1.970
1.970
1.970
1.970
1.971
1.971
1.971
1.971
1.971
1.971
1.971
1.971
1.971
1.972
1.972
1.972
1.972
1.972
1.972
1.973
1.973
1.973
1.973
1.973
1.973
1.973
1.973
1.973
1.973
1.973
1.974
1.974
1.974
1.974
1.974
1.974
1.975
1.975
1.975
1.975
1.976
1.976
1.976
1.976
1.977
1.977
1.977
1.977
1.977
1.977
1.977
1.978
1.978
1.978
1.978
1.978
1.978
1.978
1.978
1.978
1.979
1.979
1.979
1.979
1.979
1.979
1.979
1.979
1.979
1.980
1.980
1.980
1.980
1.980
1.980
1.980
1.981
1.981
1.981
1.981
1.981
1.982
1.982
1.982
1.982
1.982
1.983
1.983
1.983
1.983
1.983
1.983
1.984
1.984
1.984
1.984
1.984
1.984
1.984
1.984
1.985
1.985
1.985
1.985
1.985
1.985
1.985
1.985
1.986
1.986
1.986
1.986
1.986
1.987
1.987
1.987
1.987
1.987
1.987
1.987
1.987
1.987
1.987
1.987
1.988
1.988
1.988
1.988
1.988
1.989
1.989
1.989
1.989
1.989
1.989
1.989
1.989
1.990
1.990
1.990
1.990
1.990
1.990
1.990
1.990
1.990
1.991
1.991
1.991
1.991
1.991
1.991
1.991
1.991
1.991
1.991
1.991
1.992
1.992
1.992
1.992
1.992
1.992
1.992
1.993
1.993
1.993
1.993
1.993
1.994
1.994
1.994
1.994
1.994
1.994
1.995
1.995
1.995
1.995
1.995
1.995
1.995
1.995
1.996
1.996
1.996
1.997
1.997
1.997
1.997
1.998
1.998
1.998
1.998
1.999
1.999
1.999
1.999
1.999
1.999
1.999
2.000
2.000
2.000
2.000
2.001
2.001
2.001
2.001
2.001
2.001
2.001
2.001
2.001
2.001
2.001
2.001
2.002
2.002
2.002
2.002
2.002
2.004
2.004
2.004
2.004
2.004
2.005
2.005
2.006
2.006
2.006
2.006
2.006
2.007
2.007
2.007
2.007
2.007
2.008
2.008
2.008
2.008
2.008
2.008
2.008
2.008
2.008
2.009
2.009
2.009
2.009
2.009
2.009
2.009
2.010
2.010
2.010
2.011
2.011
2.011
2.011
2.011
2.011
2.011
2.012
2.012
2.012
2.013
2.013
2.013
2.013
2.013
2.013
2.013
2.013
2.013
2.013
2.014
2.014
2.014
2.014
2.014
2.014
2.014
2.015
2.015
2.015
2.015
2.015
2.015
2.015
2.015
2.015
2.015
2.016
2.016
2.016
2.017
2.017
2.017
2.018
2.018
2.018
2.018
2.018
2.018
2.018
2.019
2.019
2.019
2.019
2.019
2.019
2.019
2.020
2.020
2.020
2.020
2.020
2.021
2.021
2.021
2.021
2.022
2.022
2.022
2.022
2.022
2.022
2.023
2.023
2.023
2.023
2.023
2.023
2.024
2.024
2.024
2.024
2.025
2.025
2.025
2.025
2.025
2.025
2.026
2.026
2.026
2.026
2.026
2.026
2.026
2.026
2.027
2.027
2.027
2.027
2.028
2.028
2.028
2.028
2.028
2.028
2.028
2.028
2.028
2.029
2.029
2.029
2.029
2.029
2.030
2.030
2.030
2.030
2.030
2.030
2.031
2.031
2.031
2.031
2.031
2.031
2.031
2.031
2.031
2.031
2.031
2.032
2.033
2.033
2.033
2.033
2.034
2.034
2.034
2.034
2.035
2.035
2.036
2.036
2.036
2.036
2.036
2.037
2.037
2.037
2.037
2.037
2.037
2.037
2.037
2.037
2.038
2.038
2.038
2.038
2.038
2.038
2.039
2.039
2.039
2.039
2.039
2.039
2.039
2.040
2.040
2.040
2.040
2.041
2.041
2.041
2.041
2.042
2.042
2.043
2.043
2.043
2.043
2.043
2.044
2.044
2.044
2.044
2.044
2.045
2.045
2.046
2.046
2.046
2.046
2.046
2.046
2.047
2.047
2.048
2.048
2.048
2.048
2.048
2.048
2.049
2.049
2.049
2.050
2.050
2.050
2.050
2.050
2.050
2.050
2.051
2.051
2.051
2.052
2.052
2.052
2.052
2.052
2.052
2.053
2.053
2.053
2.054
2.054
2.054
2.054
2.055
2.055
2.055
2.055
2.055
2.056
2.056
2.056
2.056
2.056
2.056
2.056
2.056
2.057
2.057
2.057
2.057
2.057
2.058
2.058
2.058
2.059
2.059
2.059
2.060
2.060
2.060
2.060
2.060
2.061
2.061
2.061
2.061
2.061
2.061
2.061
2.061
2.062
2.062
2.062
2.063
2.063
2.063
2.064
2.064
2.064
2.064
2.064
2.065
2.065
2.065
2.065
2.065
2.065
2.066
2.066
2.066
2.066
2.067
2.067
2.067
2.067
2.067
2.068
2.069
2.069
2.070
2.070
2.070
2.070
2.070
2.071
2.071
2.071
2.072
2.072
2.072
2.073
2.073
2.073
2.074
2.074
2.074
2.075
2.075
2.076
2.076
2.076
2.076
2.077
2.077
2.077
2.078
2.078
2.078
2.078
2.078
2.078
2.079
2.079
2.079
2.079
2.079
2.080
2.080
2.080
2.080
2.081
2.081
2.081
2.082
2.082
2.082
2.083
2.083
2.084
2.084
2.084
2.085
2.085
2.085
2.086
2.086
2.087
2.087
2.088
2.088
2.088
2.088
2.088
2.088
2.089
2.089
2.089
2.090
2.090
2.090
2.090
2.090
2.091
2.091
2.091
2.091
2.092
2.092
2.092
2.092
2.092
2.093
2.093
2.094
2.094
2.095
2.095
2.096
2.096
2.096
2.096
2.096
2.096
2.097
2.097
2.097
2.098
2.099
2.099
2.099
2.099
2.099
2.100
2.100
2.100
2.100
2.100
2.103
2.103
2.103
2.104
2.105
2.105
2.105
2.106
2.107
2.107
2.107
2.108
2.109
2.109
2.109
2.109
2.109
2.110
2.110
2.110
2.111
2.111
2.111
2.111
2.112
2.113
2.113
2.113
2.113
2.113
2.114
2.114
2.115
2.116
2.116
2.117
2.117
2.117
2.118
2.119
2.119
2.120
2.120
2.120
2.120
2.120
2.121
2.121
2.121
2.121
2.123
2.123
2.123
2.123
2.124
2.124
2.124
2.124
2.125
2.127
2.128
2.129
2.129
2.129
2.129
2.129
2.130
2.131
2.131
2.131
2.133
2.134
2.135
2.138
2.138
2.138
2.139
2.140
2.141
2.141
2.141
2.142
2.145
2.145
2.145
2.145
2.146
2.146
2.146
2.146
2.146
2.146
2.147
2.148
2.148
2.149
2.149
2.150
2.151
2.153
2.153
2.154
2.154
2.154
2.154
2.155
2.155
2.155
2.155
2.156
2.156
2.157
2.158
2.158
2.158
2.159
2.159
2.161
2.161
2.162
2.163
2.163
2.164
2.165
2.170
2.170
2.171
2.173
2.173
2.173
2.173
2.174
2.174
2.175
2.179
2.180
2.181
2.182
2.182
2.184
2.185
2.185
2.187
2.187
2.188
2.190
2.191
2.193
2.194
2.195
2.195
2.195
2.201
2.202
2.203
2.204
2.205
2.206
2.209
2.209
2.211
2.212
2.213
2.214
2.218
2.219
2.227
2.228
2.232
2.241
2.249
2.263
2.274
2.278
2.304
2.310
2.363
2.415
