1.177
1.287
1.298
1.302
1.306
1.311
1.318
1.319
1.320
1.322
1.324
1.328
1.330
1.330
1.335
1.338
1.342
1.342
1.346
1.346
1.348
1.350
1.351
1.352
1.354
1.357
1.359
1.359
1.360
1.360
1.361
1.361
1.362
1.363
1.364
1.365
1.366
1.367
1.368
1.369
1.369
1.369
1.371
1.373
1.374
1.375
1.379
1.379
1.380
1.381
1.381
1.382
1.382
1.382
1.383
1.383
1.384
1.384
1.385
1.385
1.385
1.387
1.387
1.388
1.389
1.389
1.390
1.391
1.392
1.393
1.393
1.394
1.394
1.394
1.394
1.394
1.395
1.395
1.395
1.396
1.396
1.396
1.397
1.397
1.398
1.398
1.399
1.401
1.402
1.403
1.403
1.403
1.403
1.403
1.403
1.404
1.404
1.404
1.404
1.405
1.405
1.406
1.406
1.406
1.406
1.407
1.407
1.408
1.408
1.408
1.409
1.409
1.410
1.412
1.413
1.413
1.413
1.414
1.414
1.415
1.417
1.417
1.417
1.417
1.418
1.418
1.418
1.420
1.420
1.422
1.422
1.422
1.423
1.423
1.423
1.424
1.424
1.424
1.425
1.425
1.426
1.426
1.427
1.427
1.427
1.427
1.427
1.428
1.428
1.428
1.428
1.428
1.428
1.429
1.429
1.429
1.429
1.429
1.430
1.430
1.430
1.431
1.431
1.431
1.432
1.432
1.433
1.433
1.435
1.435
1.435
1.436
1.437
1.437
1.437
1.437
1.438
1.438
1.438
1.438
1.438
1.439
1.439
1.439
1.439
1.440
1.440
1.440
1.441
1.441
1.441
1.442
1.442
1.443
1.443
1.443
1.443
1.443
1.443
1.445
1.446
1.446
1.446
1.447
1.447
1.447
1.447
1.448
1.448
1.448
1.448
1.449
1.449
1.450
1.450
1.450
1.450
1.450
1.451
1.451
1.452
1.452
1.452
1.452
1.452
1.452
1.453
1.453
1.453
1.453
1.453
1.454
1.454
1.455
1.455
1.455
1.455
1.456
1.456
1.456
1.456
1.457
1.457
1.457
1.457
1.458
1.458
1.458
1.458
1.458
1.458
1.459
1.459
1.459
1.460
1.460
1.461
1.461
1.461
1.461
1.461
1.461
1.462
1.462
1.462
1.463
1.463
1.463
1.463
1.464
1.464
1.464
1.464
1.464
1.464
1.465
1.465
1.466
1.467
1.467
1.467
1.468
1.469
1.469
1.469
1.469
1.470
1.470
1.470
1.471
1.472
1.472
1.472
1.473
1.473
1.473
1.473
1.473
1.473
1.474
1.474
1.474
1.474
1.474
1.475
1.475
1.475
1.475
1.476
1.476
1.476
1.476
1.476
1.476
1.477
1.478
1.478
1.478
1.478
1.479
1.479
1.479
1.479
1.480
1.480
1.480
1.480
1.480
1.480
1.480
1.480
1.481
1.481
1.481
1.481
1.481
1.481
1.481
1.481
1.481
1.482
1.483
1.483
1.483
1.483
1.483
1.484
1.484
1.484
1.485
1.485
1.485
1.485
1.485
1.485
1.485
1.485
1.486
1.486
1.486
1.487
1.487
1.487
1.487
1.487
1.488
1.488
1.488
1.488
1.488
1.488
1.488
1.488
1.488
1.489
1.489
1.489
1.489
1.489
1.489
1.489
1.489
1.490
1.490
1.490
1.490
1.490
1.490
1.491
1.491
1.492
1.492
1.492
1.492
1.492
1.493
1.493
1.493
1.493
1.493
1.493
1.493
1.494
1.494
1.495
1.496
1.496
1.496
1.496
1.496
1.496
1.497
1.497
1.497
1.498
1.498
1.498
1.498
1.498
1.498
1.498
1.499
1.499
1.499
1.499
1.499
1.500
1.500
1.500
1.500
1.500
1.500
1.500
1.500
1.500
1.500
1.500
1.501
1.501
1.502
1.502
1.502
1.502
1.502
1.503
1.503
1.503
1.504
1.505
1.505
1.505
1.505
1.505
1.505
1.505
1.505
1.506
1.506
1.506
1.506
1.507
1.507
1.507
1.507
1.507
1.508
1.508
1.508
1.508
1.508
1.508
1.508
1.509
1.509
1.509
1.509
1.509
1.509
1.509
1.509
1.510
1.510
1.510
1.510
1.510
1.511
1.511
1.511
1.511
1.512
1.512
1.512
1.512
1.513
1.513
1.513
1.513
1.513
1.513
1.513
1.513
1.513
1.514
1.514
1.514
1.514
1.514
1.515
1.515
1.515
1.515
1.516
1.516
1.516
1.516
1.516
1.516
1.516
1.517
1.517
1.517
1.517
1.518
1.518
1.518
1.518
1.518
1.518
1.519
1.519
1.520
1.520
1.520
1.520
1.520
1.521
1.521
1.521
1.521
1.521
1.522
1.522
1.522
1.522
1.522
1.522
1.522
1.522
1.523
1.523
1.523
1.523
1.523
1.523
1.523
1.523
1.524
1.524
1.524
1.524
1.524
1.524
1.524
1.524
1.524
1.524
1.524
1.524
1.525
1.525
1.525
1.525
1.525
1.525
1.526
1.526
1.526
1.526
1.526
1.526
1.526
1.526
1.527
1.527
1.527
1.527
1.528
1.528
1.528
1.528
1.528
1.528
1.528
1.528
1.529
1.529
1.529
1.529
1.529
1.530
1.530
1.530
1.531
1.531
1.531
1.532
1.532
1.532
1.532
1.533
1.533
1.533
1.533
1.533
1.533
1.533
1.533
1.533
1.533
1.534
1.534
1.535
1.535
1.535
1.535
1.535
1.537
1.537
1.537
1.537
1.538
1.538
1.538
1.538
1.538
1.539
1.539
1.539
1.539
1.539
1.540
1.540
1.540
1.540
1.540
1.541
1.541
1.541
1.541
1.541
1.541
1.542
1.542
1.542
1.542
1.542
1.542
1.542
1.542
1.542
1.542
1.542
1.543
1.543
1.543
1.543
1.543
1.544
1.544
1.544
1.544
1.544
1.544
1.544
1.545
1.545
1.545
1.545
1.545
1.546
1.546
1.546
1.546
1.546
1.546
1.546
1.546
1.546
1.547
1.547
1.547
1.547
1.547
1.547
1.547
1.548
1.548
1.548
1.548
1.548
1.549
1.549
1.549
1.549
1.550
1.550
1.550
1.551
1.551
1.551
1.551
1.552
1.552
1.552
1.552
1.552
1.552
1.552
1.552
1.552
1.553
1.553
1.553
1.553
1.553
1.553
1.554
1.554
1.554
1.554
1.555
1.555
1.555
1.555
1.555
1.555
1.556
1.556
1.556
1.556
1.557
1.557
1.557
1.557
1.558
1.558
1.558
1.558
1.558
1.559
1.559
1.559
1.559
1.559
1.559
1.560
1.560
1.560
1.560
1.560
1.560
1.560
1.560
1.561
1.561
1.561
1.561
1.561
1.561
1.561
1.561
1.561
1.562
1.562
1.562
1.562
1.562
1.562
1.562
1.562
1.563
1.563
1.563
1.563
1.563
1.564
1.564
1.564
1.565
1.565
1.565
1.566
1.566
1.566
1.566
1.567
1.567
1.567
1.567
1.568
1.568
1.568
1.568
1.568
1.568
1.569
1.569
1.569
1.569
1.569
1.569
1.569
1.570
1.570
1.571
1.571
1.571
1.571
1.571
1.572
1.572
1.572
1.572
1.572
1.572
1.572
1.572
1.573
1.573
1.573
1.573
1.573
1.573
1.573
1.573
1.574
1.574
1.574
1.574
1.574
1.574
1.574
1.574
1.575
1.575
1.575
1.576
1.576
1.576
1.576
1.577
1.578
1.578
1.578
1.578
1.578
1.578
1.578
1.578
1.578
1.578
1.579
1.579
1.579
1.579
1.579
1.579
1.579
1.580
1.580
1.580
1.580
1.580
1.580
1.580
1.580
1.581
1.581
1.582
1.582
1.582
1.582
1.582
1.582
1.583
1.583
1.583
1.584
1.585
1.585
1.585
1.585
1.585
1.585
1.586
1.586
1.586
1.586
1.586
1.587
1.587
1.587
1.587
1.587
1.587
1.588
1.588
1.588
1.588
1.588
1.588
1.588
1.588
1.589
1.589
1.589
1.590
1.590
1.590
1.590
1.590
1.591
1.591
1.591
1.592
1.592
1.592
1.592
1.592
1.592
1.593
1.593
1.593
1.593
1.594
1.594
1.594
1.594
1.595
1.595
1.595
1.596
1.596
1.596
1.596
1.596
1.596
1.597
1.597
1.598
1.598
1.598
1.598
1.598
1.598
1.598
1.599
1.599
1.599
1.599
1.599
1.599
1.599
1.599
1.599
1.600
1.600
1.600
1.600
1.600
1.600
1.600
1.600
1.600
1.600
1.600
1.601
1.601
1.601
1.602
1.602
1.602
1.602
1.602
1.603
1.603
1.603
1.603
1.603
1.603
1.603
1.604
1.604
1.604
1.604
1.604
1.604
1.604
1.605
1.605
1.605
1.605
1.605
1.606
1.606
1.606
1.606
1.606
1.607
1.607
1.607
1.607
1.608
1.608
1.608
1.608
1.608
1.608
1.608
1.608
1.609
1.609
1.610
1.610
1.610
1.610
1.610
1.611
1.611
1.611
1.611
1.612
1.612
1.612
1.612
1.612
1.612
1.613
1.613
1.613
1.613
1.614
1.614
1.614
1.614
1.615
1.615
1.616
1.616
1.616
1.616
1.616
1.617
1.617
1.617
1.618
1.618
1.618
1.618
1.618
1.618
1.618
1.618
1.619
1.619
1.619
1.619
1.619
1.620
1.620
1.621
1.621
1.622
1.622
1.622
1.622
1.623
1.623
1.623
1.623
1.623
1.623
1.623
1.624
1.624
1.624
1.624
1.625
1.625
1.625
1.626
1.627
1.627
1.627
1.628
1.628
1.628
1.628
1.628
1.629
1.629
1.629
1.629
1.629
1.629
1.629
1.629
1.630
1.630
1.630
1.630
1.631
1.632
1.632
1.632
1.632
1.632
1.632
1.633
1.633
1.633
1.633
1.634
1.634
1.634
1.634
1.634
1.634
1.635
1.635
1.635
1.636
1.636
1.636
1.636
1.636
1.636
1.636
1.636
1.636
1.637
1.637
1.637
1.637
1.637
1.637
1.637
1.638
1.638
1.638
1.638
1.638
1.639
1.639
1.639
1.639
1.640
1.640
1.640
1.640
1.640
1.640
1.641
1.641
1.641
1.641
1.641
1.641
1.642
1.642
1.643
1.643
1.643
1.644
1.644
1.644
1.644
1.645
1.645
1.645
1.645
1.645
1.646
1.646
1.646
1.646
1.647
1.647
1.648
1.648
1.649
1.650
1.650
1.651
1.652
1.652
1.653
1.653
1.654
1.654
1.654
1.655
1.655
1.655
1.655
1.655
1.655
1.655
1.656
1.656
1.656
1.656
1.656
1.657
1.658
1.658
1.658
1.658
1.658
1.659
1.659
1.660
1.660
1.660
1.660
1.661
1.661
1.662
1.662
1.662
1.662
1.662
1.662
1.663
1.663
1.664
1.664
1.664
1.664
1.665
1.665
1.665
1.666
1.666
1.667
1.667
1.667
1.668
1.668
1.669
1.669
1.669
1.669
1.669
1.670
1.670
1.670
1.670
1.672
1.672
1.673
1.673
1.673
1.673
1.673
1.673
1.673
1.674
1.675
1.675
1.675
1.676
1.676
1.676
1.676
1.677
1.677
1.677
1.678
1.678
1.679
1.679
1.679
1.679
1.679
1.679
1.679
1.679
1.680
1.682
1.682
1.682
1.682
1.683
1.683
1.683
1.684
1.684
1.684
1.685
1.685
1.685
1.685
1.685
1.686
1.686
1.687
1.687
1.687
1.687
1.687
1.688
1.688
1.688
1.689
1.690
1.690
1.691
1.692
1.693
1.693
1.693
1.693
1.693
1.694
1.694
1.695
1.695
1.695
1.696
1.697
1.697
1.697
1.697
1.698
1.698
1.698
1.698
1.698
1.700
1.700
1.700
1.700
1.701
1.701
1.701
1.701
1.701
1.702
1.702
1.704
1.705
1.705
1.706
1.706
1.709
1.709
1.709
1.710
1.710
1.711
1.711
1.712
1.712
1.712
1.713
1.713
1.714
1.714
1.715
1.715
1.716
1.716
1.716
1.717
1.717
1.719
1.719
1.720
1.721
1.722
1.722
1.723
1.723
1.723
1.724
1.724
1.724
1.725
1.725
1.725
1.726
1.726
1.727
1.727
1.728
1.730
1.731
1.731
1.732
1.733
1.733
1.733
1.733
1.733
1.735
1.735
1.736
1.737
1.738
1.738
1.739
1.739
1.740
1.740
1.742
1.742
1.743
1.743
1.743
1.743
1.744
1.744
1.745
1.746
1.746
1.747
1.748
1.748
1.748
1.749
1.751
1.751
1.752
1.755
1.756
1.758
1.758
1.760
1.760
1.760
1.761
1.765
1.765
1.766
1.766
1.768
1.768
1.769
1.770
1.770
1.770
1.771
1.771
1.772
1.773
1.773
1.773
1.774
1.775
1.775
1.777
1.777
1.781
1.785
1.786
1.788
1.789
1.790
1.793
1.797
1.799
1.802
1.808
1.811
1.813
1.817
1.817
1.820
1.820
1.821
1.832
1.834
1.836
1.838
1.839
1.842
1.846
1.853
1.861
1.862
1.862
1.869
1.871
1.877
1.881
1.886
1.887
1.890
1.897
1.898
1.908
1.915
1.940
2.001
2.031
2.608
