2.137
2.234
2.343
2.397
2.436
2.459
2.471
2.478
2.495
2.510
2.510
2.515
2.516
2.516
2.538
2.549
2.559
2.560
2.562
2.563
2.567
2.568
2.569
2.571
2.572
2.578
2.579
2.579
2.583
2.586
2.587
2.597
2.598
2.599
2.600
2.600
2.602
2.603
2.603
2.609
2.616
2.625
2.639
2.641
2.645
2.648
2.653
2.653
2.657
2.658
2.659
2.669
2.669
2.670
2.670
2.672
2.673
2.673
2.676
2.677
2.677
2.680
2.681
2.682
2.687
2.688
2.688
2.689
2.689
2.689
2.694
2.696
2.700
2.700
2.701
2.701
2.705
2.705
2.706
2.707
2.707
2.708
2.710
2.711
2.713
2.722
2.722
2.723
2.725
2.725
2.727
2.727
2.728
2.728
2.729
2.729
2.730
2.730
2.732
2.734
2.735
2.738
2.738
2.740
2.740
2.743
2.743
2.743
2.744
2.744
2.745
2.745
2.752
2.753
2.754
2.755
2.755
2.758
2.759
2.761
2.761
2.764
2.764
2.765
2.766
2.766
2.767
2.768
2.769
2.769
2.769
2.770
2.770
2.771
2.772
2.774
2.774
2.775
2.776
2.777
2.778
2.778
2.778
2.778
2.780
2.781
2.783
2.783
2.784
2.785
2.786
2.786
2.786
2.790
2.791
2.791
2.792
2.793
2.793
2.794
2.795
2.796
2.796
2.798
2.798
2.798
2.798
2.800
2.801
2.802
2.802
2.803
2.804
2.804
2.804
2.804
2.806
2.806
2.807
2.808
2.808
2.809
2.811
2.811
2.812
2.812
2.814
2.814
2.815
2.815
2.815
2.816
2.820
2.821
2.822
2.822
2.826
2.826
2.827
2.828
2.828
2.829
2.829
2.830
2.831
2.831
2.832
2.832
2.832
2.833
2.833
2.833
2.834
2.834
2.835
2.836
2.836
2.837
2.839
2.840
2.840
2.841
2.841
2.842
2.842
2.842
2.842
2.844
2.846
2.847
2.847
2.848
2.850
2.850
2.851
2.852
2.853
2.854
2.855
2.856
2.858
2.858
2.858
2.859
2.859
2.860
2.860
2.861
2.862
2.862
2.862
2.863
2.865
2.865
2.867
2.867
2.868
2.870
2.870
2.871
2.872
2.872
2.873
2.874
2.875
2.876
2.876
2.876
2.877
2.878
2.878
2.878
2.879
2.879
2.879
2.880
2.881
2.881
2.882
2.882
2.882
2.883
2.885
2.885
2.887
2.888
2.888
2.889
2.889
2.889
2.891
2.891
2.892
2.892
2.892
2.892
2.892
2.893
2.893
2.894
2.895
2.895
2.896
2.898
2.898
2.899
2.899
2.900
2.900
2.902
2.902
2.903
2.903
2.903
2.906
2.906
2.906
2.906
2.908
2.909
2.909
2.909
2.910
2.910
2.910
2.911
2.912
2.913
2.913
2.913
2.914
2.915
2.915
2.916
2.916
2.917
2.917
2.917
2.917
2.919
2.920
2.920
2.921
2.921
2.922
2.922
2.923
2.923
2.925
2.925
2.926
2.927
2.927
2.928
2.928
2.929
2.929
2.931
2.932
2.932
2.933
2.933
2.934
2.934
2.934
2.934
2.935
2.936
2.936
2.936
2.937
2.937
2.938
2.938
2.938
2.938
2.939
2.939
2.939
2.939
2.939
2.940
2.940
2.940
2.940
2.941
2.941
2.942
2.942
2.942
2.942
2.943
2.943
2.943
2.946
2.946
2.947
2.948
2.948
2.948
2.949
2.949
2.949
2.949
2.950
2.950
2.951
2.951
2.951
2.952
2.952
2.952
2.952
2.952
2.953
2.953
2.954
2.955
2.955
2.956
2.956
2.956
2.956
2.957
2.957
2.957
2.958
2.959
2.961
2.963
2.964
2.965
2.965
2.965
2.966
2.966
2.967
2.968
2.968
2.968
2.969
2.970
2.971
2.971
2.971
2.972
2.972
2.972
2.972
2.972
2.973
2.973
2.973
2.974
2.974
2.974
2.975
2.975
2.976
2.976
2.977
2.978
2.978
2.979
2.980
2.980
2.980
2.981
2.981
2.982
2.982
2.983
2.984
2.984
2.984
2.984
2.985
2.985
2.986
2.986
2.987
2.987
2.988
2.988
2.988
2.989
2.989
2.989
2.989
2.989
2.989
2.989
2.989
2.990
2.991
2.991
2.992
2.992
2.992
2.992
2.992
2.992
2.994
2.994
2.994
2.995
2.995
2.996
2.997
2.998
2.999
2.999
2.999
3.000
3.000
3.000
3.001
3.001
3.001
3.001
3.001
3.002
3.002
3.003
3.003
3.003
3.003
3.003
3.004
3.004
3.004
3.004
3.005
3.006
3.006
3.006
3.008
3.008
3.008
3.010
3.011
3.011
3.011
3.011
3.011
3.013
3.013
3.014
3.014
3.015
3.015
3.015
3.016
3.016
3.016
3.016
3.016
3.017
3.017
3.017
3.017
3.018
3.019
3.019
3.019
3.019
3.020
3.021
3.021
3.021
3.021
3.022
3.022
3.022
3.022
3.023
3.023
3.024
3.025
3.025
3.025
3.025
3.025
3.025
3.025
3.026
3.026
3.027
3.027
3.028
3.028
3.028
3.028
3.028
3.028
3.029
3.030
3.030
3.031
3.031
3.032
3.032
3.032
3.032
3.033
3.033
3.034
3.034
3.034
3.034
3.034
3.035
3.035
3.035
3.036
3.036
3.036
3.037
3.037
3.038
3.038
3.039
3.039
3.039
3.039
3.040
3.040
3.040
3.040
3.041
3.042
3.042
3.042
3.043
3.043
3.043
3.044
3.044
3.046
3.047
3.047
3.047
3.047
3.048
3.051
3.051
3.051
3.052
3.052
3.052
3.053
3.053
3.053
3.053
3.053
3.054
3.054
3.055
3.055
3.055
3.056
3.056
3.057
3.057
3.057
3.057
3.058
3.058
3.058
3.060
3.060
3.060
3.060
3.060
3.062
3.063
3.064
3.065
3.065
3.065
3.066
3.067
3.067
3.067
3.067
3.068
3.069
3.069
3.069
3.069
3.070
3.070
3.070
3.070
3.070
3.071
3.071
3.071
3.071
3.071
3.072
3.072
3.073
3.073
3.073
3.073
3.074
3.074
3.074
3.075
3.076
3.077
3.077
3.078
3.078
3.078
3.078
3.079
3.079
3.080
3.080
3.081
3.081
3.081
3.081
3.082
3.082
3.082
3.083
3.083
3.083
3.084
3.085
3.085
3.085
3.085
3.085
3.086
3.086
3.086
3.086
3.087
3.087
3.088
3.088
3.089
3.090
3.090
3.090
3.090
3.090
3.090
3.091
3.091
3.091
3.092
3.092
3.092
3.093
3.094
3.096
3.096
3.097
3.097
3.098
3.098
3.099
3.099
3.099
3.100
3.100
3.100
3.100
3.101
3.101
3.101
3.101
3.102
3.102
3.102
3.102
3.102
3.103
3.103
3.103
3.104
3.104
3.105
3.105
3.106
3.107
3.107
3.108
3.108
3.109
3.109
3.109
3.109
3.110
3.110
3.110
3.111
3.111
3.111
3.111
3.112
3.112
3.112
3.113
3.114
3.115
3.115
3.116
3.116
3.116
3.117
3.118
3.118
3.118
3.118
3.119
3.120
3.121
3.121
3.121
3.122
3.123
3.123
3.123
3.123
3.124
3.125
3.126
3.126
3.127
3.127
3.128
3.128
3.129
3.129
3.129
3.130
3.130
3.130
3.131
3.131
3.132
3.133
3.133
3.133
3.134
3.135
3.135
3.135
3.135
3.136
3.136
3.136
3.136
3.137
3.138
3.139
3.139
3.139
3.139
3.141
3.142
3.142
3.143
3.143
3.143
3.144
3.144
3.144
3.144
3.144
3.145
3.145
3.145
3.146
3.146
3.146
3.146
3.147
3.147
3.147
3.147
3.148
3.148
3.149
3.150
3.150
3.150
3.150
3.151
3.152
3.152
3.152
3.154
3.154
3.154
3.154
3.155
3.155
3.156
3.156
3.157
3.158
3.158
3.158
3.159
3.159
3.160
3.160
3.160
3.161
3.162
3.163
3.163
3.163
3.164
3.164
3.165
3.165
3.166
3.166
3.167
3.168
3.168
3.168
3.168
3.168
3.168
3.168
3.168
3.168
3.169
3.169
3.170
3.170
3.170
3.170
3.170
3.171
3.171
3.171
3.172
3.173
3.173
3.174
3.174
3.175
3.176
3.177
3.177
3.178
3.178
3.179
3.179
3.180
3.180
3.181
3.181
3.182
3.182
3.182
3.183
3.184
3.185
3.185
3.185
3.185
3.185
3.186
3.186
3.187
3.188
3.188
3.188
3.189
3.189
3.189
3.190
3.190
3.191
3.192
3.192
3.193
3.193
3.193
3.194
3.194
3.195
3.196
3.196
3.196
3.197
3.197
3.197
3.197
3.198
3.198
3.198
3.198
3.198
3.198
3.199
3.199
3.200
3.200
3.200
3.201
3.201
3.202
3.203
3.204
3.205
3.206
3.206
3.206
3.206
3.206
3.208
3.208
3.208
3.209
3.209
3.209
3.210
3.210
3.211
3.212
3.212
3.212
3.213
3.213
3.213
3.213
3.215
3.215
3.216
3.216
3.216
3.217
3.218
3.219
3.220
3.221
3.222
3.222
3.222
3.222
3.223
3.223
3.223
3.224
3.224
3.225
3.225
3.225
3.225
3.226
3.226
3.227
3.228
3.228
3.229
3.229
3.231
3.231
3.231
3.232
3.232
3.232
3.233
3.233
3.233
3.234
3.234
3.234
3.235
3.235
3.235
3.236
3.236
3.236
3.236
3.236
3.237
3.239
3.239
3.240
3.241
3.242
3.242
3.242
3.243
3.243
3.244
3.244
3.244
3.245
3.245
3.245
3.245
3.245
3.246
3.247
3.247
3.247
3.249
3.249
3.249
3.249
3.250
3.251
3.251
3.252
3.252
3.252
3.253
3.254
3.254
3.255
3.256
3.257
3.257
3.259
3.259
3.260
3.260
3.261
3.262
3.262
3.263
3.263
3.263
3.264
3.264
3.264
3.264
3.264
3.265
3.265
3.266
3.266
3.266
3.267
3.267
3.268
3.268
3.268
3.269
3.269
3.270
3.270
3.271
3.271
3.271
3.271
3.273
3.273
3.274
3.274
3.275
3.275
3.275
3.276
3.276
3.276
3.277
3.277
3.278
3.278
3.278
3.280
3.280
3.281
3.282
3.283
3.283
3.283
3.285
3.285
3.285
3.285
3.287
3.288
3.288
3.289
3.289
3.290
3.291
3.291
3.292
3.292
3.292
3.293
3.293
3.293
3.294
3.294
3.294
3.295
3.295
3.295
3.295
3.295
3.295
3.296
3.297
3.299
3.299
3.300
3.300
3.302
3.303
3.304
3.305
3.305
3.305
3.306
3.307
3.307
3.307
3.307
3.307
3.308
3.308
3.309
3.309
3.310
3.310
3.310
3.311
3.311
3.312
3.313
3.314
3.315
3.317
3.319
3.319
3.319
3.319
3.320
3.320
3.320
3.320
3.321
3.322
3.324
3.324
3.326
3.326
3.327
3.327
3.329
3.329
3.329
3.330
3.330
3.332
3.333
3.334
3.335
3.335
3.336
3.337
3.338
3.341
3.343
3.346
3.347
3.349
3.349
3.350
3.351
3.353
3.354
3.358
3.360
3.361
3.362
3.364
3.364
3.365
3.367
3.369
3.370
3.371
3.372
3.372
3.373
3.373
3.375
3.375
3.376
3.376
3.376
3.378
3.378
3.379
3.379
3.381
3.382
3.383
3.383
3.384
3.384
3.385
3.385
3.385
3.390
3.390
3.390
3.391
3.391
3.391
3.392
3.392
3.394
3.394
3.395
3.395
3.395
3.395
3.400
3.401
3.402
3.402
3.403
3.403
3.403
3.403
3.404
3.407
3.407
3.407
3.407
3.408
3.409
3.409
3.412
3.413
3.413
3.414
3.414
3.415
3.415
3.416
3.417
3.420
3.420
3.421
3.423
3.424
3.426
3.426
3.427
3.428
3.429
3.430
3.430
3.432
3.434
3.435
3.438
3.439
3.441
3.443
3.444
3.448
3.449
3.449
3.449
3.450
3.451
3.452
3.452
3.453
3.454
3.454
3.454
3.455
3.456
3.456
3.457
3.459
3.460
3.461
3.461
3.461
3.464
3.465
3.466
3.467
3.468
3.471
3.471
3.472
3.472
3.474
3.475
3.476
3.477
3.477
3.478
3.478
3.478
3.479
3.480
3.480
3.483
3.483
3.484
3.486
3.486
3.488
3.488
3.489
3.493
3.496
3.498
3.499
3.499
3.500
3.504
3.506
3.506
3.510
3.511
3.521
3.521
3.525
3.530
3.530
3.532
3.533
3.535
3.539
3.539
3.540
3.540
3.542
3.545
3.550
3.551
3.553
3.555
3.555
3.555
3.556
3.565
3.569
3.570
3.576
3.590
3.590
3.591
3.594
3.595
3.599
3.603
3.611
3.612
3.613
3.614
3.621
3.624
3.625
3.631
3.631
3.634
3.641
3.643
3.644
3.646
3.652
3.666
3.666
3.668
3.694
3.697
3.699
3.700
3.703
3.704
3.727
3.728
3.729
3.734
3.754
3.764
3.772
3.778
3.788
3.791
3.826
3.839
3.850
3.851
3.873
3.874
3.885
3.947
4.013
