1.704
1.797
1.797
1.802
1.823
1.823
1.835
1.860
1.865
1.867
1.877
1.877
1.882
1.889
1.910
1.912
1.922
1.926
1.927
1.928
1.930
1.930
1.930
1.937
1.939
1.943
1.943
1.944
1.948
1.949
1.952
1.956
1.957
1.959
1.960
1.961
1.961
1.962
1.964
1.968
1.968
1.969
1.970
1.970
1.972
1.973
1.977
1.981
1.981
1.981
1.985
1.991
1.991
1.994
1.995
1.997
1.998
1.999
1.999
1.999
1.999
2.000
2.001
2.001
2.003
2.003
2.004
2.004
2.005
2.009
2.010
2.010
2.012
2.015
2.016
2.016
2.018
2.020
2.020
2.020
2.021
2.021
2.024
2.026
2.027
2.029
2.029
2.031
2.031
2.031
2.031
2.032
2.034
2.034
2.035
2.035
2.035
2.042
2.043
2.043
2.044
2.044
2.045
2.047
2.048
2.048
2.048
2.048
2.049
2.050
2.051
2.052
2.055
2.056
2.056
2.057
2.058
2.058
2.060
2.060
2.061
2.062
2.065
2.065
2.065
2.067
2.067
2.067
2.067
2.068
2.068
2.068
2.068
2.069
2.069
2.069
2.071
2.071
2.071
2.072
2.073
2.074
2.075
2.076
2.078
2.081
2.082
2.083
2.083
2.085
2.086
2.086
2.088
2.088
2.089
2.089
2.089
2.090
2.090
2.091
2.092
2.093
2.093
2.093
2.094
2.094
2.095
2.096
2.096
2.096
2.096
2.097
2.100
2.101
2.102
2.103
2.104
2.104
2.104
2.105
2.105
2.105
2.105
2.106
2.106
2.107
2.109
2.110
2.110
2.111
2.111
2.111
2.112
2.113
2.113
2.113
2.115
2.115
2.116
2.117
2.117
2.117
2.118
2.118
2.118
2.118
2.119
2.119
2.120
2.120
2.122
2.123
2.123
2.123
2.123
2.124
2.126
2.127
2.127
2.127
2.129
2.129
2.130
2.131
2.132
2.132
2.133
2.133
2.134
2.135
2.135
2.136
2.137
2.137
2.138
2.139
2.139
2.142
2.142
2.143
2.143
2.143
2.143
2.145
2.145
2.146
2.147
2.147
2.148
2.148
2.148
2.148
2.149
2.149
2.149
2.151
2.151
2.152
2.152
2.152
2.156
2.156
2.156
2.158
2.158
2.159
2.159
2.159
2.159
2.159
2.160
2.160
2.161
2.161
2.162
2.162
2.163
2.164
2.164
2.164
2.165
2.166
2.166
2.166
2.166
2.167
2.167
2.167
2.167
2.167
2.168
2.168
2.168
2.168
2.168
2.169
2.171
2.172
2.173
2.173
2.174
2.174
2.175
2.176
2.176
2.177
2.177
2.179
2.179
2.179
2.179
2.179
2.181
2.182
2.182
2.182
2.185
2.185
2.185
2.185
2.186
2.186
2.186
2.187
2.187
2.187
2.187
2.188
2.188
2.188
2.188
2.188
2.189
2.190
2.190
2.190
2.190
2.190
2.190
2.192
2.192
2.193
2.193
2.193
2.193
2.194
2.195
2.196
2.196
2.197
2.198
2.198
2.199
2.199
2.199
2.199
2.199
2.200
2.200
2.200
2.200
2.201
2.201
2.201
2.201
2.202
2.202
2.202
2.203
2.204
2.204
2.204
2.205
2.205
2.206
2.206
2.206
2.207
2.207
2.207
2.207
2.208
2.208
2.209
2.210
2.210
2.210
2.210
2.210
2.211
2.211
2.211
2.212
2.212
2.212
2.213
2.213
2.214
2.214
2.214
2.214
2.215
2.215
2.216
2.216
2.216
2.217
2.217
2.217
2.218
2.218
2.218
2.219
2.219
2.219
2.219
2.219
2.219
2.221
2.221
2.221
2.222
2.222
2.223
2.223
2.224
2.224
2.225
2.225
2.225
2.225
2.226
2.226
2.227
2.227
2.227
2.227
2.227
2.228
2.228
2.228
2.229
2.229
2.229
2.229
2.229
2.230
2.230
2.231
2.231
2.231
2.231
2.231
2.231
2.232
2.232
2.232
2.232
2.232
2.233
2.233
2.233
2.234
2.235
2.235
2.236
2.236
2.237
2.237
2.238
2.239
2.239
2.239
2.239
2.240
2.240
2.240
2.241
2.241
2.241
2.243
2.244
2.244
2.244
2.244
2.244
2.246
2.246
2.248
2.249
2.250
2.250
2.251
2.251
2.251
2.251
2.251
2.252
2.252
2.252
2.253
2.253
2.253
2.253
2.254
2.254
2.254
2.255
2.255
2.255
2.256
2.256
2.257
2.257
2.258
2.258
2.259
2.259
2.259
2.259
2.260
2.261
2.261
2.261
2.262
2.263
2.263
2.263
2.264
2.264
2.264
2.264
2.265
2.265
2.265
2.265
2.267
2.267
2.267
2.267
2.267
2.268
2.268
2.268
2.269
2.269
2.270
2.270
2.271
2.271
2.272
2.272
2.273
2.273
2.274
2.274
2.274
2.274
2.275
2.275
2.276
2.276
2.277
2.277
2.277
2.278
2.278
2.279
2.279
2.279
2.279
2.281
2.281
2.282
2.282
2.283
2.283
2.283
2.283
2.284
2.284
2.284
2.284
2.285
2.285
2.285
2.286
2.286
2.287
2.287
2.288
2.290
2.290
2.290
2.290
2.291
2.291
2.293
2.293
2.293
2.294
2.294
2.294
2.294
2.295
2.295
2.295
2.295
2.296
2.297
2.298
2.298
2.298
2.299
2.299
2.300
2.301
2.301
2.301
2.301
2.302
2.302
2.302
2.302
2.302
2.302
2.302
2.303
2.303
2.303
2.303
2.303
2.304
2.305
2.305
2.305
2.305
2.305
2.306
2.306
2.306
2.306
2.307
2.307
2.308
2.308
2.308
2.308
2.309
2.310
2.310
2.312
2.312
2.312
2.312
2.313
2.314
2.314
2.315
2.315
2.315
2.316
2.316
2.317
2.317
2.317
2.317
2.317
2.318
2.318
2.318
2.319
2.319
2.319
2.319
2.320
2.320
2.320
2.320
2.321
2.322
2.322
2.322
2.322
2.323
2.323
2.323
2.324
2.324
2.324
2.325
2.325
2.325
2.325
2.326
2.326
2.326
2.326
2.327
2.327
2.327
2.327
2.328
2.328
2.328
2.328
2.328
2.328
2.329
2.329
2.329
2.329
2.330
2.330
2.330
2.330
2.330
2.330
2.331
2.331
2.331
2.331
2.331
2.332
2.332
2.333
2.334
2.334
2.334
2.335
2.335
2.335
2.336
2.336
2.336
2.337
2.337
2.338
2.339
2.340
2.340
2.340
2.340
2.340
2.341
2.342
2.342
2.342
2.343
2.344
2.344
2.344
2.344
2.345
2.345
2.345
2.345
2.345
2.346
2.346
2.346
2.346
2.347
2.347
2.347
2.347
2.348
2.348
2.350
2.350
2.350
2.351
2.351
2.351
2.352
2.353
2.353
2.353
2.354
2.354
2.354
2.355
2.355
2.355
2.355
2.355
2.356
2.356
2.356
2.357
2.357
2.357
2.357
2.357
2.358
2.358
2.358
2.358
2.359
2.359
2.359
2.359
2.360
2.360
2.360
2.360
2.361
2.361
2.361
2.361
2.362
2.363
2.363
2.363
2.363
2.364
2.364
2.364
2.365
2.365
2.365
2.365
2.365
2.366
2.366
2.366
2.367
2.367
2.367
2.367
2.368
2.368
2.370
2.370
2.370
2.370
2.370
2.370
2.371
2.372
2.372
2.372
2.373
2.373
2.373
2.373
2.373
2.374
2.374
2.375
2.375
2.375
2.376
2.376
2.376
2.376
2.377
2.377
2.377
2.378
2.379
2.379
2.381
2.381
2.381
2.381
2.382
2.382
2.382
2.383
2.383
2.384
2.384
2.386
2.386
2.386
2.388
2.388
2.389
2.389
2.389
2.390
2.390
2.391
2.391
2.391
2.393
2.393
2.393
2.393
2.394
2.394
2.396
2.396
2.397
2.397
2.397
2.398
2.398
2.399
2.399
2.400
2.400
2.400
2.401
2.401
2.401
2.402
2.402
2.402
2.402
2.403
2.403
2.403
2.403
2.404
2.404
2.404
2.404
2.404
2.404
2.405
2.405
2.405
2.405
2.406
2.406
2.407
2.407
2.408
2.408
2.408
2.409
2.409
2.409
2.410
2.410
2.410
2.410
2.410
2.410
2.410
2.410
2.411
2.411
2.411
2.412
2.412
2.412
2.413
2.413
2.413
2.413
2.413
2.413
2.414
2.415
2.415
2.416
2.416
2.416
2.416
2.416
2.417
2.417
2.417
2.417
2.417
2.418
2.418
2.418
2.418
2.418
2.418
2.418
2.419
2.419
2.419
2.420
2.420
2.420
2.422
2.422
2.424
2.424
2.424
2.424
2.424
2.425
2.426
2.426
2.427
2.427
2.428
2.428
2.428
2.428
2.428
2.428
2.429
2.429
2.429
2.429
2.431
2.432
2.432
2.432
2.432
2.432
2.433
2.433
2.434
2.434
2.434
2.434
2.435
2.435
2.436
2.436
2.436
2.437
2.437
2.437
2.437
2.438
2.438
2.439
2.439
2.439
2.440
2.440
2.440
2.441
2.441
2.441
2.441
2.441
2.442
2.442
2.443
2.443
2.443
2.444
2.444
2.444
2.445
2.445
2.445
2.445
2.446
2.446
2.447
2.447
2.447
2.448
2.448
2.450
2.450
2.450
2.451
2.452
2.452
2.452
2.452
2.453
2.453
2.453
2.453
2.453
2.454
2.454
2.454
2.456
2.456
2.456
2.456
2.460
2.460
2.460
2.460
2.461
2.461
2.462
2.463
2.465
2.465
2.465
2.465
2.465
2.465
2.466
2.467
2.467
2.468
2.469
2.469
2.469
2.469
2.469
2.469
2.469
2.469
2.470
2.471
2.472
2.472
2.472
2.472
2.473
2.473
2.473
2.474
2.475
2.475
2.475
2.475
2.476
2.476
2.476
2.477
2.477
2.478
2.479
2.480
2.480
2.481
2.481
2.481
2.481
2.481
2.481
2.482
2.482
2.483
2.483
2.484
2.485
2.485
2.486
2.486
2.486
2.487
2.487
2.487
2.488
2.488
2.488
2.488
2.489
2.489
2.490
2.491
2.491
2.491
2.491
2.492
2.493
2.494
2.494
2.494
2.494
2.495
2.496
2.498
2.498
2.498
2.499
2.500
2.500
2.500
2.501
2.501
2.502
2.502
2.502
2.502
2.503
2.503
2.504
2.504
2.504
2.505
2.506
2.506
2.506
2.508
2.508
2.509
2.509
2.510
2.510
2.510
2.510
2.511
2.511
2.511
2.511
2.512
2.512
2.512
2.513
2.513
2.514
2.515
2.515
2.515
2.516
2.516
2.516
2.517
2.517
2.518
2.519
2.519
2.519
2.519
2.522
2.524
2.525
2.525
2.526
2.526
2.526
2.527
2.527
2.529
2.529
2.530
2.531
2.532
2.533
2.534
2.534
2.535
2.536
2.536
2.537
2.537
2.538
2.539
2.540
2.541
2.541
2.542
2.542
2.543
2.543
2.544
2.544
2.544
2.544
2.545
2.545
2.545
2.546
2.546
2.547
2.547
2.547
2.548
2.548
2.548
2.548
2.550
2.550
2.550
2.551
2.553
2.553
2.553
2.553
2.554
2.554
2.555
2.556
2.557
2.557
2.557
2.560
2.561
2.561
2.561
2.562
2.562
2.562
2.562
2.563
2.563
2.564
2.564
2.565
2.565
2.566
2.566
2.566
2.567
2.567
2.567
2.570
2.570
2.570
2.570
2.571
2.571
2.572
2.573
2.573
2.575
2.575
2.575
2.575
2.576
2.577
2.578
2.578
2.579
2.581
2.581
2.581
2.581
2.581
2.582
2.582
2.583
2.583
2.586
2.586
2.587
2.587
2.587
2.589
2.589
2.590
2.590
2.591
2.593
2.596
2.596
2.597
2.597
2.599
2.599
2.599
2.600
2.600
2.601
2.601
2.602
2.604
2.605
2.605
2.606
2.606
2.607
2.610
2.611
2.611
2.611
2.612
2.612
2.614
2.615
2.617
2.617
2.617
2.618
2.619
2.620
2.622
2.624
2.625
2.625
2.627
2.628
2.629
2.630
2.631
2.631
2.632
2.632
2.634
2.635
2.635
2.637
2.637
2.637
2.639
2.642
2.643
2.644
2.645
2.646
2.649
2.649
2.649
2.649
2.651
2.653
2.654
2.654
2.657
2.658
2.658
2.659
2.663
2.663
2.663
2.664
2.664
2.666
2.667
2.669
2.669
2.674
2.675
2.676
2.678
2.679
2.681
2.681
2.681
2.685
2.686
2.686
2.689
2.689
2.690
2.692
2.693
2.693
2.694
2.694
2.696
2.697
2.698
2.698
2.700
2.703
2.705
2.706
2.706
2.708
2.708
2.710
2.710
2.713
2.715
2.716
2.727
2.728
2.728
2.728
2.729
2.730
2.731
2.733
2.734
2.738
2.738
2.739
2.741
2.741
2.749
2.750
2.750
2.750
2.751
2.752
2.753
2.757
2.760
2.763
2.765
2.771
2.771
2.773
2.773
2.776
2.779
2.780
2.781
2.796
2.798
2.799
2.804
2.806
2.813
2.814
2.818
2.824
2.825
2.831
2.832
2.849
2.851
2.889
2.890
2.890
2.891
2.914
2.924
2.929
2.942
2.950
2.953
2.962
2.982
