2.873
2.977
3.033
3.048
3.051
3.055
3.084
3.084
3.094
3.096
3.100
3.108
3.108
3.109
3.110
3.111
3.116
3.130
3.132
3.143
3.146
3.148
3.149
3.149
3.150
3.158
3.177
3.182
3.182
3.187
3.191
3.193
3.193
3.195
3.197
3.205
3.207
3.209
3.212
3.212
3.213
3.217
3.218
3.218
3.218
3.221
3.228
3.229
3.230
3.233
3.252
3.258
3.258
3.259
3.260
3.263
3.268
3.268
3.268
3.269
3.270
3.271
3.271
3.274
3.276
3.277
3.281
3.282
3.283
3.284
3.287
3.287
3.287
3.289
3.292
3.294
3.296
3.297
3.298
3.300
3.300
3.300
3.300
3.301
3.303
3.304
3.305
3.305
3.306
3.307
3.307
3.309
3.310
3.313
3.317
3.317
3.318
3.319
3.326
3.326
3.327
3.328
3.330
3.331
3.331
3.333
3.334
3.334
3.338
3.339
3.342
3.349
3.350
3.351
3.353
3.353
3.354
3.355
3.356
3.357
3.358
3.359
3.360
3.360
3.360
3.360
3.360
3.362
3.362
3.363
3.364
3.366
3.367
3.367
3.367
3.370
3.372
3.373
3.373
3.373
3.374
3.374
3.375
3.377
3.382
3.383
3.383
3.385
3.387
3.388
3.389
3.389
3.393
3.393
3.395
3.396
3.397
3.397
3.397
3.400
3.401
3.402
3.403
3.404
3.404
3.405
3.406
3.407
3.407
3.408
3.408
3.409
3.412
3.412
3.414
3.414
3.415
3.418
3.419
3.419
3.419
3.419
3.423
3.424
3.425
3.426
3.426
3.428
3.429
3.429
3.430
3.432
3.433
3.433
3.434
3.435
3.437
3.439
3.439
3.439
3.440
3.440
3.440
3.442
3.442
3.444
3.445
3.446
3.446
3.448
3.448
3.450
3.450
3.451
3.452
3.453
3.454
3.457
3.458
3.458
3.459
3.460
3.461
3.462
3.462
3.463
3.463
3.463
3.464
3.465
3.465
3.468
3.468
3.469
3.471
3.472
3.472
3.473
3.475
3.475
3.476
3.476
3.477
3.478
3.480
3.481
3.481
3.481
3.482
3.484
3.486
3.488
3.488
3.489
3.489
3.490
3.490
3.491
3.491
3.492
3.492
3.493
3.493
3.494
3.495
3.496
3.496
3.496
3.497
3.497
3.497
3.498
3.499
3.499
3.499
3.500
3.502
3.502
3.503
3.503
3.504
3.504
3.505
3.507
3.507
3.508
3.508
3.508
3.510
3.510
3.511
3.511
3.511
3.511
3.511
3.512
3.514
3.514
3.515
3.515
3.516
3.516
3.517
3.518
3.519
3.519
3.519
3.520
3.520
3.521
3.521
3.522
3.522
3.523
3.523
3.523
3.523
3.524
3.524
3.524
3.524
3.525
3.525
3.525
3.527
3.528
3.528
3.529
3.529
3.530
3.530
3.531
3.531
3.531
3.531
3.531
3.533
3.534
3.534
3.534
3.535
3.535
3.536
3.536
3.536
3.537
3.537
3.537
3.539
3.539
3.540
3.540
3.541
3.541
3.543
3.544
3.546
3.547
3.548
3.548
3.549
3.549
3.551
3.551
3.551
3.552
3.553
3.554
3.554
3.554
3.555
3.555
3.556
3.556
3.557
3.558
3.559
3.559
3.560
3.560
3.561
3.563
3.563
3.564
3.564
3.565
3.565
3.566
3.566
3.566
3.567
3.567
3.567
3.568
3.569
3.570
3.570
3.570
3.571
3.572
3.572
3.572
3.573
3.573
3.573
3.574
3.576
3.576
3.579
3.579
3.579
3.581
3.581
3.583
3.584
3.584
3.584
3.585
3.585
3.586
3.587
3.588
3.588
3.589
3.590
3.590
3.590
3.592
3.592
3.592
3.593
3.593
3.595
3.596
3.597
3.599
3.599
3.600
3.600
3.600
3.601
3.601
3.602
3.602
3.602
3.603
3.603
3.604
3.604
3.604
3.606
3.606
3.606
3.607
3.608
3.610
3.610
3.610
3.614
3.614
3.615
3.616
3.617
3.617
3.618
3.618
3.618
3.619
3.620
3.620
3.621
3.623
3.623
3.624
3.625
3.626
3.627
3.627
3.628
3.628
3.629
3.629
3.630
3.630
3.630
3.630
3.631
3.631
3.631
3.632
3.635
3.635
3.635
3.635
3.637
3.638
3.638
3.638
3.639
3.639
3.640
3.641
3.642
3.642
3.642
3.642
3.643
3.644
3.644
3.645
3.645
3.645
3.647
3.647
3.647
3.648
3.648
3.649
3.649
3.650
3.650
3.651
3.651
3.651
3.651
3.651
3.652
3.655
3.655
3.655
3.656
3.656
3.657
3.658
3.658
3.660
3.660
3.661
3.661
3.662
3.662
3.665
3.665
3.665
3.666
3.666
3.668
3.670
3.671
3.671
3.671
3.672
3.672
3.672
3.672
3.672
3.673
3.674
3.674
3.674
3.674
3.674
3.675
3.675
3.676
3.677
3.677
3.679
3.679
3.680
3.680
3.680
3.680
3.680
3.680
3.681
3.681
3.682
3.683
3.683
3.683
3.684
3.684
3.684
3.684
3.685
3.685
3.687
3.688
3.688
3.688
3.688
3.689
3.689
3.689
3.690
3.690
3.691
3.693
3.693
3.693
3.694
3.694
3.695
3.695
3.696
3.696
3.696
3.696
3.697
3.697
3.697
3.698
3.698
3.699
3.699
3.699
3.699
3.701
3.701
3.701
3.702
3.702
3.702
3.702
3.702
3.703
3.705
3.705
3.706
3.706
3.706
3.707
3.708
3.709
3.710
3.710
3.710
3.712
3.713
3.713
3.713
3.713
3.714
3.715
3.717
3.718
3.718
3.719
3.719
3.720
3.721
3.721
3.721
3.721
3.723
3.724
3.724
3.724
3.725
3.725
3.725
3.725
3.725
3.725
3.725
3.727
3.727
3.727
3.727
3.727
3.727
3.728
3.728
3.729
3.729
3.730
3.731
3.733
3.733
3.734
3.735
3.736
3.736
3.737
3.737
3.738
3.738
3.738
3.739
3.739
3.739
3.740
3.740
3.741
3.741
3.741
3.741
3.741
3.742
3.742
3.742
3.744
3.744
3.745
3.745
3.745
3.746
3.746
3.748
3.749
3.750
3.752
3.752
3.752
3.754
3.754
3.754
3.755
3.756
3.756
3.756
3.757
3.757
3.757
3.759
3.759
3.759
3.759
3.760
3.760
3.761
3.761
3.762
3.762
3.762
3.762
3.763
3.763
3.763
3.764
3.766
3.766
3.766
3.766
3.767
3.767
3.767
3.767
3.768
3.768
3.769
3.770
3.770
3.771
3.772
3.772
3.772
3.773
3.773
3.774
3.774
3.775
3.775
3.776
3.777
3.777
3.778
3.779
3.779
3.779
3.780
3.780
3.781
3.781
3.781
3.782
3.782
3.783
3.784
3.784
3.785
3.785
3.786
3.786
3.788
3.788
3.789
3.790
3.790
3.790
3.791
3.792
3.792
3.793
3.794
3.794
3.794
3.794
3.794
3.795
3.795
3.796
3.796
3.796
3.797
3.797
3.797
3.797
3.798
3.800
3.801
3.802
3.803
3.803
3.804
3.804
3.805
3.805
3.806
3.806
3.807
3.807
3.807
3.808
3.809
3.809
3.809
3.810
3.810
3.811
3.811
3.811
3.812
3.813
3.813
3.813
3.814
3.815
3.817
3.818
3.819
3.820
3.820
3.820
3.822
3.822
3.824
3.824
3.824
3.824
3.824
3.824
3.825
3.825
3.827
3.828
3.828
3.828
3.829
3.829
3.829
3.830
3.831
3.831
3.832
3.832
3.832
3.832
3.833
3.834
3.835
3.835
3.836
3.836
3.836
3.836
3.836
3.837
3.838
3.838
3.838
3.839
3.840
3.840
3.841
3.841
3.842
3.844
3.844
3.844
3.845
3.846
3.846
3.846
3.846
3.847
3.848
3.849
3.849
3.850
3.850
3.850
3.851
3.852
3.852
3.852
3.853
3.853
3.854
3.854
3.855
3.856
3.856
3.856
3.856
3.857
3.857
3.857
3.857
3.858
3.858
3.859
3.859
3.859
3.861
3.861
3.862
3.863
3.863
3.863
3.863
3.864
3.864
3.865
3.866
3.866
3.867
3.868
3.868
3.869
3.869
3.870
3.870
3.870
3.870
3.871
3.871
3.871
3.873
3.874
3.875
3.877
3.877
3.878
3.878
3.879
3.879
3.879
3.880
3.882
3.883
3.884
3.884
3.885
3.885
3.886
3.887
3.887
3.888
3.888
3.889
3.889
3.889
3.891
3.891
3.892
3.893
3.893
3.893
3.895
3.897
3.899
3.900
3.901
3.901
3.903
3.903
3.903
3.903
3.904
3.904
3.904
3.904
3.904
3.906
3.907
3.908
3.908
3.909
3.909
3.909
3.910
3.910
3.910
3.911
3.911
3.911
3.911
3.913
3.914
3.914
3.914
3.914
3.915
3.915
3.915
3.916
3.916
3.917
3.918
3.918
3.918
3.918
3.919
3.919
3.919
3.920
3.921
3.923
3.923
3.923
3.923
3.924
3.924
3.924
3.924
3.924
3.925
3.925
3.925
3.925
3.926
3.928
3.928
3.929
3.929
3.932
3.932
3.932
3.933
3.934
3.934
3.934
3.935
3.935
3.936
3.937
3.937
3.937
3.938
3.938
3.939
3.939
3.940
3.941
3.942
3.942
3.942
3.942
3.942
3.942
3.942
3.944
3.944
3.945
3.945
3.946
3.946
3.947
3.947
3.950
3.951
3.951
3.951
3.951
3.952
3.952
3.952
3.953
3.954
3.954
3.954
3.954
3.954
3.955
3.955
3.957
3.957
3.958
3.959
3.960
3.960
3.960
3.962
3.962
3.963
3.963
3.963
3.963
3.964
3.966
3.966
3.966
3.967
3.967
3.967
3.968
3.969
3.970
3.970
3.972
3.972
3.972
3.973
3.973
3.974
3.974
3.974
3.975
3.975
3.975
3.975
3.976
3.978
3.978
3.980
3.980
3.982
3.982
3.982
3.982
3.982
3.983
3.984
3.984
3.984
3.986
3.987
3.987
3.987
3.988
3.991
3.992
3.993
3.993
3.994
3.994
3.995
3.995
3.996
3.997
3.997
3.998
3.998
3.998
3.999
3.999
3.999
3.999
4.000
4.001
4.001
4.005
4.005
4.005
4.005
4.006
4.006
4.009
4.010
4.010
4.011
4.012
4.013
4.013
4.015
4.015
4.015
4.016
4.017
4.018
4.018
4.018
4.019
4.019
4.019
4.020
4.020
4.020
4.021
4.021
4.022
4.022
4.022
4.022
4.023
4.024
4.025
4.026
4.028
4.028
4.028
4.029
4.029
4.029
4.029
4.030
4.030
4.030
4.030
4.030
4.031
4.032
4.032
4.033
4.033
4.034
4.035
4.035
4.035
4.036
4.036
4.037
4.037
4.037
4.039
4.043
4.044
4.044
4.044
4.044
4.044
4.044
4.045
4.045
4.045
4.046
4.047
4.047
4.048
4.048
4.049
4.054
4.056
4.057
4.058
4.058
4.059
4.060
4.060
4.060
4.063
4.064
4.065
4.065
4.065
4.066
4.066
4.066
4.066
4.067
4.067
4.068
4.068
4.070
4.071
4.072
4.072
4.072
4.072
4.073
4.073
4.073
4.073
4.073
4.074
4.075
4.076
4.076
4.076
4.077
4.078
4.079
4.079
4.080
4.082
4.083
4.086
4.087
4.087
4.088
4.089
4.089
4.093
4.093
4.098
4.099
4.099
4.099
4.099
4.100
4.100
4.101
4.103
4.105
4.105
4.106
4.109
4.109
4.113
4.114
4.114
4.115
4.116
4.116
4.116
4.117
4.118
4.118
4.118
4.119
4.119
4.121
4.121
4.122
4.122
4.124
4.125
4.125
4.126
4.126
4.126
4.127
4.128
4.129
4.131
4.131
4.131
4.133
4.133
4.133
4.134
4.135
4.138
4.139
4.140
4.140
4.141
4.141
4.142
4.143
4.144
4.144
4.145
4.146
4.147
4.147
4.151
4.151
4.153
4.154
4.155
4.158
4.159
4.161
4.161
4.163
4.163
4.166
4.167
4.170
4.172
4.174
4.175
4.177
4.178
4.178
4.185
4.187
4.192
4.193
4.193
4.197
4.197
4.200
4.200
4.201
4.202
4.202
4.203
4.205
4.208
4.210
4.213
4.213
4.214
4.214
4.215
4.216
4.217
4.217
4.217
4.219
4.220
4.221
4.223
4.226
4.227
4.229
4.232
4.234
4.236
4.237
4.238
4.238
4.239
4.239
4.240
4.243
4.244
4.246
4.246
4.250
4.253
4.254
4.256
4.259
4.259
4.261
4.261
4.263
4.266
4.269
4.271
4.273
4.279
4.280
4.285
4.285
4.286
4.288
4.288
4.290
4.293
4.294
4.296
4.297
4.309
4.309
4.311
4.317
4.318
4.323
4.323
4.325
4.325
4.326
4.328
4.329
4.331
4.332
4.337
4.337
4.347
4.347
4.350
4.352
4.354
4.357
4.371
4.374
4.377
4.389
4.392
4.396
4.400
4.402
4.408
4.413
4.414
4.423
4.428
4.433
4.436
4.438
4.441
4.446
4.449
4.451
4.487
4.488
4.502
4.509
4.510
4.511
4.680
