1.302
1.930
1.963
1.974
1.991
2.013
2.033
2.042
2.063
2.066
2.067
2.070
2.074
2.087
2.097
2.102
2.106
2.108
2.111
2.125
2.128
2.131
2.131
2.132
2.135
2.136
2.145
2.149
2.159
2.159
2.161
2.162
2.165
2.166
2.166
2.175
2.177
2.177
2.180
2.184
2.186
2.187
2.188
2.190
2.193
2.193
2.195
2.197
2.198
2.200
2.201
2.202
2.203
2.205
2.205
2.205
2.207
2.213
2.214
2.219
2.219
2.220
2.220
2.222
2.224
2.227
2.228
2.228
2.229
2.230
2.230
2.231
2.240
2.240
2.241
2.246
2.247
2.250
2.252
2.256
2.256
2.257
2.257
2.258
2.261
2.267
2.269
2.270
2.270
2.272
2.273
2.275
2.276
2.278
2.282
2.282
2.284
2.285
2.285
2.285
2.288
2.289
2.289
2.291
2.292
2.293
2.293
2.294
2.294
2.294
2.295
2.296
2.299
2.301
2.302
2.303
2.303
2.303
2.303
2.305
2.306
2.306
2.307
2.308
2.308
2.309
2.310
2.310
2.311
2.311
2.311
2.311
2.314
2.314
2.314
2.316
2.317
2.317
2.317
2.318
2.320
2.321
2.321
2.322
2.323
2.325
2.325
2.325
2.326
2.326
2.327
2.327
2.328
2.329
2.330
2.330
2.332
2.333
2.333
2.334
2.335
2.336
2.336
2.337
2.338
2.339
2.339
2.339
2.341
2.341
2.342
2.342
2.342
2.343
2.343
2.343
2.344
2.345
2.346
2.346
2.346
2.346
2.347
2.347
2.347
2.348
2.350
2.350
2.350
2.352
2.352
2.353
2.354
2.354
2.354
2.355
2.355
2.355
2.355
2.357
2.357
2.359
2.361
2.361
2.361
2.362
2.363
2.363
2.363
2.364
2.364
2.365
2.367
2.368
2.370
2.370
2.371
2.372
2.372
2.372
2.372
2.372
2.374
2.374
2.375
2.375
2.377
2.377
2.377
2.378
2.378
2.378
2.379
2.379
2.380
2.380
2.380
2.380
2.380
2.381
2.381
2.383
2.384
2.385
2.385
2.385
2.386
2.387
2.387
2.388
2.388
2.389
2.389
2.390
2.390
2.390
2.390
2.391
2.391
2.391
2.392
2.393
2.394
2.395
2.395
2.396
2.396
2.397
2.397
2.397
2.397
2.400
2.400
2.401
2.401
2.401
2.401
2.401
2.402
2.402
2.403
2.403
2.404
2.404
2.405
2.405
2.405
2.406
2.406
2.407
2.407
2.408
2.408
2.409
2.410
2.410
2.410
2.410
2.411
2.412
2.412
2.414
2.416
2.416
2.416
2.416
2.417
2.417
2.418
2.418
2.419
2.419
2.419
2.419
2.420
2.420
2.420
2.420
2.420
2.421
2.421
2.423
2.424
2.425
2.425
2.425
2.425
2.426
2.428
2.429
2.429
2.429
2.429
2.431
2.431
2.432
2.432
2.432
2.432
2.433
2.433
2.433
2.433
2.434
2.435
2.436
2.437
2.437
2.437
2.437
2.438
2.438
2.439
2.439
2.439
2.441
2.441
2.442
2.442
2.442
2.442
2.442
2.443
2.443
2.443
2.443
2.444
2.444
2.444
2.445
2.445
2.446
2.446
2.447
2.447
2.447
2.447
2.448
2.449
2.449
2.450
2.450
2.451
2.451
2.451
2.451
2.452
2.453
2.453
2.453
2.453
2.453
2.454
2.454
2.454
2.455
2.455
2.456
2.456
2.456
2.456
2.456
2.456
2.456
2.456
2.457
2.457
2.457
2.457
2.457
2.457
2.458
2.458
2.459
2.459
2.460
2.460
2.460
2.460
2.461
2.461
2.461
2.462
2.462
2.463
2.463
2.463
2.464
2.464
2.465
2.465
2.465
2.466
2.466
2.467
2.468
2.468
2.469
2.469
2.469
2.470
2.470
2.471
2.471
2.471
2.472
2.473
2.473
2.473
2.473
2.474
2.474
2.474
2.474
2.474
2.475
2.475
2.475
2.475
2.475
2.476
2.476
2.477
2.477
2.478
2.479
2.479
2.479
2.481
2.481
2.481
2.482
2.482
2.482
2.483
2.483
2.484
2.484
2.484
2.485
2.485
2.485
2.485
2.485
2.485
2.486
2.486
2.487
2.487
2.487
2.488
2.488
2.489
2.489
2.490
2.490
2.490
2.490
2.490
2.491
2.491
2.491
2.491
2.492
2.492
2.492
2.492
2.493
2.493
2.493
2.494
2.494
2.494
2.494
2.494
2.494
2.495
2.495
2.495
2.495
2.496
2.496
2.496
2.496
2.497
2.497
2.497
2.498
2.498
2.498
2.499
2.499
2.499
2.499
2.499
2.499
2.500
2.500
2.500
2.501
2.501
2.501
2.501
2.501
2.502
2.502
2.503
2.503
2.503
2.503
2.504
2.505
2.505
2.505
2.506
2.506
2.506
2.506
2.506
2.507
2.507
2.508
2.508
2.509
2.510
2.510
2.511
2.511
2.512
2.512
2.512
2.512
2.512
2.512
2.513
2.513
2.513
2.513
2.513
2.514
2.514
2.515
2.515
2.516
2.516
2.517
2.517
2.517
2.518
2.518
2.518
2.518
2.518
2.519
2.519
2.520
2.521
2.521
2.521
2.522
2.522
2.523
2.523
2.523
2.524
2.525
2.525
2.525
2.525
2.527
2.527
2.527
2.528
2.528
2.528
2.528
2.529
2.529
2.529
2.530
2.530
2.530
2.531
2.531
2.532
2.533
2.533
2.533
2.534
2.534
2.534
2.535
2.535
2.535
2.535
2.535
2.536
2.536
2.536
2.536
2.537
2.537
2.538
2.538
2.539
2.539
2.539
2.539
2.539
2.539
2.540
2.540
2.540
2.540
2.540
2.540
2.541
2.542
2.542
2.542
2.542
2.542
2.543
2.543
2.545
2.545
2.545
2.546
2.546
2.546
2.547
2.547
2.548
2.548
2.548
2.548
2.548
2.549
2.549
2.550
2.550
2.552
2.552
2.552
2.552
2.552
2.552
2.553
2.553
2.553
2.554
2.554
2.554
2.555
2.555
2.556
2.556
2.556
2.556
2.557
2.557
2.558
2.558
2.558
2.558
2.559
2.559
2.559
2.560
2.560
2.560
2.560
2.560
2.562
2.562
2.562
2.563
2.563
2.564
2.564
2.565
2.565
2.565
2.565
2.565
2.566
2.566
2.566
2.567
2.567
2.567
2.568
2.568
2.568
2.569
2.569
2.569
2.570
2.570
2.570
2.571
2.573
2.574
2.574
2.575
2.575
2.576
2.576
2.576
2.576
2.576
2.577
2.577
2.577
2.577
2.577
2.578
2.578
2.578
2.579
2.579
2.579
2.580
2.580
2.580
2.580
2.580
2.581
2.581
2.581
2.582
2.583
2.583
2.583
2.583
2.584
2.584
2.585
2.585
2.586
2.587
2.589
2.589
2.591
2.592
2.592
2.592
2.592
2.594
2.594
2.594
2.595
2.595
2.596
2.596
2.596
2.596
2.598
2.599
2.599
2.600
2.600
2.601
2.601
2.601
2.601
2.601
2.601
2.601
2.602
2.602
2.602
2.604
2.604
2.604
2.604
2.606
2.606
2.606
2.606
2.606
2.606
2.606
2.606
2.607
2.607
2.607
2.607
2.607
2.607
2.607
2.608
2.608
2.608
2.610
2.611
2.611
2.611
2.611
2.612
2.613
2.614
2.614
2.614
2.615
2.615
2.615
2.616
2.617
2.617
2.619
2.620
2.620
2.620
2.620
2.620
2.620
2.620
2.621
2.621
2.621
2.622
2.622
2.622
2.622
2.623
2.623
2.623
2.623
2.624
2.624
2.625
2.625
2.625
2.625
2.625
2.626
2.626
2.626
2.626
2.627
2.627
2.627
2.627
2.627
2.628
2.628
2.629
2.629
2.629
2.629
2.630
2.630
2.630
2.631
2.631
2.631
2.631
2.632
2.632
2.632
2.633
2.633
2.633
2.633
2.633
2.634
2.634
2.634
2.635
2.635
2.635
2.635
2.636
2.636
2.637
2.637
2.638
2.639
2.639
2.639
2.640
2.640
2.640
2.641
2.641
2.642
2.642
2.643
2.644
2.644
2.645
2.645
2.646
2.646
2.646
2.647
2.647
2.647
2.648
2.648
2.648
2.648
2.649
2.649
2.649
2.651
2.651
2.652
2.652
2.653
2.653
2.653
2.653
2.656
2.656
2.656
2.656
2.658
2.658
2.658
2.658
2.659
2.659
2.659
2.660
2.660
2.662
2.662
2.663
2.663
2.663
2.664
2.664
2.665
2.666
2.666
2.666
2.666
2.667
2.667
2.668
2.668
2.669
2.670
2.670
2.671
2.671
2.672
2.672
2.672
2.673
2.674
2.674
2.674
2.674
2.674
2.675
2.675
2.675
2.675
2.676
2.677
2.677
2.678
2.678
2.678
2.678
2.678
2.678
2.679
2.679
2.679
2.681
2.682
2.682
2.683
2.683
2.683
2.684
2.684
2.684
2.684
2.685
2.685
2.685
2.685
2.685
2.685
2.685
2.686
2.686
2.687
2.687
2.687
2.687
2.688
2.688
2.688
2.688
2.689
2.689
2.689
2.689
2.689
2.691
2.692
2.694
2.694
2.694
2.695
2.696
2.696
2.697
2.697
2.697
2.697
2.698
2.698
2.698
2.699
2.700
2.700
2.701
2.703
2.703
2.703
2.704
2.705
2.706
2.706
2.706
2.707
2.707
2.708
2.708
2.708
2.709
2.710
2.710
2.711
2.712
2.712
2.713
2.714
2.714
2.714
2.715
2.715
2.715
2.716
2.716
2.717
2.718
2.719
2.719
2.719
2.720
2.722
2.722
2.722
2.722
2.722
2.722
2.723
2.725
2.725
2.726
2.726
2.726
2.726
2.727
2.727
2.728
2.728
2.729
2.730
2.731
2.731
2.731
2.731
2.731
2.732
2.732
2.732
2.733
2.733
2.734
2.734
2.734
2.735
2.735
2.735
2.736
2.736
2.737
2.737
2.737
2.738
2.738
2.739
2.740
2.741
2.741
2.741
2.742
2.743
2.743
2.743
2.743
2.744
2.745
2.745
2.745
2.746
2.747
2.747
2.747
2.747
2.747
2.748
2.748
2.748
2.749
2.750
2.750
2.750
2.752
2.752
2.756
2.757
2.759
2.759
2.760
2.760
2.761
2.762
2.763
2.763
2.765
2.766
2.767
2.768
2.768
2.768
2.768
2.769
2.769
2.770
2.770
2.772
2.772
2.772
2.772
2.773
2.773
2.773
2.773
2.775
2.775
2.777
2.777
2.777
2.781
2.782
2.782
2.782
2.783
2.783
2.784
2.784
2.784
2.784
2.786
2.786
2.786
2.786
2.786
2.786
2.787
2.789
2.789
2.789
2.790
2.790
2.791
2.791
2.792
2.792
2.792
2.793
2.794
2.794
2.796
2.796
2.796
2.797
2.797
2.797
2.797
2.798
2.798
2.799
2.799
2.800
2.801
2.801
2.802
2.803
2.803
2.804
2.804
2.804
2.804
2.804
2.805
2.806
2.807
2.808
2.808
2.808
2.809
2.809
2.809
2.810
2.811
2.812
2.812
2.815
2.815
2.816
2.816
2.819
2.819
2.820
2.820
2.820
2.822
2.823
2.825
2.826
2.826
2.827
2.828
2.828
2.829
2.830
2.830
2.830
2.831
2.831
2.832
2.832
2.833
2.833
2.834
2.835
2.836
2.838
2.839
2.840
2.840
2.841
2.841
2.842
2.842
2.842
2.843
2.843
2.845
2.846
2.846
2.847
2.850
2.850
2.851
2.851
2.852
2.852
2.854
2.855
2.855
2.857
2.857
2.857
2.858
2.859
2.859
2.861
2.861
2.862
2.862
2.863
2.863
2.863
2.864
2.865
2.868
2.868
2.868
2.869
2.869
2.871
2.871
2.873
2.873
2.873
2.873
2.873
2.874
2.874
2.881
2.881
2.881
2.882
2.882
2.884
2.886
2.888
2.889
2.889
2.889
2.892
2.893
2.893
2.894
2.894
2.895
2.895
2.895
2.895
2.895
2.896
2.897
2.897
2.897
2.898
2.899
2.899
2.899
2.901
2.902
2.903
2.903
2.904
2.905
2.908
2.909
2.910
2.910
2.915
2.915
2.916
2.917
2.918
2.918
2.921
2.922
2.922
2.925
2.925
2.925
2.928
2.932
2.932
2.933
2.933
2.933
2.935
2.937
2.937
2.938
2.938
2.943
2.944
2.950
2.954
2.956
2.956
2.957
2.961
2.961
2.963
2.963
2.965
2.968
2.971
2.975
2.983
2.986
2.989
2.989
2.989
2.991
2.993
2.995
2.997
2.998
2.999
3.000
3.001
3.007
3.009
3.009
3.010
3.011
3.012
3.015
3.019
3.020
3.022
3.023
3.025
3.026
3.028
3.030
3.030
3.030
3.033
3.034
3.036
3.041
3.047
3.049
3.049
3.049
3.051
3.055
3.059
3.061
3.063
3.071
3.073
3.076
3.076
3.093
3.093
3.100
3.104
3.109
3.110
3.111
3.116
3.121
3.131
3.131
3.134
3.134
3.142
3.145
3.155
3.168
3.172
3.184
3.191
3.192
3.195
3.197
3.226
3.240
3.259
3.271
3.278
3.334
3.340
3.347
3.354
