2.501
2.520
2.681
2.716
2.733
2.740
2.753
2.789
2.823
2.849
2.852
2.859
2.863
2.864
2.876
2.877
2.880
2.886
2.890
2.891
2.894
2.895
2.903
2.921
2.926
2.931
2.935
2.943
2.944
2.950
2.953
2.957
2.961
2.963
2.979
2.988
2.988
2.989
2.993
2.995
2.996
3.001
3.008
3.009
3.013
3.018
3.018
3.019
3.022
3.026
3.031
3.035
3.035
3.040
3.045
3.047
3.049
3.052
3.052
3.052
3.061
3.064
3.072
3.073
3.076
3.079
3.080
3.084
3.084
3.088
3.088
3.090
3.090
3.097
3.101
3.101
3.102
3.112
3.113
3.115
3.117
3.118
3.122
3.127
3.128
3.129
3.133
3.137
3.139
3.139
3.141
3.143
3.147
3.148
3.148
3.148
3.149
3.150
3.151
3.151
3.154
3.154
3.157
3.160
3.176
3.177
3.178
3.178
3.179
3.180
3.181
3.185
3.189
3.189
3.192
3.195
3.195
3.197
3.203
3.203
3.204
3.204
3.206
3.209
3.209
3.213
3.213
3.216
3.216
3.218
3.219
3.221
3.222
3.223
3.225
3.227
3.227
3.228
3.232
3.232
3.232
3.234
3.235
3.237
3.238
3.239
3.240
3.242
3.242
3.243
3.245
3.247
3.248
3.249
3.251
3.251
3.257
3.259
3.259
3.259
3.259
3.260
3.261
3.262
3.267
3.268
3.271
3.274
3.275
3.275
3.276
3.276
3.277
3.279
3.279
3.280
3.280
3.282
3.285
3.285
3.286
3.286
3.287
3.291
3.291
3.291
3.292
3.294
3.294
3.295
3.295
3.295
3.296
3.297
3.298
3.298
3.299
3.300
3.304
3.308
3.309
3.310
3.311
3.311
3.312
3.312
3.314
3.315
3.315
3.320
3.320
3.324
3.324
3.325
3.325
3.325
3.326
3.327
3.328
3.330
3.331
3.331
3.331
3.331
3.331
3.332
3.334
3.334
3.335
3.335
3.335
3.336
3.337
3.338
3.339
3.343
3.344
3.344
3.345
3.345
3.347
3.349
3.350
3.350
3.350
3.351
3.351
3.354
3.355
3.355
3.357
3.358
3.358
3.358
3.360
3.360
3.360
3.361
3.361
3.362
3.362
3.363
3.363
3.363
3.364
3.364
3.365
3.366
3.367
3.368
3.370
3.370
3.371
3.371
3.372
3.372
3.372
3.375
3.375
3.376
3.377
3.378
3.378
3.381
3.383
3.384
3.385
3.385
3.386
3.387
3.387
3.388
3.389
3.390
3.391
3.392
3.392
3.394
3.395
3.396
3.396
3.398
3.398
3.399
3.399
3.400
3.401
3.402
3.402
3.403
3.404
3.404
3.405
3.406
3.407
3.408
3.409
3.409
3.409
3.411
3.411
3.412
3.413
3.413
3.414
3.415
3.416
3.416
3.417
3.417
3.418
3.420
3.420
3.420
3.421
3.421
3.421
3.421
3.424
3.424
3.424
3.425
3.425
3.425
3.428
3.428
3.428
3.428
3.429
3.429
3.430
3.431
3.431
3.432
3.432
3.435
3.435
3.436
3.436
3.438
3.438
3.438
3.439
3.439
3.440
3.442
3.443
3.443
3.444
3.444
3.444
3.445
3.446
3.446
3.446
3.447
3.447
3.448
3.448
3.449
3.449
3.451
3.451
3.451
3.452
3.452
3.452
3.452
3.453
3.453
3.454
3.454
3.454
3.454
3.455
3.455
3.455
3.455
3.456
3.456
3.457
3.457
3.458
3.458
3.459
3.460
3.461
3.461
3.462
3.462
3.463
3.464
3.465
3.465
3.465
3.466
3.466
3.468
3.468
3.468
3.469
3.469
3.470
3.470
3.472
3.472
3.472
3.473
3.474
3.475
3.476
3.476
3.477
3.477
3.477
3.477
3.479
3.480
3.482
3.483
3.483
3.484
3.484
3.485
3.486
3.488
3.488
3.489
3.490
3.490
3.491
3.492
3.492
3.492
3.493
3.494
3.495
3.495
3.495
3.497
3.497
3.498
3.499
3.500
3.501
3.502
3.502
3.502
3.503
3.503
3.503
3.503
3.503
3.504
3.506
3.508
3.508
3.509
3.509
3.510
3.510
3.510
3.513
3.513
3.513
3.513
3.514
3.515
3.516
3.516
3.516
3.517
3.517
3.517
3.518
3.518
3.518
3.519
3.519
3.520
3.520
3.521
3.522
3.522
3.523
3.523
3.523
3.524
3.524
3.525
3.526
3.526
3.527
3.527
3.528
3.528
3.529
3.529
3.529
3.531
3.531
3.532
3.533
3.533
3.534
3.534
3.535
3.535
3.535
3.536
3.538
3.538
3.538
3.539
3.540
3.545
3.545
3.546
3.546
3.546
3.547
3.548
3.549
3.550
3.551
3.551
3.552
3.555
3.556
3.556
3.557
3.557
3.557
3.558
3.558
3.559
3.561
3.561
3.562
3.564
3.565
3.566
3.566
3.566
3.567
3.568
3.568
3.568
3.568
3.568
3.569
3.569
3.570
3.570
3.570
3.570
3.570
3.571
3.571
3.572
3.572
3.574
3.575
3.577
3.578
3.579
3.579
3.580
3.581
3.581
3.581
3.582
3.582
3.582
3.583
3.583
3.583
3.583
3.584
3.584
3.584
3.584
3.584
3.584
3.585
3.585
3.585
3.585
3.586
3.586
3.586
3.588
3.588
3.588
3.588
3.588
3.588
3.591
3.592
3.592
3.592
3.593
3.593
3.593
3.594
3.594
3.596
3.596
3.597
3.597
3.597
3.598
3.599
3.599
3.599
3.600
3.601
3.602
3.602
3.602
3.602
3.602
3.602
3.603
3.604
3.605
3.605
3.605
3.606
3.606
3.606
3.607
3.607
3.607
3.608
3.608
3.608
3.609
3.609
3.610
3.610
3.611
3.611
3.612
3.612
3.613
3.613
3.613
3.614
3.615
3.615
3.615
3.615
3.616
3.616
3.617
3.618
3.618
3.618
3.619
3.619
3.620
3.620
3.621
3.621
3.622
3.622
3.622
3.623
3.623
3.624
3.624
3.625
3.626
3.627
3.627
3.628
3.628
3.628
3.628
3.629
3.631
3.631
3.632
3.632
3.635
3.635
3.635
3.636
3.637
3.637
3.638
3.638
3.639
3.639
3.639
3.639
3.640
3.640
3.640
3.641
3.642
3.643
3.643
3.643
3.643
3.644
3.644
3.644
3.645
3.645
3.646
3.646
3.646
3.647
3.647
3.648
3.648
3.650
3.650
3.650
3.652
3.652
3.655
3.655
3.655
3.656
3.657
3.659
3.660
3.660
3.661
3.662
3.662
3.663
3.663
3.663
3.664
3.665
3.666
3.666
3.667
3.668
3.668
3.669
3.669
3.669
3.670
3.671
3.672
3.672
3.672
3.673
3.673
3.675
3.675
3.676
3.676
3.676
3.676
3.677
3.677
3.677
3.678
3.678
3.678
3.680
3.681
3.681
3.682
3.682
3.683
3.683
3.684
3.684
3.684
3.686
3.686
3.686
3.687
3.687
3.687
3.688
3.688
3.689
3.690
3.690
3.691
3.691
3.692
3.692
3.693
3.693
3.693
3.693
3.694
3.694
3.694
3.695
3.695
3.695
3.697
3.697
3.699
3.699
3.699
3.699
3.700
3.701
3.701
3.702
3.702
3.705
3.705
3.705
3.706
3.706
3.706
3.707
3.707
3.707
3.707
3.708
3.709
3.709
3.709
3.710
3.711
3.711
3.711
3.711
3.711
3.713
3.713
3.714
3.714
3.714
3.716
3.717
3.717
3.717
3.718
3.719
3.719
3.719
3.720
3.720
3.722
3.722
3.723
3.725
3.725
3.725
3.726
3.727
3.727
3.728
3.729
3.729
3.730
3.730
3.730
3.730
3.731
3.731
3.731
3.731
3.732
3.732
3.733
3.733
3.733
3.734
3.734
3.734
3.734
3.735
3.736
3.737
3.737
3.738
3.739
3.739
3.739
3.740
3.740
3.741
3.741
3.744
3.744
3.744
3.745
3.746
3.747
3.747
3.748
3.749
3.750
3.750
3.751
3.752
3.753
3.753
3.753
3.754
3.755
3.755
3.755
3.756
3.757
3.757
3.758
3.759
3.759
3.760
3.760
3.762
3.763
3.763
3.763
3.764
3.764
3.764
3.764
3.765
3.768
3.768
3.769
3.770
3.770
3.772
3.773
3.775
3.777
3.777
3.778
3.778
3.778
3.778
3.778
3.779
3.779
3.780
3.780
3.780
3.780
3.780
3.781
3.781
3.782
3.783
3.783
3.784
3.784
3.784
3.784
3.785
3.785
3.786
3.786
3.787
3.789
3.789
3.790
3.790
3.791
3.791
3.793
3.794
3.794
3.794
3.795
3.796
3.796
3.796
3.797
3.797
3.798
3.798
3.799
3.799
3.800
3.800
3.801
3.801
3.802
3.802
3.802
3.802
3.802
3.803
3.803
3.804
3.804
3.804
3.804
3.805
3.805
3.806
3.806
3.808
3.810
3.810
3.810
3.811
3.811
3.812
3.812
3.813
3.814
3.814
3.814
3.814
3.814
3.815
3.815
3.816
3.817
3.817
3.818
3.819
3.819
3.820
3.820
3.820
3.823
3.823
3.824
3.826
3.827
3.827
3.828
3.828
3.828
3.828
3.829
3.829
3.830
3.830
3.830
3.830
3.831
3.833
3.835
3.835
3.835
3.836
3.837
3.837
3.840
3.841
3.842
3.843
3.843
3.843
3.843
3.843
3.844
3.844
3.844
3.845
3.845
3.848
3.849
3.850
3.851
3.851
3.852
3.852
3.852
3.853
3.855
3.855
3.856
3.857
3.857
3.860
3.860
3.860
3.861
3.861
3.862
3.862
3.862
3.864
3.864
3.865
3.865
3.865
3.865
3.866
3.867
3.867
3.868
3.869
3.870
3.871
3.871
3.872
3.873
3.874
3.874
3.876
3.876
3.877
3.877
3.878
3.879
3.880
3.880
3.880
3.881
3.881
3.882
3.882
3.882
3.882
3.883
3.883
3.883
3.884
3.885
3.885
3.886
3.886
3.886
3.886
3.888
3.888
3.889
3.889
3.890
3.893
3.894
3.894
3.895
3.895
3.896
3.896
3.896
3.898
3.898
3.898
3.899
3.900
3.901
3.901
3.902
3.903
3.906
3.908
3.909
3.909
3.909
3.909
3.910
3.910
3.910
3.910
3.910
3.911
3.911
3.912
3.913
3.913
3.914
3.919
3.919
3.919
3.919
3.920
3.921
3.921
3.921
3.923
3.923
3.924
3.925
3.925
3.925
3.925
3.926
3.927
3.927
3.927
3.927
3.928
3.929
3.929
3.929
3.931
3.931
3.932
3.933
3.933
3.934
3.935
3.936
3.937
3.938
3.940
3.942
3.943
3.943
3.943
3.944
3.945
3.946
3.947
3.947
3.948
3.948
3.949
3.949
3.950
3.950
3.951
3.951
3.953
3.954
3.955
3.956
3.957
3.957
3.958
3.958
3.959
3.960
3.960
3.962
3.962
3.962
3.962
3.963
3.964
3.964
3.964
3.965
3.966
3.967
3.967
3.968
3.969
3.970
3.970
3.971
3.973
3.974
3.974
3.975
3.975
3.976
3.976
3.976
3.976
3.977
3.979
3.979
3.980
3.981
3.983
3.983
3.985
3.985
3.985
3.986
3.987
3.989
3.989
3.990
3.992
3.993
3.994
3.994
3.995
3.996
3.996
3.997
4.000
4.000
4.000
4.002
4.002
4.003
4.005
4.006
4.007
4.008
4.008
4.009
4.010
4.011
4.012
4.014
4.014
4.014
4.015
4.017
4.017
4.018
4.020
4.022
4.026
4.029
4.032
4.032
4.032
4.032
4.032
4.034
4.034
4.034
4.035
4.035
4.035
4.037
4.039
4.040
4.040
4.043
4.043
4.043
4.044
4.045
4.046
4.046
4.047
4.048
4.050
4.051
4.053
4.053
4.056
4.057
4.057
4.057
4.058
4.058
4.058
4.059
4.059
4.060
4.061
4.062
4.062
4.062
4.063
4.065
4.067
4.068
4.068
4.070
4.070
4.071
4.071
4.073
4.073
4.074
4.079
4.081
4.083
4.083
4.083
4.084
4.086
4.087
4.087
4.088
4.088
4.091
4.092
4.092
4.092
4.101
4.102
4.102
4.103
4.108
4.113
4.114
4.115
4.115
4.116
4.116
4.116
4.117
4.117
4.118
4.121
4.122
4.123
4.123
4.124
4.124
4.129
4.130
4.132
4.134
4.135
4.135
4.139
4.140
4.140
4.141
4.142
4.146
4.149
4.151
4.153
4.155
4.155
4.156
4.158
4.160
4.162
4.163
4.163
4.164
4.165
4.167
4.169
4.169
4.171
4.171
4.172
4.172
4.172
4.174
4.174
4.176
4.178
4.180
4.182
4.182
4.183
4.184
4.186
4.187
4.188
4.189
4.189
4.192
4.194
4.196
4.196
4.197
4.197
4.200
4.206
4.208
4.211
4.215
4.215
4.216
4.218
4.224
4.229
4.230
4.230
4.231
4.235
4.235
4.239
4.240
4.241
4.242
4.244
4.244
4.244
4.253
4.263
4.268
4.284
4.292
4.297
4.301
4.305
4.306
4.340
4.363
4.365
4.382
4.396
4.403
4.405
4.426
4.446
