2.719
2.739
2.789
2.790
2.803
2.804
2.805
2.808
2.812
2.817
2.826
2.838
2.843
2.847
2.848
2.850
2.854
2.863
2.865
2.868
2.874
2.875
2.876
2.877
2.880
2.881
2.883
2.884
2.888
2.899
2.903
2.904
2.905
2.905
2.907
2.907
2.915
2.922
2.923
2.923
2.923
2.926
2.938
2.942
2.943
2.943
2.944
2.944
2.945
2.946
2.948
2.949
2.950
2.952
2.952
2.953
2.954
2.955
2.956
2.956
2.956
2.957
2.959
2.959
2.960
2.960
2.960
2.963
2.969
2.973
2.976
2.976
2.976
2.978
2.979
2.980
2.980
2.982
2.983
2.984
2.986
2.987
2.987
2.987
2.987
2.989
2.992
2.993
2.993
2.993
2.996
2.996
2.998
2.998
2.999
2.999
2.999
2.999
3.000
3.001
3.002
3.002
3.005
3.007
3.007
3.008
3.008
3.009
3.009
3.009
3.010
3.011
3.011
3.012
3.012
3.013
3.013
3.013
3.014
3.015
3.015
3.016
3.016
3.016
3.017
3.018
3.019
3.019
3.019
3.021
3.021
3.021
3.022
3.022
3.024
3.025
3.026
3.027
3.027
3.028
3.028
3.028
3.028
3.029
3.029
3.030
3.030
3.031
3.031
3.032
3.032
3.032
3.032
3.033
3.034
3.034
3.034
3.035
3.036
3.037
3.037
3.038
3.039
3.040
3.041
3.042
3.042
3.042
3.043
3.043
3.044
3.045
3.045
3.046
3.048
3.048
3.049
3.049
3.050
3.050
3.050
3.051
3.051
3.052
3.052
3.052
3.054
3.054
3.054
3.055
3.055
3.055
3.056
3.056
3.056
3.057
3.059
3.059
3.060
3.061
3.061
3.062
3.063
3.063
3.063
3.063
3.063
3.063
3.064
3.064
3.065
3.066
3.066
3.067
3.068
3.068
3.068
3.068
3.069
3.069
3.069
3.070
3.071
3.072
3.072
3.074
3.075
3.075
3.075
3.076
3.076
3.076
3.078
3.078
3.078
3.078
3.079
3.079
3.079
3.079
3.080
3.080
3.080
3.081
3.081
3.082
3.084
3.084
3.084
3.085
3.086
3.086
3.086
3.086
3.086
3.086
3.087
3.087
3.087
3.088
3.088
3.088
3.089
3.089
3.089
3.089
3.090
3.090
3.090
3.091
3.091
3.091
3.091
3.091
3.091
3.092
3.092
3.092
3.092
3.093
3.093
3.093
3.094
3.095
3.095
3.095
3.095
3.096
3.096
3.097
3.097
3.097
3.098
3.099
3.099
3.099
3.099
3.099
3.100
3.100
3.101
3.101
3.101
3.101
3.101
3.102
3.102
3.102
3.102
3.102
3.103
3.103
3.104
3.104
3.104
3.105
3.105
3.105
3.105
3.105
3.105
3.107
3.107
3.107
3.108
3.108
3.108
3.109
3.109
3.109
3.109
3.109
3.110
3.110
3.110
3.110
3.110
3.111
3.111
3.111
3.112
3.112
3.112
3.112
3.113
3.113
3.113
3.113
3.113
3.114
3.114
3.114
3.115
3.116
3.116
3.116
3.117
3.117
3.118
3.118
3.119
3.119
3.119
3.120
3.120
3.120
3.120
3.120
3.120
3.121
3.121
3.121
3.122
3.122
3.122
3.123
3.123
3.125
3.125
3.125
3.125
3.125
3.125
3.125
3.126
3.126
3.126
3.127
3.127
3.128
3.128
3.129
3.129
3.129
3.129
3.129
3.129
3.130
3.130
3.130
3.131
3.131
3.132
3.132
3.132
3.133
3.134
3.134
3.135
3.135
3.135
3.135
3.136
3.137
3.137
3.137
3.138
3.139
3.139
3.139
3.139
3.139
3.139
3.140
3.140
3.140
3.140
3.140
3.141
3.141
3.141
3.142
3.142
3.142
3.142
3.142
3.143
3.144
3.144
3.144
3.144
3.144
3.144
3.144
3.145
3.145
3.145
3.145
3.146
3.146
3.146
3.146
3.146
3.147
3.147
3.147
3.148
3.149
3.149
3.149
3.149
3.149
3.149
3.150
3.150
3.150
3.150
3.150
3.150
3.151
3.152
3.152
3.152
3.152
3.153
3.153
3.153
3.153
3.153
3.154
3.154
3.154
3.155
3.155
3.155
3.155
3.155
3.155
3.156
3.157
3.157
3.158
3.158
3.158
3.158
3.158
3.158
3.159
3.159
3.159
3.159
3.160
3.160
3.160
3.160
3.161
3.161
3.161
3.162
3.162
3.163
3.163
3.163
3.163
3.163
3.163
3.164
3.164
3.164
3.165
3.165
3.165
3.166
3.166
3.166
3.166
3.166
3.166
3.167
3.167
3.167
3.167
3.167
3.167
3.168
3.169
3.170
3.170
3.170
3.171
3.171
3.172
3.172
3.172
3.172
3.173
3.173
3.173
3.173
3.173
3.174
3.174
3.175
3.175
3.175
3.176
3.176
3.176
3.176
3.177
3.177
3.177
3.177
3.177
3.177
3.178
3.178
3.178
3.179
3.179
3.179
3.179
3.179
3.179
3.179
3.179
3.180
3.180
3.180
3.180
3.180
3.180
3.180
3.180
3.180
3.181
3.181
3.181
3.181
3.181
3.181
3.181
3.182
3.182
3.182
3.183
3.183
3.183
3.183
3.183
3.184
3.184
3.184
3.184
3.185
3.185
3.185
3.185
3.186
3.186
3.186
3.186
3.186
3.187
3.187
3.187
3.187
3.188
3.188
3.188
3.188
3.188
3.188
3.189
3.189
3.189
3.190
3.190
3.190
3.190
3.190
3.190
3.191
3.191
3.191
3.191
3.191
3.192
3.192
3.192
3.192
3.192
3.192
3.192
3.192
3.192
3.192
3.193
3.193
3.194
3.194
3.194
3.195
3.195
3.195
3.195
3.195
3.195
3.195
3.195
3.195
3.196
3.196
3.196
3.196
3.196
3.196
3.196
3.196
3.196
3.196
3.196
3.197
3.198
3.198
3.198
3.198
3.198
3.198
3.198
3.198
3.198
3.199
3.199
3.199
3.199
3.199
3.199
3.200
3.200
3.200
3.200
3.200
3.201
3.201
3.201
3.201
3.201
3.201
3.202
3.202
3.202
3.203
3.203
3.203
3.203
3.203
3.203
3.203
3.204
3.204
3.204
3.205
3.205
3.205
3.205
3.205
3.205
3.206
3.206
3.206
3.206
3.207
3.209
3.209
3.209
3.210
3.210
3.210
3.210
3.210
3.210
3.210
3.212
3.212
3.212
3.212
3.212
3.212
3.213
3.213
3.213
3.213
3.213
3.215
3.215
3.215
3.215
3.216
3.216
3.217
3.217
3.217
3.217
3.217
3.217
3.217
3.217
3.218
3.218
3.218
3.218
3.218
3.218
3.218
3.218
3.218
3.219
3.219
3.220
3.220
3.220
3.220
3.220
3.221
3.221
3.221
3.221
3.222
3.222
3.222
3.223
3.223
3.223
3.223
3.223
3.223
3.224
3.224
3.224
3.224
3.224
3.224
3.225
3.225
3.226
3.226
3.226
3.226
3.227
3.227
3.227
3.227
3.228
3.228
3.228
3.229
3.229
3.229
3.229
3.229
3.230
3.230
3.230
3.230
3.230
3.231
3.231
3.232
3.232
3.232
3.232
3.232
3.233
3.234
3.234
3.234
3.234
3.234
3.234
3.235
3.235
3.235
3.236
3.236
3.236
3.236
3.237
3.237
3.238
3.238
3.238
3.238
3.239
3.239
3.239
3.240
3.240
3.240
3.241
3.241
3.241
3.241
3.241
3.242
3.242
3.243
3.243
3.243
3.244
3.244
3.244
3.244
3.245
3.245
3.245
3.245
3.245
3.245
3.245
3.245
3.245
3.246
3.246
3.246
3.247
3.247
3.247
3.247
3.247
3.247
3.247
3.247
3.247
3.248
3.248
3.248
3.248
3.248
3.248
3.249
3.249
3.249
3.249
3.249
3.249
3.250
3.250
3.250
3.250
3.250
3.250
3.251
3.251
3.251
3.252
3.253
3.253
3.253
3.253
3.253
3.253
3.254
3.254
3.254
3.254
3.254
3.255
3.255
3.255
3.256
3.256
3.256
3.256
3.257
3.257
3.257
3.257
3.258
3.258
3.259
3.259
3.260
3.260
3.260
3.260
3.261
3.261
3.261
3.261
3.261
3.261
3.261
3.262
3.262
3.262
3.263
3.263
3.263
3.263
3.263
3.264
3.264
3.264
3.264
3.265
3.265
3.265
3.265
3.265
3.265
3.266
3.266
3.266
3.266
3.266
3.266
3.267
3.267
3.267
3.267
3.267
3.268
3.268
3.268
3.268
3.269
3.269
3.270
3.270
3.271
3.271
3.271
3.271
3.271
3.271
3.272
3.272
3.272
3.272
3.273
3.273
3.274
3.274
3.274
3.274
3.274
3.274
3.274
3.275
3.275
3.275
3.276
3.276
3.276
3.276
3.276
3.276
3.276
3.276
3.276
3.277
3.277
3.277
3.277
3.278
3.278
3.278
3.279
3.279
3.279
3.279
3.279
3.279
3.280
3.280
3.280
3.280
3.281
3.281
3.282
3.282
3.283
3.283
3.283
3.283
3.283
3.283
3.283
3.284
3.285
3.285
3.285
3.285
3.285
3.286
3.286
3.287
3.287
3.287
3.288
3.288
3.288
3.288
3.289
3.289
3.289
3.289
3.289
3.290
3.290
3.290
3.290
3.290
3.290
3.291
3.291
3.291
3.291
3.291
3.292
3.294
3.295
3.295
3.295
3.295
3.296
3.296
3.296
3.297
3.297
3.297
3.297
3.298
3.298
3.298
3.299
3.299
3.299
3.300
3.300
3.301
3.301
3.301
3.302
3.302
3.302
3.302
3.303
3.304
3.305
3.306
3.306
3.306
3.307
3.307
3.307
3.307
3.309
3.309
3.309
3.310
3.310
3.311
3.311
3.311
3.312
3.312
3.312
3.312
3.312
3.313
3.313
3.313
3.313
3.314
3.314
3.314
3.315
3.316
3.317
3.317
3.317
3.317
3.317
3.318
3.318
3.318
3.318
3.318
3.319
3.319
3.320
3.320
3.320
3.321
3.322
3.322
3.322
3.322
3.323
3.323
3.323
3.324
3.324
3.324
3.325
3.325
3.325
3.326
3.326
3.327
3.327
3.327
3.328
3.329
3.330
3.330
3.330
3.330
3.331
3.331
3.331
3.331
3.331
3.332
3.332
3.332
3.332
3.332
3.332
3.332
3.332
3.333
3.334
3.334
3.335
3.335
3.335
3.335
3.336
3.336
3.336
3.337
3.337
3.337
3.338
3.338
3.338
3.338
3.338
3.338
3.339
3.340
3.340
3.340
3.340
3.341
3.341
3.341
3.341
3.341
3.341
3.342
3.342
3.343
3.343
3.344
3.344
3.345
3.346
3.346
3.346
3.346
3.346
3.347
3.347
3.347
3.347
3.347
3.347
3.347
3.348
3.349
3.349
3.350
3.350
3.350
3.351
3.351
3.352
3.352
3.354
3.354
3.354
3.355
3.355
3.355
3.356
3.356
3.356
3.356
3.357
3.357
3.358
3.358
3.358
3.358
3.359
3.359
3.360
3.360
3.360
3.360
3.361
3.361
3.361
3.361
3.362
3.363
3.364
3.364
3.364
3.364
3.364
3.365
3.365
3.365
3.365
3.366
3.366
3.366
3.366
3.367
3.367
3.367
3.368
3.368
3.369
3.369
3.369
3.369
3.370
3.370
3.370
3.370
3.370
3.371
3.371
3.371
3.371
3.372
3.372
3.372
3.372
3.372
3.373
3.374
3.375
3.375
3.375
3.376
3.377
3.377
3.378
3.378
3.378
3.379
3.379
3.379
3.380
3.380
3.381
3.381
3.382
3.382
3.382
3.382
3.383
3.384
3.385
3.385
3.385
3.386
3.387
3.387
3.387
3.388
3.388
3.388
3.388
3.389
3.391
3.391
3.392
3.392
3.392
3.393
3.393
3.394
3.395
3.395
3.397
3.397
3.397
3.399
3.400
3.402
3.403
3.404
3.404
3.405
3.405
3.406
3.406
3.406
3.406
3.407
3.407
3.407
3.408
3.408
3.408
3.409
3.409
3.410
3.410
3.410
3.411
3.411
3.412
3.412
3.414
3.414
3.415
3.415
3.415
3.415
3.417
3.417
3.418
3.418
3.418
3.419
3.420
3.420
3.420
3.420
3.421
3.423
3.423
3.424
3.424
3.425
3.427
3.427
3.427
3.428
3.428
3.429
3.430
3.433
3.433
3.433
3.434
3.435
3.437
3.437
3.438
3.439
3.440
3.442
3.444
3.445
3.446
3.447
3.450
3.450
3.450
3.451
3.451
3.452
3.453
3.455
3.456
3.459
3.459
3.460
3.461
3.461
3.462
3.464
3.465
3.465
3.466
3.466
3.466
3.467
3.467
3.468
3.468
3.468
3.470
3.470
3.473
3.474
3.474
3.474
3.475
3.478
3.480
3.481
3.485
3.486
3.487
3.490
3.491
3.492
3.494
3.494
3.496
3.498
3.499
3.499
3.502
3.503
3.506
3.515
3.516
3.524
3.524
3.525
3.532
3.535
3.537
3.539
3.539
3.549
3.561
3.562
3.563
3.564
3.575
3.578
3.583
3.589
3.590
3.595
3.603
3.613
3.615
3.617
3.638
3.642
3.668
3.692
3.722
