2.008
2.012
2.016
2.018
2.027
2.030
2.033
2.037
2.040
2.045
2.048
2.058
2.062
2.064
2.073
2.075
2.076
2.077
2.085
2.088
2.090
2.090
2.091
2.095
2.095
2.095
2.096
2.098
2.101
2.102
2.107
2.108
2.111
2.111
2.112
2.114
2.115
2.116
2.119
2.119
2.121
2.125
2.126
2.129
2.129
2.129
2.131
2.133
2.133
2.134
2.140
2.140
2.140
2.141
2.143
2.145
2.147
2.147
2.148
2.148
2.148
2.149
2.151
2.151
2.153
2.154
2.154
2.155
2.156
2.157
2.157
2.158
2.161
2.162
2.162
2.162
2.162
2.163
2.165
2.167
2.167
2.168
2.169
2.170
2.170
2.171
2.171
2.171
2.172
2.172
2.172
2.173
2.173
2.174
2.174
2.175
2.175
2.175
2.176
2.177
2.178
2.179
2.179
2.179
2.182
2.183
2.183
2.184
2.184
2.185
2.185
2.186
2.186
2.187
2.188
2.188
2.188
2.189
2.190
2.190
2.191
2.191
2.192
2.192
2.193
2.193
2.193
2.194
2.194
2.194
2.196
2.196
2.196
2.196
2.198
2.199
2.199
2.200
2.201
2.201
2.202
2.203
2.204
2.204
2.205
2.205
2.206
2.206
2.207
2.207
2.208
2.208
2.210
2.210
2.211
2.211
2.212
2.213
2.213
2.213
2.213
2.214
2.217
2.217
2.218
2.218
2.218
2.218
2.218
2.218
2.219
2.219
2.219
2.219
2.219
2.219
2.220
2.220
2.220
2.220
2.220
2.221
2.221
2.222
2.222
2.223
2.224
2.224
2.225
2.225
2.226
2.226
2.227
2.227
2.228
2.228
2.229
2.229
2.230
2.230
2.231
2.231
2.231
2.231
2.233
2.233
2.234
2.234
2.234
2.234
2.234
2.234
2.235
2.235
2.235
2.235
2.236
2.236
2.236
2.237
2.237
2.237
2.237
2.238
2.238
2.239
2.239
2.239
2.239
2.239
2.240
2.240
2.240
2.240
2.241
2.241
2.241
2.242
2.242
2.242
2.243
2.243
2.244
2.244
2.244
2.245
2.245
2.245
2.245
2.245
2.246
2.246
2.246
2.246
2.246
2.246
2.247
2.247
2.248
2.248
2.249
2.249
2.249
2.249
2.249
2.249
2.249
2.249
2.250
2.250
2.250
2.250
2.250
2.250
2.251
2.251
2.251
2.251
2.252
2.252
2.253
2.253
2.253
2.253
2.253
2.253
2.254
2.254
2.255
2.255
2.255
2.255
2.256
2.256
2.256
2.257
2.257
2.257
2.258
2.258
2.258
2.258
2.258
2.258
2.258
2.258
2.259
2.260
2.260
2.260
2.261
2.261
2.262
2.262
2.262
2.262
2.262
2.262
2.262
2.263
2.263
2.264
2.265
2.265
2.265
2.265
2.265
2.266
2.266
2.266
2.266
2.267
2.268
2.268
2.268
2.268
2.268
2.269
2.269
2.269
2.269
2.270
2.270
2.270
2.271
2.271
2.271
2.272
2.272
2.272
2.272
2.273
2.273
2.273
2.274
2.274
2.274
2.274
2.274
2.275
2.275
2.275
2.275
2.275
2.276
2.276
2.276
2.276
2.277
2.278
2.278
2.279
2.279
2.279
2.279
2.279
2.280
2.281
2.281
2.281
2.281
2.281
2.281
2.282
2.282
2.282
2.282
2.282
2.283
2.283
2.283
2.284
2.284
2.284
2.284
2.285
2.285
2.285
2.285
2.285
2.286
2.286
2.286
2.286
2.287
2.287
2.288
2.289
2.289
2.289
2.289
2.290
2.290
2.290
2.290
2.292
2.292
2.292
2.292
2.292
2.293
2.293
2.293
2.294
2.295
2.295
2.295
2.295
2.296
2.296
2.296
2.297
2.297
2.297
2.298
2.298
2.299
2.299
2.299
2.300
2.300
2.300
2.300
2.301
2.301
2.301
2.301
2.301
2.303
2.303
2.303
2.303
2.303
2.303
2.304
2.304
2.304
2.304
2.305
2.306
2.306
2.306
2.306
2.306
2.306
2.306
2.307
2.307
2.307
2.307
2.307
2.307
2.308
2.308
2.308
2.308
2.308
2.308
2.308
2.309
2.309
2.310
2.310
2.310
2.310
2.310
2.311
2.311
2.311
2.311
2.312
2.312
2.312
2.312
2.312
2.312
2.312
2.313
2.313
2.313
2.313
2.313
2.313
2.313
2.313
2.313
2.313
2.313
2.314
2.314
2.314
2.314
2.314
2.314
2.314
2.315
2.315
2.315
2.315
2.315
2.316
2.317
2.317
2.317
2.317
2.318
2.319
2.319
2.319
2.319
2.319
2.320
2.320
2.320
2.320
2.320
2.320
2.321
2.321
2.321
2.321
2.322
2.322
2.322
2.322
2.322
2.322
2.322
2.323
2.323
2.323
2.324
2.324
2.324
2.324
2.325
2.325
2.326
2.326
2.326
2.327
2.327
2.327
2.327
2.327
2.327
2.327
2.327
2.327
2.328
2.328
2.328
2.328
2.328
2.329
2.329
2.330
2.330
2.330
2.330
2.330
2.330
2.330
2.330
2.331
2.331
2.331
2.331
2.331
2.331
2.331
2.331
2.332
2.332
2.332
2.332
2.332
2.333
2.333
2.333
2.334
2.334
2.334
2.334
2.334
2.335
2.335
2.335
2.335
2.335
2.336
2.336
2.337
2.337
2.337
2.338
2.338
2.339
2.339
2.339
2.340
2.340
2.340
2.340
2.340
2.341
2.342
2.342
2.342
2.342
2.342
2.342
2.342
2.342
2.343
2.343
2.343
2.343
2.343
2.343
2.343
2.344
2.344
2.344
2.344
2.345
2.345
2.345
2.345
2.346
2.346
2.346
2.346
2.346
2.346
2.346
2.347
2.347
2.347
2.347
2.348
2.348
2.348
2.348
2.348
2.348
2.348
2.348
2.349
2.349
2.349
2.350
2.351
2.351
2.351
2.351
2.352
2.352
2.352
2.352
2.353
2.353
2.353
2.353
2.353
2.353
2.354
2.354
2.354
2.354
2.354
2.354
2.354
2.355
2.355
2.355
2.355
2.355
2.356
2.357
2.357
2.358
2.358
2.358
2.359
2.359
2.359
2.359
2.359
2.359
2.359
2.359
2.359
2.359
2.360
2.360
2.360
2.360
2.360
2.360
2.360
2.360
2.360
2.361
2.361
2.361
2.361
2.361
2.361
2.361
2.361
2.361
2.362
2.362
2.362
2.362
2.362
2.362
2.363
2.363
2.363
2.364
2.364
2.364
2.364
2.364
2.364
2.364
2.364
2.365
2.365
2.365
2.365
2.366
2.366
2.366
2.366
2.366
2.367
2.367
2.367
2.367
2.367
2.367
2.368
2.368
2.368
2.368
2.368
2.369
2.369
2.369
2.369
2.369
2.370
2.370
2.371
2.371
2.371
2.371
2.371
2.371
2.371
2.371
2.371
2.371
2.372
2.372
2.372
2.372
2.372
2.372
2.373
2.373
2.373
2.373
2.374
2.374
2.374
2.374
2.374
2.374
2.374
2.375
2.375
2.375
2.375
2.376
2.376
2.377
2.377
2.377
2.377
2.377
2.377
2.377
2.377
2.378
2.378
2.378
2.379
2.379
2.379
2.380
2.380
2.380
2.380
2.380
2.380
2.380
2.380
2.381
2.381
2.381
2.381
2.381
2.382
2.382
2.382
2.382
2.382
2.382
2.383
2.383
2.383
2.383
2.383
2.383
2.384
2.384
2.384
2.384
2.384
2.384
2.385
2.385
2.385
2.385
2.386
2.386
2.386
2.386
2.386
2.386
2.386
2.386
2.386
2.386
2.387
2.387
2.387
2.387
2.387
2.387
2.388
2.388
2.388
2.388
2.388
2.388
2.389
2.389
2.389
2.389
2.389
2.390
2.390
2.390
2.390
2.390
2.390
2.390
2.390
2.391
2.391
2.391
2.391
2.391
2.392
2.392
2.392
2.394
2.394
2.394
2.395
2.395
2.395
2.395
2.395
2.395
2.395
2.396
2.397
2.397
2.397
2.397
2.397
2.398
2.398
2.398
2.398
2.399
2.399
2.399
2.399
2.399
2.400
2.400
2.400
2.400
2.400
2.400
2.400
2.400
2.401
2.401
2.401
2.402
2.403
2.403
2.404
2.404
2.404
2.404
2.404
2.405
2.405
2.405
2.405
2.405
2.406
2.406
2.406
2.407
2.407
2.407
2.407
2.407
2.408
2.408
2.408
2.408
2.408
2.409
2.409
2.409
2.409
2.410
2.410
2.411
2.411
2.412
2.412
2.413
2.413
2.413
2.413
2.413
2.413
2.413
2.414
2.414
2.414
2.414
2.414
2.414
2.414
2.414
2.415
2.415
2.415
2.415
2.415
2.415
2.416
2.416
2.416
2.416
2.416
2.417
2.417
2.417
2.417
2.417
2.417
2.417
2.417
2.417
2.417
2.418
2.418
2.418
2.418
2.418
2.418
2.419
2.419
2.419
2.419
2.419
2.419
2.419
2.420
2.420
2.420
2.420
2.420
2.420
2.420
2.420
2.421
2.421
2.421
2.421
2.421
2.421
2.422
2.422
2.422
2.422
2.423
2.423
2.423
2.423
2.424
2.424
2.424
2.424
2.424
2.424
2.424
2.424
2.424
2.424
2.425
2.425
2.425
2.426
2.426
2.427
2.428
2.428
2.428
2.428
2.428
2.428
2.428
2.428
2.429
2.429
2.429
2.429
2.429
2.429
2.430
2.430
2.430
2.431
2.431
2.431
2.431
2.431
2.432
2.433
2.433
2.433
2.434
2.434
2.434
2.434
2.434
2.434
2.434
2.434
2.434
2.435
2.435
2.435
2.435
2.436
2.436
2.436
2.436
2.437
2.437
2.437
2.437
2.437
2.438
2.438
2.438
2.438
2.438
2.438
2.439
2.439
2.440
2.440
2.440
2.441
2.441
2.441
2.441
2.442
2.442
2.442
2.442
2.442
2.443
2.443
2.444
2.444
2.444
2.444
2.444
2.444
2.445
2.445
2.445
2.445
2.445
2.445
2.445
2.445
2.446
2.446
2.446
2.446
2.446
2.447
2.447
2.447
2.447
2.447
2.448
2.448
2.448
2.448
2.449
2.449
2.449
2.449
2.449
2.449
2.449
2.450
2.450
2.450
2.450
2.451
2.451
2.451
2.451
2.452
2.452
2.452
2.452
2.452
2.453
2.453
2.453
2.453
2.453
2.453
2.454
2.454
2.454
2.454
2.455
2.455
2.455
2.455
2.456
2.456
2.456
2.456
2.456
2.456
2.457
2.457
2.457
2.457
2.457
2.457
2.458
2.458
2.458
2.458
2.458
2.459
2.460
2.460
2.460
2.461
2.461
2.461
2.461
2.462
2.462
2.462
2.462
2.462
2.462
2.463
2.463
2.463
2.463
2.464
2.464
2.465
2.466
2.466
2.466
2.466
2.466
2.467
2.467
2.467
2.468
2.468
2.468
2.468
2.468
2.469
2.469
2.470
2.470
2.471
2.471
2.471
2.472
2.472
2.473
2.473
2.473
2.473
2.473
2.474
2.474
2.475
2.475
2.475
2.476
2.476
2.476
2.477
2.478
2.478
2.478
2.478
2.478
2.478
2.479
2.479
2.479
2.479
2.480
2.480
2.480
2.480
2.480
2.481
2.481
2.481
2.481
2.481
2.481
2.481
2.482
2.483
2.483
2.484
2.485
2.485
2.485
2.486
2.486
2.487
2.487
2.488
2.488
2.489
2.489
2.490
2.490
2.490
2.491
2.491
2.492
2.493
2.493
2.493
2.493
2.494
2.494
2.494
2.496
2.496
2.496
2.496
2.496
2.496
2.497
2.497
2.497
2.498
2.498
2.498
2.498
2.499
2.501
2.501
2.501
2.502
2.503
2.504
2.504
2.505
2.505
2.505
2.505
2.506
2.506
2.506
2.507
2.507
2.507
2.507
2.507
2.507
2.507
2.508
2.508
2.508
2.509
2.509
2.509
2.510
2.512
2.512
2.513
2.513
2.514
2.514
2.515
2.515
2.515
2.515
2.515
2.515
2.516
2.516
2.516
2.516
2.516
2.517
2.519
2.519
2.519
2.521
2.523
2.523
2.523
2.523
2.523
2.524
2.525
2.525
2.526
2.526
2.526
2.526
2.527
2.528
2.528
2.528
2.529
2.529
2.530
2.531
2.532
2.532
2.532
2.533
2.534
2.535
2.536
2.536
2.537
2.538
2.538
2.540
2.540
2.541
2.541
2.541
2.541
2.545
2.545
2.546
2.547
2.548
2.548
2.548
2.548
2.550
2.551
2.551
2.551
2.552
2.552
2.552
2.554
2.555
2.558
2.558
2.559
2.559
2.559
2.561
2.561
2.561
2.561
2.562
2.564
2.566
2.566
2.567
2.569
2.569
2.569
2.570
2.570
2.573
2.576
2.579
2.581
2.581
2.582
2.584
2.585
2.590
2.591
2.593
2.594
2.595
2.596
2.599
2.599
2.604
2.606
2.609
2.610
2.610
2.612
2.615
2.615
2.616
2.618
2.618
2.621
2.622
2.623
2.624
2.632
2.634
2.634
2.640
2.643
2.644
2.651
2.651
2.655
2.659
2.659
2.661
2.665
2.666
2.671
2.678
2.689
2.701
2.711
2.738
2.741
2.754
2.789
