2.106
2.125
2.175
2.208
2.216
2.234
2.238
2.239
2.241
2.245
2.259
2.268
2.287
2.293
2.296
2.302
2.309
2.309
2.312
2.314
2.314
2.314
2.316
2.316
2.319
2.322
2.323
2.326
2.327
2.328
2.328
2.328
2.337
2.341
2.341
2.341
2.341
2.341
2.341
2.342
2.346
2.347
2.348
2.349
2.349
2.349
2.350
2.353
2.355
2.359
2.360
2.360
2.361
2.361
2.361
2.363
2.365
2.365
2.365
2.366
2.366
2.366
2.367
2.367
2.368
2.370
2.371
2.375
2.376
2.376
2.377
2.379
2.381
2.382
2.382
2.384
2.384
2.385
2.389
2.389
2.390
2.391
2.392
2.392
2.393
2.394
2.394
2.394
2.395
2.395
2.395
2.397
2.398
2.398
2.398
2.399
2.399
2.403
2.403
2.405
2.405
2.406
2.406
2.407
2.407
2.408
2.408
2.411
2.412
2.412
2.412
2.413
2.413
2.415
2.415
2.415
2.415
2.416
2.418
2.419
2.419
2.419
2.419
2.421
2.422
2.424
2.425
2.427
2.428
2.428
2.429
2.430
2.433
2.433
2.434
2.434
2.434
2.434
2.434
2.435
2.435
2.435
2.435
2.436
2.436
2.437
2.438
2.438
2.438
2.439
2.439
2.440
2.441
2.441
2.442
2.442
2.442
2.442
2.443
2.443
2.444
2.444
2.444
2.445
2.446
2.446
2.446
2.447
2.447
2.447
2.448
2.448
2.450
2.451
2.452
2.452
2.452
2.453
2.453
2.453
2.453
2.455
2.456
2.458
2.458
2.459
2.460
2.460
2.460
2.461
2.462
2.462
2.463
2.463
2.463
2.464
2.464
2.464
2.465
2.466
2.466
2.466
2.466
2.466
2.467
2.467
2.467
2.468
2.468
2.469
2.470
2.470
2.470
2.471
2.471
2.471
2.471
2.471
2.472
2.472
2.473
2.473
2.473
2.473
2.473
2.474
2.474
2.475
2.476
2.477
2.477
2.478
2.478
2.479
2.479
2.479
2.479
2.480
2.480
2.480
2.480
2.480
2.481
2.482
2.482
2.483
2.484
2.484
2.484
2.484
2.484
2.484
2.484
2.485
2.486
2.486
2.486
2.487
2.488
2.488
2.488
2.488
2.489
2.489
2.489
2.490
2.490
2.491
2.491
2.492
2.492
2.493
2.493
2.494
2.494
2.494
2.494
2.494
2.494
2.495
2.495
2.495
2.496
2.497
2.497
2.497
2.497
2.497
2.497
2.498
2.498
2.498
2.498
2.499
2.500
2.500
2.501
2.502
2.502
2.502
2.502
2.503
2.503
2.504
2.504
2.504
2.504
2.505
2.505
2.506
2.506
2.506
2.506
2.506
2.506
2.506
2.506
2.507
2.507
2.507
2.508
2.509
2.509
2.509
2.509
2.510
2.510
2.510
2.510
2.511
2.511
2.511
2.511
2.512
2.512
2.512
2.513
2.513
2.513
2.514
2.517
2.517
2.517
2.518
2.518
2.518
2.518
2.518
2.518
2.519
2.519
2.519
2.520
2.520
2.520
2.520
2.521
2.522
2.522
2.523
2.523
2.523
2.523
2.523
2.524
2.524
2.524
2.524
2.526
2.526
2.526
2.527
2.527
2.527
2.528
2.528
2.528
2.528
2.528
2.528
2.528
2.529
2.529
2.529
2.529
2.530
2.530
2.530
2.530
2.530
2.531
2.531
2.531
2.532
2.532
2.532
2.532
2.532
2.533
2.533
2.534
2.534
2.534
2.534
2.534
2.534
2.535
2.535
2.535
2.535
2.535
2.535
2.535
2.535
2.535
2.536
2.536
2.537
2.537
2.537
2.538
2.538
2.539
2.540
2.540
2.540
2.540
2.541
2.541
2.541
2.541
2.541
2.541
2.541
2.542
2.542
2.542
2.543
2.543
2.543
2.543
2.543
2.544
2.544
2.544
2.545
2.545
2.545
2.545
2.545
2.546
2.547
2.547
2.547
2.547
2.548
2.548
2.548
2.548
2.549
2.549
2.549
2.549
2.550
2.551
2.552
2.553
2.553
2.553
2.554
2.554
2.554
2.554
2.554
2.554
2.555
2.556
2.556
2.557
2.557
2.557
2.557
2.558
2.558
2.558
2.559
2.559
2.559
2.559
2.560
2.561
2.561
2.561
2.561
2.562
2.563
2.563
2.563
2.563
2.563
2.564
2.564
2.564
2.564
2.564
2.564
2.565
2.565
2.565
2.566
2.566
2.567
2.567
2.568
2.568
2.568
2.568
2.568
2.568
2.568
2.568
2.569
2.569
2.570
2.570
2.570
2.571
2.571
2.572
2.572
2.572
2.572
2.573
2.573
2.573
2.573
2.573
2.573
2.573
2.573
2.574
2.575
2.575
2.575
2.575
2.576
2.576
2.576
2.577
2.578
2.578
2.578
2.578
2.578
2.579
2.579
2.579
2.580
2.580
2.580
2.581
2.581
2.581
2.581
2.582
2.582
2.582
2.582
2.583
2.583
2.583
2.583
2.583
2.583
2.583
2.584
2.584
2.584
2.584
2.585
2.585
2.585
2.585
2.585
2.586
2.586
2.586
2.586
2.587
2.587
2.587
2.588
2.588
2.589
2.589
2.589
2.589
2.590
2.590
2.590
2.590
2.591
2.591
2.591
2.591
2.591
2.591
2.591
2.592
2.592
2.592
2.593
2.593
2.593
2.593
2.594
2.594
2.594
2.594
2.594
2.596
2.596
2.596
2.596
2.597
2.597
2.598
2.598
2.598
2.598
2.599
2.599
2.599
2.599
2.599
2.600
2.600
2.600
2.601
2.601
2.602
2.602
2.602
2.602
2.603
2.603
2.603
2.603
2.603
2.603
2.604
2.604
2.605
2.605
2.605
2.606
2.606
2.606
2.606
2.606
2.607
2.607
2.607
2.607
2.607
2.608
2.608
2.608
2.609
2.609
2.609
2.609
2.610
2.610
2.611
2.611
2.611
2.611
2.611
2.612
2.612
2.613
2.613
2.613
2.613
2.613
2.614
2.614
2.614
2.614
2.614
2.615
2.615
2.615
2.615
2.615
2.616
2.616
2.617
2.617
2.617
2.617
2.617
2.617
2.617
2.618
2.618
2.618
2.618
2.618
2.618
2.619
2.619
2.620
2.620
2.620
2.620
2.621
2.621
2.621
2.621
2.621
2.622
2.623
2.623
2.623
2.623
2.623
2.623
2.623
2.624
2.624
2.624
2.624
2.624
2.624
2.624
2.624
2.625
2.625
2.626
2.626
2.626
2.626
2.626
2.627
2.627
2.627
2.627
2.628
2.628
2.628
2.629
2.629
2.629
2.629
2.630
2.631
2.631
2.631
2.631
2.632
2.632
2.632
2.633
2.633
2.634
2.634
2.634
2.635
2.635
2.635
2.636
2.636
2.636
2.636
2.636
2.636
2.637
2.637
2.637
2.637
2.637
2.638
2.638
2.638
2.638
2.638
2.639
2.639
2.639
2.639
2.639
2.639
2.640
2.640
2.640
2.640
2.640
2.642
2.642
2.642
2.642
2.642
2.643
2.643
2.643
2.644
2.644
2.644
2.644
2.644
2.645
2.645
2.645
2.646
2.646
2.646
2.647
2.647
2.647
2.647
2.647
2.647
2.647
2.647
2.648
2.648
2.648
2.648
2.648
2.648
2.648
2.648
2.648
2.648
2.649
2.649
2.649
2.649
2.649
2.649
2.650
2.650
2.651
2.651
2.651
2.651
2.651
2.651
2.652
2.652
2.653
2.654
2.654
2.654
2.654
2.655
2.655
2.655
2.655
2.655
2.655
2.655
2.656
2.656
2.656
2.656
2.657
2.657
2.657
2.657
2.657
2.658
2.658
2.659
2.660
2.660
2.660
2.661
2.661
2.661
2.661
2.661
2.661
2.662
2.662
2.662
2.662
2.662
2.663
2.664
2.664
2.665
2.665
2.665
2.665
2.665
2.666
2.666
2.666
2.666
2.666
2.666
2.666
2.666
2.667
2.668
2.668
2.669
2.669
2.669
2.669
2.669
2.669
2.669
2.669
2.670
2.670
2.670
2.671
2.671
2.671
2.672
2.672
2.673
2.673
2.673
2.674
2.674
2.675
2.675
2.675
2.676
2.677
2.677
2.678
2.679
2.679
2.679
2.679
2.680
2.680
2.680
2.680
2.681
2.681
2.681
2.681
2.681
2.681
2.681
2.682
2.682
2.682
2.682
2.683
2.683
2.683
2.683
2.683
2.683
2.684
2.684
2.684
2.685
2.685
2.685
2.685
2.686
2.687
2.687
2.688
2.688
2.688
2.688
2.689
2.689
2.690
2.690
2.691
2.691
2.691
2.692
2.692
2.692
2.692
2.692
2.693
2.693
2.693
2.693
2.694
2.694
2.694
2.694
2.695
2.695
2.695
2.695
2.695
2.695
2.696
2.696
2.697
2.697
2.697
2.698
2.698
2.698
2.698
2.699
2.699
2.700
2.700
2.700
2.700
2.700
2.700
2.701
2.701
2.701
2.701
2.701
2.701
2.701
2.701
2.701
2.702
2.702
2.702
2.702
2.702
2.703
2.703
2.703
2.703
2.704
2.704
2.704
2.705
2.706
2.707
2.707
2.707
2.708
2.708
2.708
2.708
2.708
2.708
2.708
2.709
2.709
2.710
2.710
2.711
2.712
2.712
2.712
2.712
2.712
2.712
2.713
2.714
2.714
2.714
2.715
2.715
2.715
2.718
2.718
2.719
2.719
2.719
2.720
2.720
2.720
2.720
2.720
2.721
2.721
2.722
2.722
2.722
2.722
2.722
2.722
2.723
2.723
2.723
2.724
2.724
2.724
2.724
2.725
2.725
2.725
2.726
2.726
2.726
2.726
2.726
2.729
2.729
2.729
2.729
2.730
2.730
2.730
2.730
2.730
2.731
2.731
2.731
2.731
2.732
2.732
2.732
2.732
2.733
2.733
2.733
2.734
2.734
2.734
2.734
2.735
2.735
2.735
2.735
2.735
2.735
2.736
2.736
2.737
2.737
2.738
2.738
2.738
2.739
2.739
2.739
2.740
2.740
2.740
2.740
2.741
2.741
2.742
2.742
2.742
2.742
2.743
2.743
2.744
2.744
2.744
2.744
2.745
2.745
2.746
2.746
2.746
2.747
2.747
2.749
2.749
2.750
2.751
2.752
2.753
2.753
2.754
2.754
2.754
2.755
2.755
2.757
2.757
2.757
2.757
2.757
2.758
2.758
2.759
2.760
2.760
2.760
2.760
2.761
2.762
2.762
2.762
2.762
2.762
2.763
2.763
2.763
2.763
2.764
2.764
2.764
2.764
2.765
2.765
2.766
2.766
2.767
2.767
2.767
2.768
2.768
2.769
2.769
2.770
2.770
2.770
2.770
2.770
2.770
2.771
2.771
2.772
2.772
2.772
2.774
2.774
2.775
2.775
2.775
2.776
2.777
2.777
2.777
2.777
2.778
2.778
2.779
2.780
2.781
2.782
2.782
2.783
2.783
2.784
2.784
2.784
2.784
2.785
2.786
2.786
2.786
2.787
2.787
2.787
2.787
2.787
2.788
2.789
2.789
2.790
2.790
2.791
2.791
2.791
2.791
2.791
2.792
2.792
2.793
2.793
2.793
2.793
2.794
2.795
2.795
2.795
2.796
2.796
2.796
2.797
2.797
2.797
2.797
2.798
2.798
2.799
2.799
2.800
2.800
2.801
2.801
2.802
2.802
2.802
2.803
2.803
2.803
2.804
2.805
2.805
2.806
2.806
2.807
2.808
2.810
2.810
2.811
2.811
2.813
2.813
2.813
2.813
2.815
2.815
2.816
2.816
2.816
2.816
2.817
2.818
2.818
2.818
2.818
2.819
2.820
2.821
2.821
2.821
2.822
2.822
2.822
2.823
2.824
2.824
2.827
2.828
2.828
2.828
2.828
2.830
2.830
2.830
2.831
2.831
2.833
2.833
2.833
2.833
2.834
2.834
2.834
2.834
2.835
2.835
2.835
2.836
2.836
2.837
2.838
2.838
2.839
2.840
2.840
2.841
2.842
2.842
2.842
2.844
2.844
2.844
2.844
2.845
2.846
2.848
2.848
2.849
2.849
2.849
2.851
2.852
2.853
2.854
2.854
2.855
2.855
2.856
2.856
2.859
2.859
2.859
2.859
2.860
2.861
2.862
2.862
2.863
2.866
2.867
2.867
2.869
2.870
2.872
2.873
2.874
2.875
2.876
2.876
2.876
2.876
2.876
2.877
2.879
2.879
2.880
2.880
2.880
2.882
2.882
2.883
2.883
2.884
2.888
2.889
2.890
2.891
2.895
2.897
2.898
2.899
2.900
2.900
2.900
2.902
2.903
2.904
2.905
2.906
2.908
2.908
2.909
2.910
2.911
2.913
2.914
2.915
2.918
2.918
2.919
2.919
2.921
2.921
2.922
2.924
2.925
2.926
2.928
2.930
2.930
2.930
2.932
2.934
2.938
2.950
2.950
2.951
2.953
2.953
2.956
2.957
2.958
2.969
2.970
2.972
2.972
2.972
2.976
2.976
2.977
2.986
2.986
2.986
2.986
2.991
2.992
2.995
2.996
3.001
3.002
3.007
3.008
3.009
3.011
3.015
3.023
3.027
3.031
3.031
3.054
3.059
3.061
3.075
3.086
3.167
3.204
3.207
