2.023
2.029
2.030
2.035
2.042
2.044
2.047
2.051
2.054
2.056
2.058
2.058
2.059
2.060
2.069
2.071
2.071
2.071
2.072
2.072
2.075
2.076
2.077
2.078
2.079
2.080
2.081
2.084
2.085
2.085
2.086
2.086
2.087
2.088
2.089
2.089
2.095
2.097
2.097
2.098
2.099
2.099
2.099
2.100
2.102
2.102
2.104
2.105
2.106
2.107
2.108
2.108
2.108
2.108
2.108
2.108
2.110
2.110
2.111
2.111
2.111
2.112
2.113
2.114
2.115
2.115
2.115
2.116
2.117
2.117
2.117
2.118
2.120
2.120
2.121
2.123
2.124
2.124
2.125
2.125
2.125
2.126
2.128
2.130
2.130
2.130
2.130
2.131
2.132
2.133
2.134
2.135
2.138
2.139
2.140
2.140
2.140
2.140
2.141
2.141
2.142
2.144
2.145
2.145
2.146
2.146
2.146
2.147
2.147
2.148
2.148
2.148
2.150
2.150
2.151
2.151
2.151
2.154
2.156
2.156
2.156
2.156
2.156
2.156
2.156
2.156
2.157
2.157
2.158
2.158
2.159
2.161
2.161
2.161
2.161
2.162
2.162
2.162
2.164
2.164
2.165
2.166
2.166
2.167
2.167
2.168
2.168
2.168
2.169
2.170
2.170
2.171
2.171
2.171
2.172
2.172
2.172
2.172
2.172
2.173
2.174
2.174
2.175
2.175
2.175
2.176
2.176
2.177
2.178
2.178
2.178
2.178
2.179
2.179
2.179
2.180
2.181
2.181
2.181
2.182
2.182
2.183
2.183
2.183
2.183
2.184
2.184
2.184
2.185
2.185
2.185
2.185
2.185
2.186
2.186
2.186
2.186
2.186
2.186
2.187
2.187
2.187
2.187
2.189
2.189
2.189
2.189
2.190
2.191
2.191
2.191
2.192
2.192
2.192
2.192
2.192
2.192
2.192
2.193
2.193
2.193
2.193
2.193
2.194
2.194
2.195
2.195
2.195
2.195
2.195
2.196
2.196
2.196
2.196
2.197
2.197
2.197
2.197
2.199
2.199
2.199
2.199
2.199
2.199
2.199
2.200
2.200
2.200
2.200
2.201
2.201
2.202
2.202
2.203
2.203
2.203
2.204
2.204
2.204
2.204
2.204
2.205
2.206
2.206
2.206
2.206
2.207
2.207
2.208
2.208
2.208
2.208
2.208
2.209
2.210
2.211
2.212
2.212
2.212
2.213
2.213
2.213
2.213
2.213
2.213
2.214
2.214
2.214
2.215
2.215
2.216
2.216
2.216
2.217
2.218
2.218
2.218
2.219
2.219
2.219
2.219
2.219
2.219
2.220
2.220
2.220
2.221
2.221
2.221
2.221
2.221
2.222
2.222
2.222
2.222
2.222
2.222
2.223
2.223
2.223
2.223
2.224
2.224
2.224
2.224
2.225
2.225
2.225
2.225
2.225
2.225
2.226
2.226
2.227
2.227
2.227
2.227
2.227
2.227
2.228
2.228
2.228
2.228
2.228
2.228
2.228
2.228
2.228
2.229
2.229
2.229
2.229
2.229
2.229
2.229
2.230
2.230
2.230
2.231
2.231
2.232
2.232
2.232
2.232
2.232
2.232
2.232
2.233
2.233
2.233
2.234
2.234
2.234
2.234
2.234
2.234
2.234
2.235
2.235
2.236
2.236
2.236
2.237
2.237
2.237
2.237
2.238
2.238
2.238
2.238
2.238
2.239
2.239
2.239
2.240
2.240
2.240
2.240
2.240
2.240
2.240
2.240
2.240
2.241
2.241
2.241
2.241
2.241
2.242
2.242
2.242
2.242
2.242
2.242
2.242
2.242
2.243
2.243
2.243
2.243
2.243
2.243
2.244
2.244
2.244
2.244
2.244
2.245
2.245
2.245
2.246
2.246
2.246
2.246
2.246
2.246
2.246
2.246
2.246
2.246
2.247
2.247
2.248
2.248
2.248
2.248
2.248
2.248
2.248
2.249
2.249
2.249
2.250
2.250
2.250
2.250
2.251
2.251
2.252
2.252
2.252
2.252
2.252
2.252
2.252
2.252
2.252
2.253
2.253
2.253
2.253
2.254
2.254
2.254
2.254
2.254
2.255
2.255
2.255
2.256
2.256
2.257
2.257
2.257
2.257
2.257
2.257
2.257
2.258
2.258
2.258
2.258
2.258
2.258
2.258
2.259
2.259
2.259
2.260
2.260
2.260
2.260
2.260
2.261
2.261
2.261
2.262
2.262
2.262
2.262
2.262
2.262
2.263
2.263
2.263
2.263
2.263
2.263
2.264
2.265
2.265
2.265
2.265
2.265
2.265
2.265
2.265
2.266
2.266
2.267
2.267
2.267
2.268
2.268
2.268
2.268
2.269
2.269
2.269
2.269
2.269
2.269
2.269
2.269
2.269
2.270
2.270
2.270
2.270
2.270
2.270
2.271
2.271
2.271
2.271
2.271
2.272
2.272
2.272
2.272
2.272
2.272
2.272
2.273
2.273
2.273
2.273
2.273
2.273
2.273
2.273
2.273
2.273
2.274
2.274
2.274
2.274
2.274
2.274
2.274
2.275
2.275
2.275
2.275
2.276
2.276
2.276
2.276
2.276
2.277
2.277
2.277
2.277
2.277
2.278
2.278
2.278
2.278
2.278
2.278
2.278
2.278
2.279
2.279
2.279
2.279
2.279
2.279
2.280
2.280
2.280
2.280
2.280
2.281
2.281
2.281
2.281
2.281
2.281
2.281
2.282
2.282
2.282
2.282
2.282
2.282
2.282
2.283
2.283
2.283
2.283
2.283
2.283
2.283
2.283
2.284
2.284
2.284
2.284
2.284
2.285
2.285
2.285
2.286
2.286
2.286
2.286
2.286
2.286
2.286
2.287
2.287
2.287
2.287
2.287
2.287
2.287
2.287
2.288
2.288
2.288
2.288
2.288
2.288
2.289
2.289
2.289
2.289
2.289
2.289
2.289
2.289
2.289
2.289
2.290
2.290
2.290
2.290
2.290
2.290
2.291
2.291
2.291
2.291
2.292
2.292
2.292
2.292
2.292
2.292
2.292
2.292
2.293
2.293
2.293
2.293
2.293
2.293
2.294
2.294
2.294
2.294
2.294
2.294
2.294
2.295
2.295
2.296
2.296
2.296
2.296
2.296
2.297
2.297
2.297
2.297
2.297
2.297
2.297
2.298
2.298
2.298
2.298
2.298
2.298
2.298
2.298
2.298
2.298
2.299
2.299
2.299
2.299
2.299
2.300
2.300
2.300
2.301
2.301
2.301
2.301
2.301
2.301
2.302
2.302
2.302
2.302
2.302
2.302
2.303
2.303
2.303
2.303
2.304
2.304
2.305
2.305
2.305
2.305
2.305
2.305
2.305
2.305
2.306
2.306
2.306
2.307
2.307
2.307
2.307
2.307
2.307
2.308
2.308
2.308
2.308
2.308
2.308
2.308
2.308
2.308
2.308
2.308
2.309
2.309
2.309
2.309
2.309
2.309
2.310
2.310
2.310
2.310
2.310
2.311
2.311
2.311
2.311
2.311
2.311
2.311
2.311
2.312
2.312
2.312
2.312
2.312
2.313
2.313
2.313
2.313
2.313
2.313
2.314
2.314
2.314
2.315
2.315
2.315
2.315
2.315
2.315
2.315
2.316
2.316
2.316
2.316
2.316
2.317
2.317
2.317
2.317
2.317
2.318
2.318
2.318
2.318
2.318
2.319
2.319
2.319
2.319
2.319
2.319
2.320
2.320
2.320
2.320
2.320
2.320
2.320
2.320
2.320
2.321
2.321
2.321
2.321
2.321
2.322
2.322
2.322
2.323
2.323
2.323
2.323
2.323
2.323
2.324
2.324
2.324
2.324
2.324
2.324
2.324
2.325
2.325
2.325
2.325
2.325
2.325
2.325
2.325
2.326
2.326
2.326
2.326
2.326
2.326
2.326
2.327
2.327
2.327
2.327
2.327
2.328
2.328
2.328
2.328
2.328
2.328
2.328
2.329
2.329
2.329
2.329
2.329
2.329
2.329
2.330
2.330
2.330
2.330
2.331
2.331
2.331
2.331
2.331
2.331
2.332
2.332
2.332
2.332
2.332
2.333
2.333
2.334
2.334
2.334
2.334
2.334
2.335
2.335
2.335
2.335
2.335
2.335
2.336
2.336
2.336
2.336
2.336
2.337
2.337
2.337
2.337
2.337
2.337
2.338
2.338
2.338
2.338
2.339
2.339
2.339
2.339
2.339
2.339
2.339
2.339
2.340
2.340
2.340
2.340
2.340
2.340
2.341
2.341
2.341
2.341
2.342
2.342
2.342
2.342
2.342
2.343
2.343
2.343
2.343
2.343
2.343
2.344
2.344
2.345
2.345
2.345
2.346
2.346
2.346
2.346
2.346
2.346
2.346
2.346
2.346
2.346
2.346
2.347
2.347
2.347
2.347
2.347
2.347
2.348
2.348
2.348
2.348
2.348
2.349
2.349
2.349
2.349
2.349
2.349
2.350
2.350
2.350
2.350
2.351
2.351
2.351
2.352
2.352
2.352
2.352
2.353
2.353
2.353
2.353
2.354
2.354
2.354
2.354
2.354
2.354
2.355
2.355
2.355
2.355
2.356
2.356
2.357
2.358
2.358
2.358
2.358
2.358
2.358
2.359
2.359
2.359
2.359
2.360
2.360
2.360
2.361
2.361
2.361
2.361
2.362
2.362
2.362
2.362
2.363
2.363
2.363
2.363
2.364
2.364
2.364
2.364
2.364
2.364
2.364
2.365
2.365
2.365
2.365
2.366
2.366
2.366
2.367
2.367
2.367
2.368
2.368
2.368
2.368
2.368
2.369
2.369
2.369
2.370
2.370
2.370
2.370
2.370
2.370
2.370
2.371
2.371
2.371
2.371
2.371
2.372
2.372
2.372
2.372
2.373
2.374
2.374
2.374
2.374
2.374
2.375
2.375
2.375
2.375
2.375
2.375
2.376
2.376
2.376
2.376
2.376
2.376
2.377
2.377
2.377
2.377
2.377
2.377
2.378
2.378
2.379
2.379
2.379
2.379
2.379
2.379
2.379
2.379
2.379
2.380
2.380
2.380
2.380
2.380
2.380
2.381
2.381
2.381
2.381
2.381
2.381
2.382
2.382
2.382
2.383
2.383
2.383
2.383
2.384
2.384
2.384
2.385
2.385
2.385
2.385
2.386
2.386
2.386
2.386
2.386
2.386
2.387
2.387
2.388
2.388
2.388
2.389
2.390
2.390
2.390
2.391
2.391
2.392
2.392
2.392
2.393
2.394
2.394
2.394
2.395
2.395
2.395
2.396
2.396
2.396
2.397
2.397
2.397
2.397
2.397
2.398
2.398
2.398
2.399
2.399
2.399
2.399
2.399
2.399
2.399
2.400
2.400
2.400
2.400
2.401
2.401
2.401
2.402
2.402
2.403
2.403
2.403
2.403
2.403
2.404
2.404
2.405
2.405
2.405
2.406
2.406
2.406
2.406
2.407
2.407
2.407
2.408
2.408
2.408
2.409
2.409
2.410
2.410
2.410
2.410
2.410
2.410
2.411
2.412
2.412
2.412
2.412
2.412
2.413
2.414
2.414
2.414
2.415
2.415
2.415
2.416
2.417
2.417
2.417
2.417
2.417
2.418
2.418
2.418
2.418
2.418
2.418
2.419
2.420
2.420
2.421
2.421
2.421
2.421
2.421
2.422
2.422
2.422
2.422
2.422
2.423
2.423
2.423
2.423
2.423
2.424
2.424
2.424
2.425
2.426
2.426
2.427
2.427
2.427
2.428
2.428
2.428
2.429
2.429
2.430
2.430
2.431
2.431
2.431
2.432
2.432
2.433
2.434
2.434
2.435
2.436
2.436
2.437
2.438
2.438
2.439
2.440
2.440
2.441
2.441
2.441
2.441
2.442
2.442
2.442
2.444
2.444
2.444
2.444
2.445
2.446
2.446
2.447
2.447
2.447
2.447
2.447
2.448
2.448
2.448
2.448
2.448
2.449
2.450
2.450
2.451
2.451
2.452
2.452
2.453
2.453
2.453
2.453
2.454
2.454
2.454
2.454
2.455
2.455
2.455
2.455
2.455
2.455
2.456
2.457
2.457
2.458
2.458
2.458
2.459
2.459
2.460
2.460
2.460
2.460
2.461
2.461
2.462
2.462
2.463
2.464
2.464
2.465
2.465
2.466
2.466
2.466
2.466
2.467
2.467
2.467
2.467
2.471
2.471
2.472
2.472
2.473
2.473
2.474
2.475
2.475
2.476
2.476
2.476
2.477
2.478
2.478
2.479
2.479
2.480
2.480
2.481
2.481
2.482
2.482
2.484
2.484
2.484
2.484
2.485
2.486
2.487
2.488
2.488
2.488
2.488
2.489
2.489
2.492
2.493
2.494
2.494
2.494
2.496
2.501
2.502
2.503
2.504
2.506
2.506
2.506
2.507
2.507
2.507
2.509
2.509
2.510
2.512
2.513
2.513
2.514
2.514
2.514
2.515
2.518
2.519
2.521
2.526
2.528
2.531
2.532
2.533
2.533
2.535
2.535
2.536
2.537
2.537
2.538
2.542
2.543
2.545
2.546
2.548
2.549
2.550
2.554
2.554
2.561
2.562
2.565
2.565
2.567
2.570
2.574
2.574
2.584
2.585
2.591
2.592
2.597
2.602
2.604
2.608
2.612
2.629
2.686
2.705
2.729
