2.158
2.184
2.207
2.224
2.241
2.259
2.269
2.296
2.306
2.315
2.327
2.333
2.344
2.351
2.370
2.373
2.373
2.381
2.385
2.394
2.400
2.403
2.407
2.411
2.412
2.413
2.414
2.414
2.419
2.421
2.421
2.421
2.423
2.425
2.429
2.430
2.431
2.433
2.441
2.447
2.447
2.450
2.451
2.458
2.463
2.466
2.469
2.474
2.486
2.488
2.490
2.491
2.493
2.497
2.503
2.504
2.504
2.504
2.504
2.505
2.505
2.508
2.511
2.515
2.515
2.516
2.516
2.519
2.524
2.524
2.525
2.525
2.529
2.529
2.532
2.534
2.535
2.537
2.540
2.540
2.542
2.544
2.545
2.545
2.545
2.550
2.553
2.553
2.554
2.557
2.558
2.559
2.559
2.560
2.562
2.563
2.566
2.567
2.568
2.568
2.569
2.571
2.574
2.575
2.575
2.575
2.577
2.577
2.578
2.582
2.583
2.584
2.586
2.586
2.587
2.588
2.588
2.589
2.589
2.590
2.591
2.591
2.592
2.592
2.593
2.593
2.593
2.595
2.596
2.597
2.598
2.598
2.599
2.599
2.599
2.602
2.602
2.603
2.603
2.603
2.603
2.604
2.604
2.605
2.606
2.607
2.607
2.609
2.609
2.610
2.611
2.612
2.612
2.613
2.613
2.615
2.616
2.619
2.621
2.621
2.622
2.623
2.623
2.624
2.626
2.626
2.626
2.626
2.627
2.627
2.628
2.628
2.629
2.630
2.632
2.632
2.634
2.634
2.634
2.634
2.635
2.635
2.635
2.636
2.637
2.637
2.637
2.637
2.638
2.638
2.639
2.639
2.639
2.640
2.640
2.641
2.642
2.643
2.645
2.646
2.646
2.647
2.647
2.649
2.649
2.649
2.651
2.651
2.654
2.654
2.654
2.655
2.655
2.655
2.656
2.656
2.658
2.658
2.659
2.659
2.659
2.659
2.661
2.662
2.663
2.663
2.664
2.665
2.666
2.669
2.670
2.671
2.671
2.672
2.673
2.673
2.674
2.675
2.675
2.676
2.676
2.679
2.680
2.681
2.681
2.683
2.687
2.687
2.688
2.688
2.688
2.689
2.690
2.690
2.690
2.690
2.690
2.691
2.692
2.692
2.692
2.692
2.693
2.694
2.694
2.695
2.695
2.696
2.697
2.698
2.699
2.701
2.703
2.704
2.705
2.706
2.707
2.707
2.707
2.708
2.709
2.709
2.710
2.711
2.711
2.711
2.712
2.713
2.713
2.713
2.713
2.714
2.714
2.714
2.715
2.715
2.715
2.716
2.716
2.716
2.716
2.717
2.717
2.717
2.718
2.718
2.718
2.719
2.719
2.720
2.721
2.722
2.722
2.724
2.727
2.727
2.727
2.729
2.730
2.730
2.731
2.731
2.731
2.731
2.732
2.733
2.734
2.734
2.734
2.735
2.735
2.736
2.737
2.739
2.739
2.740
2.741
2.742
2.743
2.743
2.743
2.743
2.744
2.744
2.746
2.746
2.746
2.746
2.746
2.747
2.747
2.748
2.750
2.750
2.751
2.751
2.752
2.752
2.753
2.753
2.753
2.754
2.754
2.754
2.754
2.755
2.756
2.758
2.758
2.759
2.760
2.760
2.760
2.761
2.761
2.762
2.762
2.763
2.764
2.765
2.765
2.766
2.766
2.767
2.767
2.767
2.767
2.767
2.767
2.768
2.768
2.769
2.770
2.770
2.770
2.771
2.771
2.771
2.772
2.772
2.773
2.773
2.773
2.774
2.774
2.775
2.775
2.775
2.777
2.777
2.778
2.778
2.779
2.779
2.779
2.780
2.780
2.781
2.782
2.782
2.782
2.782
2.783
2.783
2.784
2.784
2.784
2.784
2.785
2.785
2.786
2.786
2.786
2.787
2.787
2.787
2.788
2.788
2.788
2.788
2.788
2.789
2.789
2.790
2.790
2.790
2.791
2.792
2.792
2.792
2.793
2.793
2.794
2.794
2.794
2.796
2.796
2.796
2.796
2.796
2.798
2.798
2.798
2.798
2.798
2.799
2.799
2.800
2.801
2.801
2.801
2.802
2.803
2.803
2.804
2.805
2.805
2.805
2.805
2.805
2.805
2.805
2.806
2.806
2.806
2.807
2.807
2.807
2.808
2.808
2.809
2.809
2.810
2.810
2.811
2.811
2.811
2.812
2.812
2.812
2.812
2.812
2.813
2.813
2.814
2.814
2.814
2.816
2.816
2.817
2.818
2.818
2.819
2.819
2.820
2.821
2.821
2.823
2.824
2.824
2.824
2.824
2.825
2.825
2.825
2.826
2.826
2.827
2.827
2.827
2.827
2.827
2.828
2.828
2.828
2.828
2.829
2.829
2.830
2.831
2.831
2.832
2.832
2.832
2.832
2.832
2.832
2.833
2.834
2.834
2.835
2.836
2.837
2.837
2.838
2.839
2.839
2.839
2.840
2.840
2.841
2.841
2.842
2.843
2.843
2.844
2.844
2.844
2.844
2.845
2.845
2.846
2.846
2.847
2.847
2.847
2.848
2.849
2.849
2.849
2.849
2.850
2.850
2.850
2.851
2.851
2.851
2.852
2.852
2.853
2.854
2.854
2.854
2.855
2.856
2.856
2.857
2.858
2.858
2.858
2.859
2.860
2.862
2.862
2.863
2.864
2.864
2.865
2.865
2.866
2.866
2.866
2.866
2.867
2.867
2.867
2.868
2.868
2.868
2.868
2.869
2.869
2.869
2.870
2.870
2.870
2.871
2.871
2.871
2.872
2.872
2.872
2.872
2.872
2.874
2.875
2.875
2.875
2.876
2.876
2.878
2.878
2.879
2.879
2.880
2.880
2.880
2.881
2.881
2.881
2.882
2.882
2.883
2.883
2.883
2.883
2.883
2.883
2.883
2.883
2.884
2.884
2.885
2.885
2.885
2.886
2.886
2.886
2.886
2.887
2.888
2.888
2.889
2.889
2.891
2.891
2.891
2.892
2.892
2.892
2.893
2.893
2.893
2.893
2.894
2.894
2.894
2.894
2.895
2.895
2.897
2.897
2.899
2.899
2.900
2.901
2.901
2.902
2.902
2.904
2.905
2.905
2.905
2.906
2.906
2.907
2.908
2.908
2.908
2.909
2.909
2.910
2.910
2.911
2.912
2.913
2.913
2.913
2.914
2.914
2.914
2.914
2.914
2.915
2.915
2.915
2.915
2.916
2.917
2.917
2.918
2.918
2.918
2.918
2.918
2.919
2.919
2.919
2.919
2.919
2.920
2.920
2.920
2.920
2.921
2.921
2.921
2.922
2.922
2.922
2.922
2.922
2.922
2.923
2.923
2.924
2.924
2.924
2.925
2.925
2.926
2.926
2.927
2.927
2.927
2.928
2.928
2.928
2.929
2.929
2.930
2.930
2.930
2.930
2.930
2.930
2.931
2.931
2.931
2.932
2.932
2.933
2.934
2.936
2.936
2.936
2.936
2.937
2.937
2.938
2.938
2.938
2.938
2.939
2.939
2.940
2.940
2.940
2.940
2.941
2.941
2.942
2.942
2.943
2.944
2.944
2.945
2.945
2.945
2.946
2.946
2.949
2.949
2.950
2.950
2.950
2.950
2.951
2.951
2.952
2.952
2.953
2.953
2.954
2.954
2.955
2.955
2.955
2.955
2.956
2.957
2.957
2.958
2.959
2.960
2.960
2.961
2.961
2.962
2.962
2.963
2.963
2.963
2.964
2.964
2.964
2.965
2.965
2.965
2.966
2.966
2.967
2.967
2.967
2.967
2.967
2.968
2.969
2.969
2.969
2.969
2.969
2.970
2.970
2.970
2.971
2.971
2.971
2.971
2.972
2.972
2.972
2.973
2.973
2.973
2.973
2.974
2.975
2.976
2.976
2.976
2.976
2.977
2.978
2.978
2.978
2.978
2.978
2.978
2.979
2.979
2.980
2.980
2.980
2.981
2.981
2.981
2.981
2.982
2.982
2.982
2.982
2.982
2.983
2.983
2.983
2.983
2.984
2.985
2.985
2.985
2.986
2.986
2.987
2.987
2.988
2.988
2.990
2.991
2.991
2.991
2.991
2.992
2.992
2.993
2.993
2.994
2.994
2.994
2.995
2.996
2.996
2.996
2.996
2.996
2.997
2.997
2.998
2.998
2.998
2.999
2.999
2.999
2.999
2.999
3.000
3.000
3.001
3.001
3.002
3.002
3.002
3.004
3.005
3.006
3.006
3.007
3.007
3.007
3.008
3.010
3.010
3.010
3.011
3.011
3.011
3.012
3.012
3.013
3.013
3.013
3.013
3.014
3.014
3.015
3.015
3.016
3.016
3.017
3.017
3.017
3.018
3.018
3.018
3.019
3.019
3.020
3.020
3.021
3.022
3.022
3.023
3.023
3.024
3.024
3.024
3.025
3.026
3.026
3.028
3.029
3.029
3.029
3.030
3.030
3.030
3.030
3.030
3.031
3.031
3.031
3.032
3.032
3.033
3.033
3.034
3.034
3.034
3.034
3.035
3.035
3.035
3.035
3.036
3.037
3.038
3.038
3.038
3.038
3.038
3.039
3.039
3.040
3.040
3.040
3.041
3.041
3.042
3.042
3.042
3.043
3.043
3.043
3.043
3.043
3.044
3.045
3.045
3.045
3.045
3.046
3.046
3.046
3.047
3.047
3.049
3.049
3.050
3.050
3.050
3.051
3.051
3.051
3.052
3.052
3.052
3.054
3.054
3.054
3.055
3.055
3.056
3.056
3.058
3.058
3.060
3.060
3.062
3.063
3.063
3.064
3.065
3.065
3.066
3.066
3.067
3.068
3.069
3.069
3.069
3.070
3.070
3.070
3.071
3.071
3.071
3.072
3.073
3.073
3.073
3.074
3.074
3.074
3.074
3.074
3.074
3.075
3.075
3.075
3.076
3.076
3.077
3.077
3.077
3.078
3.079
3.079
3.079
3.079
3.080
3.082
3.082
3.082
3.082
3.082
3.083
3.084
3.084
3.086
3.086
3.086
3.087
3.087
3.088
3.088
3.089
3.090
3.090
3.091
3.091
3.091
3.092
3.092
3.093
3.093
3.094
3.094
3.094
3.095
3.096
3.096
3.096
3.097
3.098
3.098
3.099
3.100
3.100
3.101
3.101
3.101
3.101
3.102
3.103
3.103
3.103
3.104
3.104
3.105
3.107
3.108
3.109
3.111
3.111
3.111
3.111
3.112
3.114
3.115
3.115
3.115
3.115
3.116
3.116
3.116
3.117
3.118
3.118
3.118
3.119
3.120
3.120
3.120
3.121
3.122
3.125
3.126
3.126
3.127
3.127
3.129
3.130
3.130
3.130
3.130
3.131
3.132
3.132
3.132
3.133
3.133
3.133
3.133
3.134
3.134
3.135
3.136
3.137
3.137
3.137
3.137
3.139
3.139
3.141
3.141
3.141
3.141
3.142
3.142
3.143
3.143
3.143
3.146
3.146
3.146
3.147
3.149
3.150
3.153
3.154
3.154
3.154
3.154
3.156
3.156
3.159
3.159
3.160
3.160
3.160
3.160
3.161
3.161
3.162
3.163
3.163
3.164
3.164
3.165
3.165
3.165
3.166
3.166
3.167
3.170
3.170
3.173
3.174
3.177
3.177
3.178
3.178
3.178
3.178
3.179
3.181
3.181
3.183
3.183
3.183
3.184
3.185
3.185
3.187
3.187
3.187
3.189
3.191
3.192
3.192
3.192
3.193
3.193
3.193
3.194
3.196
3.196
3.197
3.197
3.198
3.199
3.202
3.202
3.204
3.205
3.206
3.206
3.206
3.206
3.207
3.207
3.207
3.210
3.210
3.211
3.212
3.214
3.215
3.216
3.217
3.219
3.222
3.223
3.226
3.227
3.227
3.229
3.229
3.230
3.231
3.231
3.232
3.232
3.233
3.233
3.233
3.234
3.234
3.234
3.236
3.237
3.240
3.243
3.244
3.244
3.245
3.245
3.246
3.246
3.248
3.251
3.252
3.253
3.254
3.257
3.258
3.258
3.260
3.260
3.260
3.261
3.262
3.262
3.266
3.268
3.268
3.268
3.269
3.270
3.270
3.271
3.271
3.272
3.272
3.273
3.273
3.276
3.276
3.277
3.277
3.278
3.279
3.280
3.281
3.284
3.284
3.287
3.289
3.291
3.293
3.295
3.296
3.298
3.300
3.301
3.302
3.304
3.304
3.306
3.307
3.312
3.312
3.314
3.314
3.314
3.319
3.319
3.319
3.320
3.321
3.322
3.324
3.325
3.331
3.336
3.341
3.341
3.342
3.346
3.347
3.349
3.349
3.350
3.350
3.352
3.352
3.354
3.354
3.356
3.356
3.357
3.358
3.359
3.361
3.363
3.364
3.365
3.368
3.370
3.372
3.376
3.377
3.378
3.380
3.381
3.382
3.386
3.390
3.392
3.395
3.398
3.407
3.415
3.415
3.417
3.419
3.425
3.429
3.435
3.437
3.437
3.439
3.440
3.442
3.446
3.451
3.451
3.456
3.463
3.468
3.468
3.471
3.473
3.475
3.485
3.489
3.500
3.501
3.533
3.533
3.539
3.545
3.545
3.558
3.559
3.563
3.564
3.568
3.571
3.594
3.596
3.604
3.615
3.619
3.635
3.641
3.641
3.647
3.648
3.650
3.662
3.702
3.741
3.742
3.809
3.820
3.842
