2.389
2.424
2.476
2.481
2.498
2.500
2.505
2.510
2.510
2.511
2.513
2.522
2.523
2.532
2.533
2.534
2.540
2.541
2.546
2.549
2.549
2.559
2.560
2.561
2.563
2.565
2.565
2.570
2.574
2.575
2.576
2.579
2.595
2.595
2.598
2.601
2.602
2.603
2.603
2.603
2.603
2.608
2.609
2.609
2.609
2.611
2.612
2.615
2.618
2.619
2.619
2.620
2.621
2.622
2.623
2.624
2.625
2.626
2.627
2.627
2.628
2.628
2.628
2.629
2.630
2.631
2.632
2.632
2.633
2.633
2.634
2.636
2.636
2.636
2.637
2.637
2.637
2.638
2.640
2.641
2.641
2.643
2.643
2.646
2.648
2.649
2.650
2.651
2.651
2.653
2.654
2.655
2.655
2.655
2.656
2.656
2.657
2.658
2.658
2.660
2.660
2.660
2.661
2.661
2.663
2.664
2.666
2.666
2.666
2.668
2.669
2.669
2.670
2.670
2.670
2.671
2.671
2.671
2.672
2.674
2.677
2.677
2.678
2.679
2.679
2.680
2.681
2.682
2.682
2.682
2.683
2.683
2.683
2.685
2.685
2.685
2.685
2.686
2.686
2.687
2.687
2.688
2.688
2.689
2.689
2.690
2.690
2.691
2.691
2.691
2.691
2.692
2.692
2.692
2.692
2.692
2.693
2.693
2.694
2.694
2.694
2.694
2.694
2.695
2.695
2.696
2.696
2.696
2.696
2.696
2.697
2.697
2.697
2.697
2.698
2.698
2.699
2.699
2.700
2.702
2.702
2.703
2.703
2.704
2.704
2.704
2.704
2.704
2.704
2.704
2.706
2.706
2.706
2.706
2.707
2.707
2.708
2.708
2.709
2.709
2.710
2.710
2.710
2.710
2.711
2.711
2.711
2.711
2.711
2.713
2.713
2.713
2.713
2.713
2.714
2.714
2.715
2.715
2.716
2.716
2.717
2.717
2.717
2.717
2.718
2.718
2.719
2.722
2.722
2.723
2.724
2.724
2.724
2.724
2.724
2.724
2.724
2.724
2.725
2.725
2.725
2.725
2.725
2.726
2.726
2.727
2.727
2.727
2.728
2.728
2.728
2.728
2.729
2.729
2.730
2.730
2.730
2.730
2.730
2.731
2.731
2.732
2.732
2.733
2.733
2.734
2.734
2.734
2.734
2.735
2.735
2.735
2.735
2.736
2.736
2.736
2.737
2.737
2.737
2.737
2.737
2.737
2.738
2.739
2.739
2.739
2.739
2.739
2.740
2.740
2.742
2.742
2.742
2.742
2.742
2.743
2.744
2.744
2.744
2.744
2.744
2.745
2.745
2.745
2.745
2.745
2.746
2.746
2.747
2.747
2.748
2.748
2.748
2.748
2.749
2.749
2.750
2.750
2.750
2.750
2.750
2.750
2.751
2.752
2.752
2.753
2.753
2.754
2.754
2.754
2.755
2.755
2.755
2.755
2.756
2.756
2.756
2.757
2.757
2.758
2.758
2.758
2.758
2.759
2.760
2.760
2.760
2.760
2.761
2.761
2.761
2.761
2.761
2.762
2.762
2.762
2.762
2.763
2.763
2.763
2.763
2.763
2.763
2.764
2.765
2.765
2.765
2.766
2.766
2.767
2.767
2.769
2.769
2.769
2.770
2.770
2.770
2.770
2.771
2.772
2.772
2.773
2.773
2.773
2.774
2.774
2.774
2.774
2.774
2.774
2.774
2.775
2.776
2.776
2.777
2.777
2.777
2.777
2.777
2.778
2.779
2.779
2.779
2.779
2.780
2.780
2.780
2.780
2.781
2.781
2.782
2.782
2.782
2.783
2.783
2.783
2.783
2.783
2.784
2.784
2.784
2.784
2.784
2.784
2.785
2.785
2.786
2.786
2.786
2.786
2.786
2.786
2.786
2.787
2.787
2.788
2.788
2.788
2.788
2.788
2.788
2.788
2.788
2.788
2.789
2.789
2.790
2.790
2.790
2.790
2.790
2.790
2.791
2.792
2.792
2.792
2.792
2.792
2.793
2.794
2.794
2.795
2.795
2.795
2.795
2.795
2.795
2.795
2.796
2.797
2.798
2.798
2.798
2.799
2.799
2.799
2.799
2.799
2.800
2.800
2.800
2.800
2.801
2.801
2.801
2.802
2.802
2.802
2.802
2.802
2.802
2.802
2.803
2.803
2.804
2.804
2.804
2.804
2.804
2.804
2.805
2.805
2.805
2.806
2.806
2.806
2.806
2.807
2.807
2.807
2.807
2.808
2.808
2.808
2.810
2.810
2.810
2.810
2.810
2.810
2.810
2.810
2.811
2.811
2.811
2.812
2.812
2.812
2.812
2.813
2.813
2.813
2.813
2.814
2.814
2.814
2.814
2.814
2.815
2.815
2.815
2.816
2.816
2.817
2.817
2.817
2.817
2.818
2.818
2.818
2.818
2.819
2.819
2.819
2.819
2.819
2.820
2.820
2.820
2.820
2.820
2.820
2.821
2.822
2.822
2.822
2.822
2.822
2.822
2.823
2.823
2.823
2.823
2.823
2.823
2.823
2.824
2.824
2.824
2.824
2.824
2.824
2.824
2.825
2.825
2.825
2.825
2.825
2.825
2.826
2.826
2.826
2.826
2.826
2.826
2.826
2.827
2.827
2.827
2.827
2.828
2.829
2.829
2.829
2.829
2.830
2.830
2.830
2.830
2.831
2.831
2.831
2.831
2.832
2.832
2.832
2.832
2.832
2.832
2.832
2.832
2.833
2.833
2.833
2.833
2.833
2.834
2.834
2.834
2.834
2.835
2.835
2.835
2.836
2.836
2.836
2.836
2.836
2.837
2.837
2.837
2.838
2.838
2.839
2.839
2.839
2.839
2.839
2.839
2.839
2.839
2.840
2.840
2.840
2.840
2.840
2.840
2.840
2.840
2.840
2.841
2.841
2.841
2.841
2.841
2.842
2.842
2.842
2.842
2.842
2.843
2.843
2.843
2.844
2.844
2.844
2.845
2.845
2.845
2.845
2.845
2.845
2.845
2.846
2.846
2.846
2.846
2.846
2.847
2.847
2.847
2.847
2.847
2.847
2.848
2.848
2.848
2.848
2.848
2.849
2.849
2.849
2.849
2.850
2.850
2.850
2.850
2.850
2.850
2.851
2.851
2.852
2.852
2.852
2.853
2.853
2.853
2.853
2.853
2.853
2.853
2.854
2.854
2.854
2.855
2.855
2.855
2.855
2.855
2.855
2.855
2.856
2.856
2.856
2.856
2.856
2.857
2.858
2.858
2.858
2.858
2.859
2.859
2.859
2.860
2.860
2.860
2.860
2.860
2.862
2.862
2.862
2.863
2.863
2.863
2.863
2.864
2.864
2.864
2.864
2.864
2.864
2.864
2.865
2.865
2.865
2.865
2.865
2.865
2.866
2.866
2.866
2.866
2.866
2.867
2.867
2.867
2.867
2.867
2.867
2.867
2.867
2.867
2.868
2.868
2.868
2.869
2.869
2.869
2.870
2.870
2.870
2.870
2.870
2.871
2.871
2.871
2.871
2.871
2.871
2.872
2.872
2.872
2.873
2.873
2.873
2.873
2.874
2.874
2.875
2.875
2.875
2.875
2.875
2.875
2.875
2.876
2.876
2.876
2.878
2.878
2.878
2.878
2.878
2.878
2.879
2.879
2.879
2.880
2.880
2.881
2.881
2.881
2.881
2.882
2.882
2.882
2.882
2.882
2.882
2.883
2.883
2.883
2.883
2.883
2.883
2.884
2.884
2.884
2.884
2.885
2.885
2.885
2.885
2.886
2.886
2.886
2.886
2.887
2.887
2.887
2.888
2.888
2.889
2.889
2.889
2.889
2.889
2.889
2.890
2.890
2.890
2.890
2.890
2.891
2.891
2.891
2.891
2.892
2.892
2.892
2.893
2.893
2.894
2.894
2.894
2.894
2.895
2.895
2.896
2.897
2.897
2.897
2.897
2.897
2.897
2.897
2.898
2.898
2.898
2.898
2.898
2.898
2.898
2.899
2.899
2.899
2.900
2.901
2.901
2.901
2.901
2.901
2.902
2.902
2.902
2.902
2.903
2.903
2.903
2.903
2.904
2.904
2.905
2.905
2.905
2.905
2.906
2.906
2.906
2.907
2.907
2.907
2.908
2.908
2.908
2.908
2.909
2.910
2.910
2.911
2.911
2.912
2.912
2.912
2.912
2.912
2.912
2.912
2.913
2.913
2.914
2.915
2.915
2.916
2.916
2.916
2.916
2.916
2.917
2.917
2.917
2.918
2.918
2.918
2.918
2.919
2.919
2.919
2.920
2.920
2.920
2.920
2.920
2.920
2.921
2.921
2.921
2.921
2.921
2.922
2.922
2.922
2.922
2.923
2.923
2.923
2.923
2.924
2.924
2.924
2.925
2.925
2.925
2.926
2.926
2.926
2.927
2.927
2.927
2.927
2.927
2.927
2.927
2.928
2.928
2.928
2.929
2.929
2.929
2.930
2.930
2.930
2.931
2.931
2.931
2.932
2.932
2.932
2.933
2.933
2.933
2.934
2.934
2.934
2.934
2.934
2.934
2.935
2.935
2.935
2.936
2.936
2.936
2.937
2.937
2.937
2.937
2.937
2.937
2.938
2.938
2.938
2.939
2.939
2.939
2.939
2.939
2.940
2.940
2.941
2.941
2.941
2.941
2.941
2.942
2.942
2.942
2.942
2.942
2.943
2.943
2.943
2.944
2.944
2.944
2.944
2.944
2.945
2.945
2.945
2.945
2.946
2.946
2.946
2.946
2.947
2.947
2.947
2.947
2.947
2.948
2.948
2.948
2.948
2.948
2.948
2.949
2.949
2.949
2.950
2.950
2.950
2.950
2.950
2.951
2.951
2.951
2.951
2.952
2.952
2.952
2.952
2.954
2.954
2.954
2.954
2.954
2.955
2.955
2.955
2.956
2.956
2.956
2.957
2.957
2.957
2.957
2.957
2.958
2.958
2.958
2.958
2.958
2.958
2.958
2.959
2.959
2.959
2.960
2.960
2.960
2.960
2.960
2.960
2.961
2.961
2.961
2.961
2.961
2.962
2.962
2.962
2.962
2.962
2.963
2.963
2.963
2.963
2.964
2.964
2.964
2.965
2.965
2.966
2.966
2.966
2.966
2.967
2.967
2.968
2.969
2.969
2.969
2.969
2.970
2.970
2.971
2.971
2.972
2.973
2.973
2.973
2.973
2.974
2.974
2.975
2.975
2.975
2.975
2.975
2.976
2.976
2.976
2.977
2.977
2.977
2.978
2.979
2.979
2.979
2.981
2.981
2.981
2.982
2.982
2.982
2.982
2.983
2.983
2.983
2.983
2.984
2.985
2.985
2.986
2.986
2.986
2.986
2.986
2.986
2.987
2.987
2.987
2.987
2.987
2.988
2.988
2.988
2.988
2.989
2.989
2.989
2.989
2.990
2.991
2.991
2.992
2.992
2.992
2.993
2.993
2.994
2.994
2.995
2.995
2.995
2.997
2.997
2.997
2.997
2.998
2.999
2.999
2.999
3.000
3.001
3.001
3.002
3.002
3.003
3.003
3.003
3.004
3.004
3.005
3.005
3.005
3.006
3.006
3.006
3.006
3.006
3.006
3.006
3.006
3.007
3.007
3.007
3.007
3.007
3.008
3.008
3.009
3.010
3.010
3.010
3.012
3.012
3.012
3.013
3.014
3.014
3.015
3.015
3.015
3.016
3.016
3.016
3.016
3.018
3.018
3.019
3.019
3.019
3.020
3.021
3.022
3.022
3.022
3.022
3.023
3.023
3.024
3.024
3.024
3.025
3.025
3.025
3.026
3.026
3.026
3.026
3.027
3.027
3.029
3.029
3.030
3.030
3.030
3.031
3.032
3.032
3.033
3.033
3.033
3.033
3.035
3.035
3.037
3.038
3.039
3.039
3.040
3.042
3.042
3.042
3.042
3.042
3.043
3.044
3.044
3.044
3.044
3.045
3.045
3.045
3.046
3.047
3.048
3.050
3.051
3.052
3.053
3.053
3.055
3.055
3.055
3.056
3.056
3.056
3.056
3.056
3.057
3.057
3.058
3.059
3.059
3.060
3.061
3.061
3.061
3.061
3.062
3.062
3.062
3.063
3.064
3.065
3.067
3.067
3.067
3.068
3.069
3.070
3.070
3.071
3.072
3.073
3.073
3.074
3.075
3.076
3.077
3.077
3.077
3.078
3.078
3.078
3.080
3.083
3.084
3.087
3.087
3.088
3.089
3.090
3.090
3.091
3.092
3.093
3.093
3.094
3.094
3.095
3.095
3.097
3.098
3.098
3.098
3.099
3.099
3.099
3.100
3.100
3.101
3.102
3.104
3.106
3.107
3.107
3.108
3.109
3.109
3.111
3.112
3.112
3.113
3.113
3.116
3.116
3.119
3.119
3.121
3.122
3.122
3.128
3.128
3.128
3.129
3.132
3.132
3.132
3.133
3.133
3.136
3.137
3.139
3.140
3.142
3.142
3.145
3.146
3.148
3.148
3.149
3.150
3.150
3.152
3.155
3.155
3.156
3.157
3.157
3.158
3.158
3.159
3.160
3.160
3.161
3.161
3.162
3.162
3.163
3.164
3.167
3.176
3.178
3.179
3.179
3.181
3.183
3.183
3.186
3.187
3.190
3.193
3.194
3.204
3.209
3.212
3.229
3.233
3.242
3.252
3.257
3.331
