2.647
2.919
2.989
3.038
3.051
3.070
3.127
3.129
3.136
3.141
3.147
3.163
3.163
3.174
3.183
3.186
3.190
3.198
3.203
3.219
3.220
3.229
3.230
3.234
3.234
3.237
3.240
3.240
3.241
3.241
3.242
3.245
3.246
3.253
3.253
3.264
3.268
3.276
3.279
3.279
3.280
3.289
3.291
3.305
3.305
3.307
3.308
3.313
3.313
3.314
3.317
3.318
3.319
3.320
3.326
3.331
3.340
3.342
3.343
3.344
3.346
3.352
3.353
3.355
3.356
3.356
3.361
3.368
3.368
3.369
3.369
3.369
3.374
3.377
3.382
3.384
3.384
3.384
3.386
3.387
3.388
3.389
3.395
3.396
3.403
3.405
3.405
3.411
3.413
3.414
3.418
3.419
3.422
3.425
3.427
3.427
3.428
3.432
3.434
3.434
3.434
3.435
3.435
3.438
3.441
3.442
3.447
3.447
3.450
3.452
3.453
3.454
3.457
3.458
3.458
3.459
3.460
3.462
3.462
3.462
3.463
3.464
3.464
3.466
3.466
3.468
3.468
3.469
3.469
3.470
3.470
3.471
3.473
3.473
3.475
3.475
3.475
3.476
3.477
3.482
3.482
3.483
3.484
3.485
3.487
3.487
3.488
3.488
3.489
3.490
3.490
3.490
3.490
3.491
3.493
3.494
3.498
3.499
3.503
3.504
3.504
3.506
3.507
3.507
3.508
3.510
3.510
3.510
3.510
3.511
3.511
3.512
3.512
3.513
3.514
3.516
3.518
3.518
3.519
3.519
3.520
3.520
3.520
3.521
3.521
3.524
3.524
3.525
3.526
3.527
3.527
3.529
3.530
3.531
3.532
3.533
3.535
3.539
3.540
3.540
3.540
3.541
3.542
3.542
3.544
3.545
3.545
3.547
3.547
3.550
3.550
3.551
3.551
3.554
3.555
3.557
3.557
3.558
3.558
3.559
3.563
3.565
3.566
3.566
3.568
3.568
3.570
3.570
3.570
3.571
3.571
3.575
3.576
3.577
3.578
3.579
3.579
3.579
3.582
3.584
3.585
3.585
3.586
3.586
3.588
3.588
3.589
3.590
3.591
3.591
3.592
3.594
3.597
3.598
3.599
3.600
3.600
3.600
3.601
3.601
3.601
3.601
3.601
3.602
3.603
3.603
3.603
3.604
3.605
3.605
3.606
3.607
3.608
3.609
3.609
3.611
3.611
3.612
3.612
3.612
3.612
3.614
3.615
3.617
3.618
3.619
3.619
3.621
3.622
3.623
3.623
3.624
3.624
3.624
3.625
3.625
3.627
3.628
3.629
3.629
3.629
3.629
3.629
3.630
3.630
3.631
3.632
3.633
3.634
3.635
3.636
3.636
3.637
3.639
3.640
3.641
3.641
3.641
3.641
3.642
3.643
3.644
3.644
3.644
3.644
3.644
3.645
3.646
3.646
3.647
3.648
3.648
3.649
3.649
3.650
3.650
3.651
3.653
3.654
3.654
3.657
3.657
3.658
3.658
3.659
3.660
3.661
3.662
3.662
3.663
3.664
3.664
3.665
3.666
3.666
3.668
3.669
3.669
3.669
3.669
3.669
3.669
3.670
3.670
3.670
3.670
3.670
3.670
3.671
3.671
3.672
3.675
3.675
3.675
3.676
3.676
3.677
3.677
3.679
3.680
3.682
3.682
3.682
3.683
3.684
3.685
3.685
3.686
3.687
3.687
3.687
3.688
3.689
3.690
3.690
3.691
3.691
3.691
3.692
3.693
3.693
3.694
3.695
3.695
3.696
3.696
3.697
3.697
3.698
3.699
3.699
3.703
3.703
3.704
3.704
3.705
3.706
3.708
3.708
3.708
3.709
3.710
3.711
3.711
3.712
3.712
3.712
3.712
3.712
3.713
3.714
3.715
3.715
3.716
3.716
3.717
3.717
3.717
3.718
3.718
3.719
3.721
3.721
3.723
3.724
3.725
3.726
3.726
3.728
3.729
3.729
3.730
3.731
3.731
3.732
3.732
3.733
3.733
3.733
3.734
3.734
3.735
3.735
3.736
3.738
3.738
3.739
3.741
3.741
3.742
3.742
3.742
3.742
3.743
3.743
3.743
3.743
3.745
3.745
3.746
3.747
3.747
3.747
3.748
3.748
3.751
3.752
3.752
3.753
3.753
3.754
3.756
3.756
3.757
3.758
3.759
3.759
3.759
3.759
3.760
3.761
3.762
3.763
3.764
3.764
3.765
3.765
3.765
3.765
3.765
3.766
3.766
3.767
3.767
3.767
3.767
3.769
3.769
3.770
3.771
3.771
3.771
3.772
3.772
3.772
3.772
3.772
3.773
3.774
3.774
3.776
3.777
3.777
3.777
3.778
3.778
3.779
3.779
3.780
3.780
3.781
3.781
3.781
3.782
3.782
3.782
3.782
3.783
3.783
3.783
3.784
3.784
3.785
3.786
3.786
3.786
3.786
3.787
3.788
3.788
3.788
3.788
3.789
3.789
3.789
3.790
3.791
3.791
3.792
3.792
3.792
3.793
3.793
3.794
3.795
3.795
3.796
3.797
3.798
3.799
3.800
3.801
3.802
3.803
3.803
3.803
3.804
3.805
3.806
3.806
3.807
3.808
3.808
3.809
3.810
3.810
3.810
3.811
3.811
3.812
3.813
3.813
3.814
3.814
3.815
3.815
3.815
3.815
3.816
3.816
3.817
3.817
3.817
3.819
3.820
3.820
3.820
3.820
3.820
3.820
3.820
3.822
3.822
3.823
3.824
3.824
3.825
3.825
3.825
3.825
3.826
3.826
3.827
3.827
3.828
3.829
3.829
3.829
3.830
3.830
3.830
3.830
3.831
3.832
3.832
3.833
3.833
3.833
3.834
3.835
3.835
3.836
3.838
3.838
3.838
3.838
3.839
3.840
3.840
3.841
3.841
3.841
3.842
3.842
3.842
3.842
3.842
3.842
3.843
3.843
3.843
3.844
3.844
3.844
3.844
3.845
3.847
3.847
3.847
3.847
3.848
3.848
3.848
3.849
3.850
3.850
3.850
3.851
3.851
3.851
3.851
3.852
3.852
3.853
3.853
3.853
3.853
3.853
3.854
3.854
3.854
3.855
3.855
3.857
3.858
3.859
3.860
3.860
3.860
3.860
3.861
3.862
3.862
3.863
3.863
3.863
3.865
3.866
3.866
3.866
3.866
3.868
3.868
3.868
3.869
3.869
3.871
3.872
3.874
3.874
3.875
3.875
3.875
3.876
3.876
3.876
3.876
3.877
3.877
3.878
3.878
3.878
3.879
3.879
3.879
3.880
3.880
3.881
3.881
3.881
3.881
3.881
3.883
3.884
3.884
3.884
3.885
3.885
3.886
3.886
3.887
3.887
3.888
3.888
3.888
3.888
3.888
3.889
3.890
3.890
3.890
3.890
3.891
3.891
3.891
3.892
3.893
3.894
3.894
3.895
3.895
3.896
3.896
3.898
3.898
3.900
3.900
3.900
3.900
3.900
3.901
3.902
3.902
3.902
3.902
3.902
3.903
3.903
3.904
3.904
3.905
3.905
3.905
3.906
3.906
3.906
3.906
3.906
3.907
3.907
3.907
3.907
3.908
3.909
3.909
3.909
3.909
3.910
3.910
3.910
3.910
3.911
3.912
3.912
3.913
3.913
3.914
3.915
3.915
3.916
3.916
3.917
3.918
3.919
3.920
3.921
3.922
3.922
3.922
3.922
3.923
3.923
3.923
3.924
3.924
3.924
3.927
3.928
3.929
3.929
3.930
3.931
3.931
3.931
3.931
3.931
3.931
3.931
3.931
3.933
3.933
3.934
3.934
3.935
3.935
3.935
3.937
3.937
3.938
3.938
3.939
3.939
3.939
3.939
3.940
3.941
3.942
3.942
3.942
3.942
3.943
3.943
3.944
3.945
3.945
3.945
3.947
3.947
3.947
3.947
3.947
3.948
3.949
3.949
3.950
3.950
3.950
3.951
3.951
3.951
3.951
3.951
3.952
3.953
3.954
3.954
3.954
3.956
3.957
3.957
3.957
3.958
3.958
3.958
3.958
3.958
3.959
3.961
3.963
3.964
3.965
3.966
3.967
3.967
3.967
3.967
3.968
3.969
3.969
3.969
3.970
3.971
3.971
3.971
3.971
3.972
3.972
3.972
3.972
3.972
3.973
3.974
3.974
3.974
3.974
3.975
3.975
3.975
3.975
3.976
3.976
3.976
3.976
3.976
3.976
3.977
3.977
3.977
3.977
3.978
3.978
3.978
3.979
3.980
3.980
3.981
3.982
3.982
3.983
3.983
3.983
3.984
3.985
3.986
3.986
3.987
3.987
3.988
3.989
3.989
3.989
3.989
3.990
3.990
3.990
3.991
3.991
3.991
3.992
3.993
3.994
3.994
3.995
3.996
3.996
3.997
3.997
3.999
4.000
4.000
4.000
4.001
4.001
4.001
4.003
4.004
4.004
4.005
4.006
4.006
4.006
4.006
4.006
4.008
4.008
4.008
4.009
4.009
4.010
4.010
4.010
4.010
4.010
4.011
4.011
4.011
4.011
4.011
4.011
4.012
4.012
4.012
4.012
4.013
4.013
4.014
4.014
4.014
4.014
4.014
4.015
4.015
4.015
4.016
4.017
4.017
4.017
4.017
4.017
4.018
4.018
4.019
4.019
4.022
4.022
4.023
4.023
4.025
4.025
4.026
4.026
4.026
4.026
4.029
4.029
4.030
4.030
4.030
4.031
4.031
4.032
4.033
4.033
4.033
4.033
4.035
4.035
4.036
4.036
4.036
4.037
4.039
4.039
4.039
4.040
4.040
4.040
4.041
4.042
4.042
4.043
4.043
4.043
4.043
4.044
4.044
4.046
4.046
4.047
4.047
4.047
4.047
4.047
4.048
4.048
4.048
4.049
4.049
4.050
4.050
4.050
4.050
4.050
4.051
4.052
4.052
4.053
4.054
4.054
4.054
4.055
4.055
4.056
4.056
4.060
4.060
4.061
4.061
4.061
4.062
4.062
4.063
4.063
4.064
4.065
4.065
4.066
4.066
4.066
4.067
4.068
4.068
4.068
4.068
4.069
4.069
4.069
4.070
4.070
4.072
4.074
4.074
4.075
4.075
4.076
4.076
4.076
4.076
4.077
4.077
4.079
4.082
4.084
4.084
4.084
4.085
4.085
4.086
4.088
4.088
4.089
4.090
4.090
4.091
4.092
4.093
4.093
4.095
4.096
4.096
4.096
4.097
4.097
4.099
4.099
4.099
4.100
4.100
4.102
4.103
4.103
4.103
4.103
4.103
4.103
4.103
4.104
4.104
4.104
4.105
4.105
4.106
4.106
4.106
4.106
4.107
4.108
4.108
4.108
4.108
4.109
4.109
4.110
4.110
4.111
4.113
4.113
4.113
4.113
4.115
4.116
4.117
4.119
4.120
4.121
4.121
4.121
4.123
4.123
4.123
4.124
4.126
4.126
4.128
4.129
4.130
4.133
4.134
4.136
4.136
4.137
4.138
4.139
4.140
4.142
4.142
4.145
4.145
4.147
4.148
4.149
4.149
4.150
4.150
4.150
4.151
4.151
4.151
4.151
4.152
4.153
4.154
4.155
4.156
4.156
4.156
4.156
4.157
4.157
4.157
4.158
4.158
4.158
4.159
4.159
4.159
4.159
4.160
4.160
4.163
4.163
4.163
4.164
4.164
4.165
4.167
4.168
4.168
4.168
4.170
4.171
4.171
4.172
4.172
4.173
4.173
4.174
4.175
4.175
4.176
4.176
4.176
4.176
4.176
4.178
4.179
4.180
4.180
4.180
4.181
4.181
4.181
4.183
4.184
4.184
4.184
4.186
4.186
4.188
4.190
4.193
4.198
4.199
4.199
4.200
4.200
4.200
4.201
4.202
4.202
4.203
4.203
4.203
4.203
4.205
4.205
4.206
4.209
4.209
4.210
4.210
4.210
4.210
4.211
4.211
4.212
4.213
4.213
4.215
4.216
4.218
4.218
4.220
4.223
4.224
4.224
4.224
4.225
4.226
4.226
4.226
4.231
4.231
4.232
4.233
4.233
4.234
4.235
4.236
4.236
4.236
4.237
4.237
4.239
4.239
4.240
4.243
4.243
4.245
4.247
4.249
4.249
4.253
4.255
4.256
4.257
4.259
4.259
4.259
4.265
4.267
4.267
4.267
4.270
4.270
4.273
4.276
4.277
4.277
4.279
4.279
4.279
4.281
4.283
4.284
4.286
4.287
4.289
4.289
4.291
4.295
4.299
4.299
4.302
4.302
4.303
4.303
4.305
4.306
4.307
4.308
4.308
4.314
4.314
4.315
4.316
4.318
4.319
4.322
4.326
4.328
4.329
4.330
4.331
4.332
4.333
4.336
4.338
4.341
4.343
4.343
4.345
4.345
4.346
4.348
4.350
4.351
4.354
4.354
4.354
4.355
4.360
4.362
4.368
4.370
4.370
4.371
4.374
4.374
4.377
4.377
4.378
4.387
4.388
4.390
4.392
4.399
4.402
4.402
4.405
4.406
4.407
4.408
4.410
4.412
4.418
4.422
4.433
4.437
4.439
4.440
4.447
4.449
4.449
4.452
4.452
4.455
4.456
4.457
4.458
4.462
4.469
4.485
4.488
4.491
4.496
4.502
4.502
4.511
4.537
4.539
4.540
4.558
4.563
4.570
4.689
4.793
