0.85
0.6
0.87
1.1
1
0.54
0.47
0.81
0.8
0.61
0.77
1.51
0.74
0.82
0.62
0.83
1.01
0.82
1.23
0.91
0.83
1.52
1.36
0.68
0.96
0.63
1.11
0.59
0.84
0.5
0.66
1.31
0.58
0.86
0.74
0.9
1.67
1.47
0.63
0.73
0.75
0.68
1.17
0.77
0.54
1.02
0.7
0.97
0.74
0.81
1.34
1.32
1.05
1.27
1.28
0.48
0.58
0.96
0.72
0.96
0.72
0.68
0.56
0.87
0.8
0.55
1.16
1.03
0.93
1.23
1.66
1.3
0.8
0.85
0.63
0.47
0.9
0.83
0.64
0.56
0.72
0.68
0.98
0.73
1.33
1.03
0.68
0.53
1.14
0.59
0.71
0.48
0.67
1
0.88
0.79
0.67
0.87
0.63
0.74
1.29
1.08
1.17
0.73
0.68
1.09
1.02
0.98
0.74
1.53
0.96
1.49
1.11
0.54
1.73
0.76
0.67
0.73
0.98
0.84
0.7
0.57
0.69
1.3
1.05
0.79
0.76
0.48
1.55
1.19
0.55
0.7
0.68
1.36
0.48
0.99
0.61
1.45
0.93
1.17
1.91
1.44
0.43
1.02
1.22
0.77
0.85
1.3
0.71
0.72
1.01
1
1.15
2
1.12
0.64
0.73
0.51
0.69
1.17
0.81
1.33
0.69
0.66
0.91
1.11
0.64
0.76
0.48
2.41
0.68
0.89
0.57
0.75
0.93
0.51
0.45
0.83
2.41
0.75
1.24
0.68
0.72
0.96
1.16
0.73
1.07
0.9
0.65
1.08
1
1.04
1.19
1.21
0.91
0.64
0.8
2.08
0.73
1.07
1.09
1.41
1.28
1.06
0.89
0.62
0.63
1.58
0.53
0.64
1.21
1.3
1.37
1.03
0.81
0.76
0.93
0.77
1.31
0.8
0.88
0.93
0.85
0.63
0.77
0.87
0.75
0.65
0.79
0.76
1.87
0.89
1.13
1.1
0.83
0.56
2.16
1.29
0.85
0.61
0.55
0.67
0.9
0.77
1.1
0.97
0.53
1.08
0.62
0.84
0.74
0.63
1.82
0.83
0.91
0.65
0.73
0.85
0.36
0.82
0.71
1.03
0.52
1.07
0.73
1.13
0.76
0.97
0.71
0.56
1.03
0.73
1.18
0.85
0.92
0.88
0.93
1.91
0.73
0.79
0.73
0.64
0.69
0.62
1.04
0.54
1.11
0.83
1.33
1
0.62
1.04
0.71
0.36
1.65
0.43
1.2
0.83
0.84
0.64
0.75
0.99
1.43
1.58
1.44
1.18
1.08
1.02
0.63
0.62
0.87
1.41
2.07
0.83
0.58
0.52
0.5
0.99
0.87
0.58
0.64
0.58
0.77
1.57
0.77
0.96
0.88
0.89
1.5
0.59
0.79
0.99
0.82
0.75
0.75
0.86
0.66
0.56
0.86
1.26
1.07
0.71
1.3
0.9
0.87
0.71
1.07
0.68
1.24
0.72
0.63
0.49
1.14
0.64
1.24
0.68
0.78
0.6
0.73
1.2
1
0.72
1.43
1.09
1
0.98
0.56
0.91
0.89
0.94
0.75
0.76
0.85
1.29
1.69
0.98
0.86
0.88
0.56
0.97
0.65
0.87
0.9
1.01
0.66
0.7
0.58
0.98
0.59
1.12
1.02
0.58
0.51
1.1
1.02
0.79
0.59
1.1
1.21
0.61
0.76
0.68
0.5
1.41
0.62
1.33
1.29
0.66
0.62
1.73
0.54
2.27
1.2
0.63
0.89
0.62
0.85
1.5
0.58
0.65
0.63
0.86
0.98
1.41
0.96
0.69
0.75
1.26
1.76
1.13
0.58
0.49
0.58
0.95
0.65
0.96
0.59
0.84
1
0.62
0.62
0.81
0.48
0.63
0.66
1.2
0.92
0.84
0.95
1.52
0.83
0.8
0.41
1.15
0.61
1.05
1.37
0.88
0.7
0.68
0.91
0.96
1.45
1.25
0.83
1.29
0.55
0.93
0.56
0.6
0.91
0.83
0.82
0.77
0.63
0.82
0.9
1.34
1.12
1.51
0.64
0.51
0.65
1
0.86
0.63
0.95
0.69
0.93
1.75
0.55
0.77
1.15
0.88
1.39
0.44
0.72
0.72
1.03
0.54
1.14
1.13
1.13
0.47
0.71
1.46
0.51
0.9
0.49
1.36
0.97
1.42
1.29
0.72
1.16
0.78
0.63
1.14
0.56
1.02
0.74
1.19
0.74
0.98
0.82
0.76
0.96
0.83
1.98
1.08
1.07
1.39
0.79
0.53
1.37
0.73
1.06
0.73
1.29
0.84
0.62
0.98
0.5
0.49
0.93
0.59
0.92
1.03
0.79
1.2
0.59
1.04
0.92
0.75
1.07
0.5
3.07
0.88
0.49
0.53
0.82
1.32
0.76
0.84
1.01
1.08
0.89
0.62
0.9
1.04
0.88
0.79
0.59
0.81
0.54
0.57
0.95
0.83
1.16
0.7
0.54
0.59
1.35
0.57
1.09
0.77
0.44
0.51
0.58
1.13
0.6
0.6
0.61
0.55
1.17
0.85
0.66
1.05
0.66
1.25
0.93
0.99
1.31
0.7
1.32
1.77
1.3
0.86
0.93
0.61
1.09
0.7
1.15
1.36
1.48
1.94
0.69
0.62
1.22
1.01
0.69
0.48
0.84
1.85
1.24
1.05
1.28
0.69
1.18
0.69
1.44
0.92
0.49
0.67
1.43
0.71
1.12
1.17
0.71
0.57
0.52
0.53
0.54
1.38
1.34
1.13
0.56
0.69
0.44
1.09
0.87
1.04
0.88
0.59
0.52
0.94
0.89
0.9
1.07
0.65
0.45
0.59
0.83
0.72
0.94
0.47
2.77
0.85
0.54
0.98
0.46
0.88
1.8
0.88
0.63
0.77
0.87
0.72
0.85
0.96
0.77
1.9
0.9
0.79
0.5
0.99
0.76
1.28
1.55
1.03
0.71
0.52
0.52
1.6
1.25
0.66
1.54
1.21
1.7
0.84
1.34
1.1
0.53
0.6
0.99
1.16
0.65
1.34
0.69
0.89
0.74
1.02
0.42
0.43
2.04
1.23
0.55
0.89
0.77
1.1
0.73
1.65
0.87
0.48
0.79
1.13
0.68
0.5
0.69
0.76
0.86
0.92
0.67
1.33
0.53
0.68
0.53
1.05
0.74
0.51
1.06
0.9
1.76
0.65
0.52
1.19
1.06
0.45
0.65
0.62
1.14
0.8
0.53
0.54
0.86
0.73
1.06
2.33
0.81
0.81
0.94
0.81
0.98
0.6
0.83
0.92
1.17
0.87
0.93
1.08
0.9
1.32
0.58
0.73
0.61
0.59
1.24
1.12
0.9
0.86
0.62
0.54
0.71
0.54
0.99
1.06
0.48
1.94
0.73
0.99
1.51
0.75
0.88
0.62
0.83
0.83
0.71
0.51
0.85
1.06
0.67
0.61
0.74
0.69
0.85
0.81
0.85
1.82
0.43
0.54
0.81
0.93
0.85
0.48
0.82
0.51
0.91
1.33
1.01
0.86
0.8
1.28
0.58
0.51
1.25
1.07
0.84
0.57
0.89
0.64
1.65
1.3
1.23
0.73
0.83
0.81
1.13
1.62
1.28
0.81
0.84
0.58
1
0.58
0.91
0.73
0.81
0.54
0.91
1.05
0.64
0.81
0.79
0.9
1.19
0.8
0.67
0.8
1.05
0.79
1.4
0.85
0.62
0.79
1.25
0.92
0.42
1.09
0.97
1.34
0.64
1.62
0.77
0.67
2.38
0.97
0.92
0.64
0.54
0.4
1.13
0.96
1.11
1.54
0.87
0.82
0.68
0.52
0.6
0.78
0.88
0.71
0.85
0.64
1.27
1.53
1.69
0.79
0.88
0.9
0.89
0.73
0.71
0.8
1.42
0.55
0.78
0.63
0.99
0.78
0.74
0.9
0.52
0.82
0.62
0.73
0.86
0.51
1.05
1.82
0.76
0.43
0.41
2.29
0.69
0.89
1.01
0.96
0.92
1.3
1.04
1.5
0.99
0.43
0.82
1.23
0.68
1.19
1.73
1.21
0.82
0.78
0.84
1.29
0.85
0.71
0.64
1.09
1.76
0.65
0.84
0.56
0.74
1.01
1.37
0.63
1.75
0.98
1.03
0.44
1.27
1.1
0.97
1.05
2.31
0.59
0.96
1.28
1.58
0.46
4.12
0.44
0.88
0.81
0.52
0.5
0.51
1.08
0.86
1.91
0.96
0.86
0.57
0.48
1.46
0.57
0.51
0.67
0.67
0.83
0.89
0.78
0.83
0.48
0.86
1.74
0.84
0.53
1.34
1.02
0.54
0.54
1.13
0.44
1.23
1.25
0.67
0.87
0.62
0.93
0.86
0.51
1.24
0.87
0.66
0.47
0.9
1.75
0.96
0.89
1.26
0.79
1.17
1.42
0.93
2.5
1.19
0.46
0.77
1.22
1.14
1.1
0.91
1.5
1.15
0.74
1.25
1.25
1.34
0.76
0.88
0.76
1.44
1.03
0.69
0.73
0.4
1.36
0.82
0.94
0.87
0.52
0.48
0.93
0.73
0.37
0.63
0.8
0.65
0.78
1.28
2.31
0.99
1.44
0.89
0.59
1
0.93
0.88
0.68
1.24
0.62
0.64
0.67
0.59
1.01
0.72
0.72
0.42
0.96
0.66
1.06
0.82
1.2
0.81
0.97
0.8
0.73
0.57
1.21
0.88
0.65
0.56
1.47
1.92
0.95
0.46
0.83
0.74
0.84
1.62
0.89
0.75
0.65
0.76
0.94
0.44
1.35
0.51
0.88
0.68
0.64
0.77
0.73
0.94
0.96
0.64
0.77
0.8
0.77

0.81
0.85
0.47
0.55
1.02
0.85
0.8
0.73
0.93
1.17
0.61
0.68
0.94
0.73
0.54
0.57
0.81
0.85
1.1
0.55
1.64
0.61
1.8
0.81
0.84
1.56
0.48
0.77
0.7
0.55
0.61
1.08
0.9
0.91
1.87
0.88
0.6
0.86
0.65
0.82
0.99
0.8
1.1
0.92
0.69
0.89
0.57
0.84
1.14
1.81
0.8
0.51
0.83
1.82
1.31
0.85
1.08
0.56
1.06
1.16
1.33
0.94
1.62
0.95
1.32
1.06
0.68
0.49
1.05
1.19
1.13
0.77
0.5
0.9
1.87
1.39
0.87
0.52
0.6
1.15
1.1
1.86
0.7
1.18
0.56
0.9
0.88
1.61
0.67
0.77
0.65
1.76
0.79
0.58
0.85
1.33
1.01
0.54
1.1
0.93
0.72
0.75
0.75
0.49
0.9
1.6
0.8
1.85
1.23
0.54
0.64
0.84
0.71
0.61
0.97
1.04
1.1
1.11
0.57
0.72
0.87
1.22
1.24
1.69
1
1
0.77
0.68
1.03
0.58
1.02
1.07
0.96
0.94
1.44
0.82
0.84
0.87
1.85
1.07
1.61
0.66
1.31
0.48
0.54
0.6
1.76
1.25
0.63
1.28
0.59
1.08
1.31
0.77
0.82
1.69
1.05
0.74
0.87
1.04
0.75
0.88
0.75
0.75
1.59
0.76
0.6
1.05
0.84
0.78
0.74
0.76
0.33
0.82
0.52
0.55
0.6
1.24
0.75
2.43
0.52
0.84
0.87
0.67
0.73
0.52
0.62
1.27
0.84
0.81
0.71
0.78
1.25
0.5
1.09
1.38
0.54
0.66
0.48
0.85
0.54
0.57
0.86
0.97
0.95
1.69
0.52
0.88
0.81
1.25
0.82
0.53
0.76
1.54
0.77
0.88
1
1.19
0.76
0.63
0.91
1.12
0.69
0.55
0.75
0.84
1.25
1.05
1.86
1.23
1.15
0.57
0.73
0.61
0.62
0.72
1
0.62
1.28
0.83
1.04
0.49
1.19
0.37
0.45
0.81
0.58
0.54
1.01
1.39
0.63
0.52
1.11
0.51
1.68
1.3
0.97
0.97
1.48
0.92
1.62
0.87
1.03
0.78
0.67
0.78
0.72
0.87
0.46
1.4
1.09
0.84
0.76
1
1.04
0.83
0.62
0.57
0.89
0.63
0.89
1.11
0.99
1.3
0.61
0.59
0.5
1.12
1.16
0.97
0.97
0.7
0.86
0.7
0.5
0.72
1.03
0.86
0.68
0.67
0.55
1
1.25
0.82
0.73
0.66
0.63
0.86
0.54
0.64
0.72
1.22
0.39
0.95
0.94
0.67
1.31
0.7
0.88
1.31
1.15
1.15
0.74
0.54
0.87
0.67
0.99
0.73
1.06
0.72
0.72
1.02
1.2
0.57
0.52
0.84
0.78
1.3
0.94
0.82
0.97
1.41
0.63
2.73
0.65
1.21
0.63
1.96
0.77
0.57
0.42
0.96
0.58
0.91
1.46
0.43
1.53
0.81
0.58
0.93
0.75
0.51
0.69
0.39
0.53
0.92
0.82
1.17
0.74
1.22
0.81
0.94
1
0.89
0.58
0.86
0.65
1.01
1.17
0.6
0.53
1.22
0.6
0.91
1.54
0.55
