0.59707
0.56006
0.58057
0.64113
1.1405
0.91226
0.84625
0.6927
0.88504
0.7941
0.72263
0.56295
0.74249
0.77595
0.87048
0.79329
1.1605
0.92383
0.72028
0.99089
0.92845
0.78198
0.91128
0.7574
0.91866
1.0409
0.60338
1.0793
0.88506
1.0329
0.6881
0.97671
0.94935
0.7587
0.79928
1.0213
0.71713
0.89371
0.75507
0.794
0.79321
0.68794
0.65768
1.1436
0.77755
1.1217
0.81982
0.77891
1.0051
1.0889
0.99273
1.031
0.7607
0.68223
0.88356
0.74763
0.74585
1.0557
0.79403
0.82479
0.73748
0.90205
0.95381
0.7817
0.7618
0.62624
1.165
0.79683
0.49295
0.98162
0.56916
0.83368
0.86289
0.65537
1.0265
1.2048
0.70013
0.91479
0.8619
1.1173
0.86029
0.77889
0.88271
0.9381
0.8747
0.99873
0.79752
0.73655
1.1491
0.68182
0.83857
0.86291
1.0141
0.92056
0.89433
1.1016
0.55893
0.97437
1.0437
0.77773
0.71494
0.75272
0.93662
0.75478
0.93633
0.81462
0.84109
0.8283
0.9171
0.75487
0.84311
1.0012
1.0117
0.60201
0.75561
0.8958
0.63345
