-0.0029987
0.018492
0.020586
0.016044
0.0001392
0.016173
-0.0037575
-0.0031187
-0.011986
0.033917
0.0081918
0.047969
0.021746
-0.0043666
0.0079383
-0.024011
-0.031745
0.010957
0.022744
-0.0077026
0.0061782
0.0035578
0.0096639
0.026631
-0.029253
-0.0030746
0.065694
-0.01448
0.0039118
-0.013737
0.051165
-0.025673
0.026034
-0.012508
0.050508
-0.0054787
0.0099678
-0.021175
-0.008562
0.042425
0.035657
0.06579
0.030725
-0.022993
0.017365
-0.037997
-0.00063992
0.017952
0.0054182
-0.012428
-0.010539
-0.029193
-0.024828
0.045235
0.016416
0.02324
-0.0078692
-0.018546
0.059766
-0.0046164
0.020112
0.035577
-0.014791
0.0036494
0.035299
0.029869
-0.027148
0.0027057
0.065619
-0.024094
0.0057204
-0.015298
-0.018959
0.08672
0.023483
-0.0046341
0.057732
0.0010895
0.00020776
-0.03226
0.00045735
-0.011953
0.00017053
0.01412
-0.018805
-0.029527
-0.00093647
0.0011342
-0.024843
0.00093432
0.011181
-0.0049937
0.002027
-0.0055481
-0.029847
-0.020475
0.0065357
-0.013717
-0.024165
-0.0058775
0.012549
-0.0001924
0.021392
0.034151
-0.018969
0.0072223
0.0091005
0.010185
-0.0081123
-0.0015532
-0.00074101
-0.017406
0.015812
0.070947
0.037801
-0.0038408
0.0025691
