0.52975
0.45663
0.51606
0.39347
0.76325
0.73046
0.71473
0.53214
0.69606
0.63829
0.63174
0.5589
0.62061
0.67566
0.6943
0.43668
0.78239
0.70824
0.59185
0.72034
0.689
0.69358
0.73717
0.6379
0.7131
0.72021
0.62687
0.75358
0.69656
0.65738
0.40524
0.65789
0.74607
0.54211
0.5975
0.75373
0.49353
0.57675
0.64591
0.67198
0.54831
0.58265
0.59165
0.71028
0.55199
0.70256
0.63188
0.51949
0.74106
0.71256
0.74276
0.69485
0.63394
0.5685
0.6747
0.69094
0.64352
0.78881
0.58106
0.73788
0.5515
0.74217
0.65607
0.69525
0.66596
0.58395
0.79396
0.66176
0.4359
0.72682
0.40612
0.66302
0.72065
0.55687
0.75338
0.78991
0.51602
0.69395
0.72547
0.76029
0.63014
0.71811
0.67518
0.71785
0.68612
0.7135
0.6577
0.66652
0.7795
0.66082
0.6471
0.66853
0.75938
0.69988
0.62276
0.73044
0.47494
0.59522
0.7404
0.69245
0.6497
0.68116
0.73304
0.63005
0.72331
0.74055
0.68774
0.69019
0.73706
0.6211
0.72771
0.74175
0.7631
0.5578
0.68614
0.70556
0.5617
