193.45
182.88
155.45
64.11
184.71
152.005
168.575
96.56
190.37
152.2
139.375
135.275
105.655
117.85
153.55
113.26
240.64
219.165
213.19
170.04
169.82
155.095
203.185
143.165
181.76
188.11
141.595
170.255
237.875
156.54
70.32
188.06
198.68
122.66
121.06
180.39
131.65
131.55
82.925
120.925
88.83
133.25
140.175
196.43
186.69
215.51
106.23
193.56
176.9
197.62
226.375
209.19
149.155
75.06
85.01
131.165
143.01
195.76
56.01
185.825
70.6
150.95
135.295
148.215
118.865
105.065
153.32
166.425
71.305
201.615
66.925
145.24
244.285
154.46
222.14
146.31
66.775
136.36
197.925
191.23
202.745
141.41
261.63
188.115
205.96
223.605
202.64
208.365
132.04
130.09
118.985
199.76
210.305
169.445
185.475
149.775
110.565
206.69
201.765
186.235
155.02
173.78
158.475
98.405
185.405
183.095
179.785
195.24
141.305
178.335
144.475
220.03
137.415
118.17
142.16
175.68
197.14
