0.266265
0.466886
0.110244
0.438091
1.37429
0.230944
0.380063
0.423798
0.696126
0.418663
0.384701
0.168287
0.153434
0.251775
0.333648
0.15614
0.165206
5.18232
0.213991
0.135133
0.317281
0.393984
0.666669
0.484774
0.676371
0.324294
0.157458
0.163147
0.722468
0.743158
0.438287
0.241515
0.101116
0.544995
0.694807
0.272888
0.790818
2.78473
1.01605
0.692857
0.332972
0.724226
0.397447
2.81434
0.734992
0.482358
0.122746
0.372091
0.357211
1.03611
0.4458
0.343172
0.300959
0.298198
0.330917
0.158198
1.54111
0.383421
0.491468
0.444785
0.354619
0.627047
0.495737
0.561957
0.506347
0.655553
0.348789
0.102619
0.184497
1.5766
1.01711
0.911659
0.103094
0.144851
0.246141
0.0925947
0.879589
0.21866
0.458206
0.559566
0.264388
0.603744
0.244388
0.281024
0.631472
0.365013
0.529158
0.3959
0.222048
1.15561
0.641214
0.354338
0.107701
0.170227
0.180699
0.637679
0.488607
0.891227
0.16686
0.155176
0.171103
0.396131
0.697396
0.639593
0.697035
0.084326
0.0973319
0.849222
0.840761
0.37627
0.367478
0.999366
1.01613
0.15645
0.307612
0.663574
0.188469
0.194763
0.209115
0.424766
0.420943
0.802228
0.271173
0.889577
1.05874
0.79595
0.416886
0.45276
0.304241
0.593413
0.26098
0.151716
0.145167
0.264391
0.741048
0.363259
0.39635
0.807536
0.65579
0.719643
0.217643
0.435055
0.147785
0.282428
0.179583
0.114866
0.634326
0.504996
1.0373
0.177887
0.232048
0.350266
0.25252
0.415895
0.298191
0.296623
0.423433
0.472322
0.642066
0.442278
0.371436
0.310205
