0.0715758
0.0483897
0.0285443
0.105216
0.0675837
0.0794932
0.0532602
0.0616161
0.103512
0.128054
0.134684
0.0392659
0.0426662
0.102824
0.100497
0.0436142
0.0397948
0.648226
0.0537186
0.0467873
0.0988834
0.12511
0.311976
0.245147
0.0844154
0.0828537
0.0269904
0.0273548
0.146526
0.142507
0.112893
0.0883277
0.0256805
0.114517
0.145321
0.13487
0.11198
0.157956
0.151974
0.133614
0.0964326
0.11409
0.158578
0.236313
0.10489
0.136733
0.0448957
0.0919527
0.0360519
0.089367
0.15567
0.163733
0.0515741
0.121347
0.0708832
0.0482253
0.211549
0.0627734
0.114774
0.139722
0.0595658
0.109011
0.135991
0.149841
0.147188
0.14652
0.0825877
0.0402676
0.0433585
0.125406
0.2306
0.287057
0.035995
0.0457061
0.0575266
0.0324436
0.0711097
0.0461117
0.0752441
0.0881675
0.101161
0.110611
0.076585
0.0709917
0.157542
0.136548
0.169393
0.0590512
0.0573999
0.206975
0.187025
0.0810184
0.0421059
0.053498
0.0632497
0.1771
0.158512
0.11214
0.0427036
0.0469973
0.0570582
0.108867
0.131934
0.106477
0.144255
0.0230936
0.0184893
0.24979
0.289556
0.108018
0.0947223
0.288716
0.208061
0.0279139
0.0668967
0.105278
0.0505071
0.0607103
0.0718764
0.075161
0.0640733
0.100329
0.071113
0.435006
0.384962
0.141376
0.126742
0.177297
0.106121
0.0867959
0.068944
0.0651819
0.0336464
0.0504622
0.120818
0.0995576
0.0769985
0.124449
0.304478
0.347287
0.109841
0.132794
0.0455024
0.0592795
0.031802
0.0382217
0.261957
0.226562
0.0632501
0.0401881
0.103775
0.0843133
0.0757961
0.0852644
0.0557706
0.0772853
0.114059
0.150044
0.107076
0.0547623
0.0489514
0.0280336
