0.0465296
0.052637
0.0224763
0.0824781
0.136413
0.0525013
0.0650952
0.0788338
0.106628
0.0868783
0.0805879
0.0227819
0.0232459
0.0621872
0.0651484
0.0223366
0.028059
0.8653
0.0405841
0.0288488
0.0615038
0.0648946
0.138332
0.108866
0.100511
0.0657754
0.0183681
0.020447
0.0913874
0.105288
0.0864899
0.054531
0.0197697
0.0964336
0.0981534
0.0744627
0.0966047
0.359822
0.148233
0.143071
0.0751757
0.129129
0.0732806
0.361042
0.0805091
0.0958541
0.024115
0.0727729
0.0374401
0.141589
0.0776028
0.0647787
0.0500325
0.0611371
0.0504569
0.0264154
0.202831
0.0592742
0.0728434
0.0828576
0.0500544
0.100161
0.0804974
0.0901085
0.0844898
0.108213
0.069164
0.0210702
0.0248468
0.196948
0.147813
0.207111
0.0208157
0.0276224
0.0376241
0.0184167
0.0900267
0.034347
0.057982
0.0713082
0.0468535
0.0743636
0.0483388
0.0531401
0.127714
0.0769007
0.111454
0.0565388
0.0385847
0.161815
0.138559
0.0548579
0.023585
0.0362176
0.0370052
0.124483
0.111353
0.101114
0.0259121
0.0237596
0.0309164
0.0840715
0.107805
0.104912
0.143624
0.01287
0.0131326
0.157427
0.157363
0.0512296
0.0642982
0.21894
0.156034
0.0276147
0.0513025
0.0835714
0.035056
0.03653
0.0373934
0.0740542
0.0675633
0.112976
0.048607
0.237914
0.213218
0.119149
0.0888583
0.102839
0.0704614
0.0793836
0.0381276
0.0328857
0.0201215
0.0308894
0.103295
0.072077
0.0628999
0.0927291
0.166368
0.162146
0.0424587
0.06534
0.0288764
0.0526515
0.0320379
0.0249931
0.156271
0.127072
0.106677
0.0244304
0.0459554
0.0559951
0.0435748
0.0684797
0.0429631
0.0652876
0.0818835
0.0757417
0.119393
0.0605507
0.0570095
0.0426913
