877.710842
795.378624
805.334755
807.872989
821.596204
717.086230
732.041159
730.175705
842.924365
704.931162
702.848272
751.192953
751.664324
723.188071
724.228122
811.063489
813.067011
747.597653
847.860828
847.013116
811.422635
809.232821
757.312118
757.481884
748.184288
744.978677
699.494418
701.706075
806.289374
805.612018
765.329460
765.798381
553.824491
568.064705
542.676662
826.759206
578.431626
712.914304
821.700169
820.080914
754.167132
755.849040
551.067626
789.702721
573.993435
803.522543
773.681661
828.581826
626.207800
726.425186
623.295667
620.567329
730.409363
848.833384
803.357839
804.837875
852.180764
767.082918
784.933174
785.337588
739.186824
739.694365
778.705468
779.688595
728.776967
731.313933
776.798469
730.286933
732.097683
758.319153
738.461819
741.543137
772.174359
714.118484
714.129765
735.158326
735.409301
821.166114
768.223777
768.119655
738.028852
739.650234
785.095285
784.938005
758.983047
740.365417
741.629841
724.211114
729.447282
703.686824
704.078806
558.676340
560.188109
737.421167
738.685579
809.474894
810.689360
760.716275
765.154415
753.314513
753.092259
785.040069
785.889991
827.701198
827.332685
806.719622
809.882091
724.456191
721.544377
752.319102
753.726518
769.879102
774.979088
760.270493
758.780130
728.097631
727.906932
818.755527
818.429106
787.353541
789.156583
794.594185
797.217066
844.767693
849.915859
819.727956
823.214606
854.309250
859.816923
731.165146
812.032886
812.485459
792.268923
792.327441
797.285326
796.744505
812.925716
814.358568
821.794249
816.825585
841.998100
842.344134
816.222873
818.290992
845.842193
848.205187
743.780345
744.315250
796.485754
794.008662
779.840561
779.297533
781.955896
782.003322
830.860738
787.732120
786.364100
800.970569
800.231291
803.177546
784.012040
785.762715
