28.385457
22.788454
24.367350
26.778551
29.616841
15.150238
21.954869
21.070818
32.680986
29.708418
27.936363
21.096469
21.859124
20.035459
24.215230
20.103838
19.752154
89.261937
22.644459
21.632235
28.579803
22.706395
27.858455
26.281369
30.945034
38.231857
15.333598
18.545539
34.908714
33.721444
20.403236
19.298786
10.905170
23.406162
25.381067
21.526343
19.125479
68.926200
45.363277
43.074752
27.298139
33.233599
12.997304
55.351057
23.474945
39.172897
33.301284
36.298278
20.573384
23.735336
20.067760
22.444874
26.379216
22.754035
28.223314
21.487560
40.054720
29.991234
26.071142
25.507906
34.780508
26.703687
20.362773
33.785917
27.634668
28.585419
28.271825
16.482587
19.747739
49.521333
35.211667
34.415916
24.099156
24.031524
25.551435
19.639069
28.412305
38.577466
16.395001
18.836482
18.051956
24.307149
26.979371
26.286337
31.641482
23.929726
24.136838
20.716572
19.073659
38.104920
29.701518
21.378243
13.742147
22.427859
18.266791
26.194979
28.289197
22.041249
17.877890
16.918701
21.242120
32.577377
34.864751
30.215422
32.625329
12.629820
13.627395
39.695304
37.407784
23.692287
22.670310
28.363178
24.904767
18.534902
20.832836
26.177880
31.528346
25.133796
25.608784
27.809575
28.948239
26.850388
21.768268
32.664740
31.639704
38.258882
31.855162
23.361516
21.103010
24.524023
17.480175
17.386418
20.910479
24.081343
32.140786
29.651060
30.151825
39.168891
28.318693
30.184015
27.204039
30.177834
39.687738
32.208250
19.515347
20.602085
26.976158
24.534787
26.211736
24.411231
25.758883
21.177734
23.483262
20.116967
21.624235
24.972146
26.596674
23.545113
28.290984
22.534117
21.292279
17.829589
