225.68
204.88
132.60
174.89
159.46
193.34
178.62
168.13
180.36
161.47
159.14
197.50
204.70
226.00
203.18
205.67
210.80
22.14
212.81
220.01
195.77
248.71
150.13
170.08
157.07
148.25
222.15
229.84
169.76
145.86
165.58
158.79
187.87
119.81
132.10
247.49
139.38
78.84
113.01
108.20
130.06
129.57
194.28
55.58
138.19
111.70
195.84
172.53
266.74
144.02
182.54
193.73
180.05
158.36
188.37
250.85
85.48
135.58
164.32
168.45
180.16
162.90
188.36
173.91
123.93
141.47
147.50
222.69
217.78
155.36
94.04
138.30
215.45
227.01
270.01
221.19
158.26
216.10
200.15
218.71
171.89
178.30
185.13
183.37
123.63
138.94
160.56
146.99
165.48
86.60
111.28
162.53
199.71
172.64
161.45
188.60
176.96
163.58
174.46
261.00
266.46
113.77
102.65
133.70
94.73
246.17
300.45
93.83
101.61
198.05
182.90
135.03
152.96
218.17
149.59
152.51
159.96
210.05
210.85
186.68
175.82
140.61
165.07
139.63
132.43
140.52
116.95
173.32
203.33
141.96
230.55
201.84
194.91
179.29
160.16
131.26
160.08
168.04
165.42
173.83
267.20
207.66
192.91
187.69
203.72
251.46
126.42
145.59
202.39
262.41
203.94
222.48
213.16
187.76
207.45
138.84
129.80
151.14
115.92
157.53
178.67
184.64
