13.41
13.51
13.84
13.99
14.00
14.01
14.11
14.12
14.14
14.23
14.25
14.29
14.34
14.37
14.45
14.48
14.56
14.58
14.59
14.66
14.68
14.71
14.71
14.72
14.80
14.81
14.85
14.85
14.86
14.87
14.93
15.02
15.06
15.08
15.10
15.13
15.13
15.16
15.20
15.28
15.31
15.35
15.36
15.38
15.38
15.39
15.43
15.43
15.45
15.47
15.49
15.54
15.54
15.58
15.59
15.60
15.62
15.67
15.71
15.73
15.86
15.88
15.90
15.97
15.99
15.99
16.03
16.06
16.20
16.24
16.25
16.27
16.33
16.33
16.47
16.54
16.57
16.57
16.63
16.78
16.83
16.98
17.10
17.28
17.39
17.49
17.63
17.95
18.51
