1503557.107599
1271142.745702
1433693.839126
1634204.628907
1501040.279830
1798894.367236
1401008.915902
1509885.002111
1389169.795105
1509696.137931
1260429.932279
1445408.175713
1540132.335767
1680248.217714
1642266.753994
1531939.247049
1458592.829898
1513721.166816
1634029.459355
1260167.505430
1354325.783315
1610852.372808
1658541.290137
1437573.669422
1351989.413055
1470468.394760
1779415.508805
1678778.966381
1721813.718696
1526888.578896
1479875.985257
1449027.258451
1480327.748216
1320950.302587
1859349.339302
1872300.511322
1420440.827599
1610634.708227
1378893.546713
1839658.657589
1281777.876467
1836258.429369
1569921.413754
1841039.367582
1654695.907619
1354412.886384
1429304.027821
1630132.358205
1349726.412858
1692026.436080
1307047.211834
1516356.006884
1336208.784826
1696664.860124
1561690.016488
1749641.421521
1674600.205033
1531027.157441
