1.573
1.618
1.621
1.625
1.648
1.656
1.665
1.665
1.690
1.696
1.719
1.730
1.737
1.738
1.753
1.755
1.762
1.763
1.789
1.820
1.829
1.836
1.837
1.839
1.850
1.870
1.920
1.923
1.931
1.934
1.937
1.945
1.960
1.962
1.987
1.988
2.006
2.009
2.031
2.061
2.061
2.067
2.081
2.087
2.096
2.108
2.135
2.162
2.188
2.204
2.205
2.211
2.216
2.219
2.223
2.230
2.249
2.260
2.262
2.287
2.290
2.328
2.334
2.335
2.345
2.350
2.369
2.376
2.382
2.382
2.389
2.396
2.400
2.405
2.437
2.446
2.471
2.471
2.473
2.483
2.486
2.489
2.502
2.505
2.518
2.529
2.546
2.555
2.630
