2.717
2.743
2.792
2.825
2.836
2.838
2.854
2.861
2.863
2.870
2.895
2.902
2.902
2.911
2.914
2.923
2.928
2.929
2.934
2.935
2.936
2.948
2.955
2.966
2.977
2.979
2.981
2.982
2.986
2.987
2.997
3.001
3.004
3.012
3.020
3.020
3.027
3.029
3.030
3.040
3.041
3.045
3.050
3.056
3.056
3.062
3.073
3.076
3.079
3.084
3.089
3.090
3.092
3.094
3.096
3.098
3.101
3.103
3.103
3.105
3.105
3.113
3.116
3.122
3.123
3.124
3.135
3.138
3.144
3.151
3.151
3.152
3.173
3.181
3.183
3.185
3.189
3.191
3.235
3.239
3.270
3.272
3.288
3.313
3.315
3.322
3.389
3.400
3.468
