2.284
2.378
2.381
2.411
2.414
2.444
2.463
2.468
2.492
2.494
2.501
2.504
2.525
2.529
2.529
2.535
2.555
2.556
2.565
2.571
2.584
2.589
2.593
2.593
2.600
2.600
2.605
2.607
2.607
2.608
2.609
2.620
2.624
2.625
2.626
2.628
2.629
2.633
2.647
2.654
2.666
2.669
2.673
2.677
2.687
2.689
2.689
2.697
2.705
2.710
2.711
2.711
2.711
2.712
2.715
2.721
2.722
2.723
2.729
2.729
2.729
2.732
2.734
2.739
2.740
2.753
2.765
2.766
2.778
2.798
2.818
2.818
2.873
2.880
2.885
2.889
2.891
2.895
2.915
2.921
2.925
2.929
2.951
2.970
2.972
2.978
3.015
3.049
3.157
