2.348
2.399
2.422
2.428
2.429
2.438
2.465
2.496
2.496
2.506
2.508
2.525
2.532
2.552
2.564
2.564
2.578
2.578
2.579
2.581
2.581
2.587
2.589
2.591
2.591
2.598
2.607
2.610
2.610
2.617
2.621
2.631
2.640
2.641
2.656
2.661
2.663
2.674
2.675
2.679
2.694
2.725
2.727
2.739
2.739
2.748
2.753
2.763
2.769
2.773
2.804
2.812
2.814
2.816
2.820
2.821
2.841
2.843
2.861
2.866
2.867
2.870
2.883
2.885
2.886
2.895
2.907
2.907
2.909
2.922
2.925
2.938
2.943
2.945
2.967
2.969
2.969
2.981
2.987
2.996
3.082
3.093
3.109
3.114
3.165
3.197
3.199
3.224
3.237
