3.048
3.188
3.207
3.251
3.291
3.297
3.310
3.360
3.399
3.411
3.431
3.473
3.483
3.484
3.484
3.495
3.503
3.505
3.519
3.537
3.539
3.551
3.551
3.553
3.560
3.586
3.588
3.594
3.597
3.598
3.600
3.627
3.646
3.652
3.659
3.677
3.679
3.681
3.690
3.690
3.692
3.699
3.711
3.713
3.729
3.745
3.757
3.761
3.761
3.772
3.779
3.779
3.789
3.792
3.796
3.804
3.806
3.812
3.830
3.835
3.869
3.882
3.888
3.899
3.903
3.933
3.940
3.943
3.969
3.972
3.983
3.989
4.019
4.024
4.062
4.063
4.072
4.082
4.083
4.098
4.166
4.180
4.189
4.252
4.263
4.276
4.309
4.327
4.381
