1336885
1279108
1433147
1192810
1453566
1186885
1453518
1170317
1215952
1254629
1274630
1502814
1350321
1224543
1408927
1211238
1093346
1283443
1265895
1246683
1309854
1194186
1319498
1289063
1402842
1342356
1409932
1343944
1482675
1275257
1204170
1423224
1105903
1492073
1216353
1170834
1165451
1192712
1054745
1479161
1029677
1208181
1402886
1336526
1268724
1209557
1214071
1325006
1210951
1344902
1135337
1394683
1262759
1182852
1155713
1191672
1143790
1185859
1149909
1195517
1149019
1358251
1225733
1170880
1275827
1164695
1053837
1179863
1126922
1303077
1352887
1101370
1178060
1499017
1313361
1196479
1021724
1314517
1136142
1212648
1131549
1305597
1322395
1282789
1349404
1220699
1268515
1390525
1205230
1108167
1080635
1173858
1528051
1412349
1167299
1364778
1422797
1295444
1453139
1093693
1230059
1356633
1283857
1024430
1142366
1515086
1435024
1410604
1246942
1355714
1164598
1111868
1246465
1304864
1271327
1225187
1420868
1231510
1181718
1102045
1157438
1246927
1405485
1556366
1472164
1210808
1199027
1350789
1198559
1256943
1057646
1130704
1104649
1239707
1166036
1105199
1278061
1150862
1236761
1125659
1292646
1458059
1193096
1384058
1520974
1063322
1301086
1267316
1129724
1365559
1496645
1226023
1415426
1179532
1358707
1411998
1213350
1081487
1167087
1217299
1440435
1159194
1253628
1214502
1213681
1223320
1262928
1185672
1256830
1308722
1165208
1134687
1148075
1073736
1273404
1331031
1175846
1479298
1314972
1478728
1220142
1325090
1082069
1212153
1251840
1126318
1300508
1199564
1193298
1461645
1107933
1147231
1161341
1425525
1266874
1514867
1197016
1373021
1062274
1223562
1178971
1390923
1297456
1127152
1185420
1133560
1235276
1420394
1350032
1148547
1273779
1437152
1092289
1272331
1315065
1264446
1168308
1347759
1260496
1368932
1219830
1154044
1122470
1291888
1275448
1245700
1143441
1252916
1071221
1240951
1227013
1106671
1228812
1381764
1356390
1401827
1254590
1284409
1230632
1387035
1493541
1231872
1103495
1240553
1235444
1155195
1220581
1313858
1242785
1224343
1378585
1300639
1182876
1244941
1307506
1114675
1406543
1481993
1379158
1385965
1227206
1297341
1238613
1450772
1217726
1517634
1161237
1381251
1289456
1578979
1187544
1069597
1425081
1267652
1499189
1351501
1075190
1270778
1420437
1070458
1097432
1061494
1205488
1230108
1112806
1327211
1443901
1431818
1215840
1136733
1215113
1096641
1437911
1390081
1201098
1165102
1312922
1062230
1185282
1380284
1150585
1261557
1163679
1158490
1392820
1361248
1231025
1312592
1360594
1388911
1269864
1350813
1264800
1259461
1502466
1347894
1256157
1243448
1144917
1061848
1330886
1095145
1213387
1344010
1024804
1615393
1364851
1155562
1123211
1375947
1096844
1276063
1183283
1514633
1477934
1173004
1260276
1242069
1232776
1488715
1141676
1354627
1161877
1413029
1156500
1225857
1372533
985065
1223021
1226672
1353307
1210285
1449658
1299267
1207119
1224863
1268193
1195740
1650232
1116938
1127084
1388072
1165528
1168646
1360255
1304098
1174271
1285195
1114570
1272489
1178206
1336437
1409394
1069461
1153946
1163684
1252710
1238171
1219168
1132444
1235384
1370344
989350
1140732
1092596
1329862
1285567
1401433
1144999
1520196
1271686
1155651
1468581
1230394
1255831
1272325
1131422
1462681
1224696
1255673
1441234
1338374
1135943
1426556
1235391
1358151
1456191
1221144
1389137
1419741
1395882
1211714
1133631
1187212
1050558
1070752
1393896
1197355
1349155
1291124
1083167
1281185
1292959
1589339
1189565
1384823
1338010
1310378

1163319
1383911
1226379
1405035
1453253
1275285
1415733
1302876
1381410
1116976
1056495
1185469
1237488
1393645
1324614
1023022
1109850
1211080
1512146
1263674
1257374
1348538
1196778
1185110
1488007
1449417
1378550
1217142
1399363
1260408
1241071
1274852
1262635
1412233
1314025
1086663
1503144
1118508
1236617
1227922
1280768
1267112
1169715
1180220
1265585
1138139
1145540
1015445
1367305
1133140
1498993
1492527
1125156
1150548
1155235
1176045
1321718
1289538
1164662
1276899
1160055
1255856
1429220
1520464
1247851
1285660
1095783
1457673
1160978
1153787
1276001
1271663
1219875
1294974
1425663
1220091
1633715
1351436
1283746
1028243
979875
1058547
1435291
1110396
1172457
1165609
1094168
1287131
1094864
1153474
1185485
1100826
1198317
1097804
1170626
1389061
1466748
1241665
1080448
1278471
1257689
1130829
1381069
1113794
1464040
1551362
1068646
1282064
1479549
1242475
1472670
1154898
1202416
1362184
1101660
1100064
1355224
1165606
1117603
1145495
1270668
1189864
1618031
1274970
1018579
1389177
1242869
1231117
1259130
1041366
1301983
1168139
1187899
1271080
1186583
1104810
1073143
1251415
1371090
1213287
1186454
1283869
1294083
1119062
1431807
1314392
1328724
1164887
1198608
1086626
1194215
1372162
1226578
934693
1206672
1004278
1247990
1185728
1310825
1095145
1166041
980455
1100776
1363458
1510813
1421831
1128168
1211265
1203414
1293219
1363034
1358219
1258909
1189605
1179822
1263134
1164008
1192267
1048577
1118821
1237177
1250007
1260611
1303704
954197
953041
1270818
1173876
1116982
1207213
1184781
1211451
1498422
1374613
1492137
1176366
1369996
1223189
1340515
1494780
1522799
1016846
1068984
1342433
1160758
1433638
1367552
1232940
1093008
1229662
1100851
1127640
1324951
1255095
1472296
1128636
1284371
1164972
1277373
1074011
1286748
1417619
1269133
1153710
1230971
1159190
1461264
1454945
1220619
1030708
1242082
1117476
1307131
1065030
1168173
1474852
1394137
1288814
1260742
1218569
1346383
1169319
1284707
1272358
1420642
1423800
1147093
1299695
1309267
1440310
1355104
1307254
1177008
1208383
1270627
1416416
1000328
1136292
1335255
1621363
1287375
1494614
1182047
1362828
1228719
1170401
1211842
1198386
1147043
1262563
1296262
1221114
1089991
1707380
1164473
1310042
1352574
1257155
1299151
1379721
1174173
1217391
1432676
1346883
1400146
1414482
1172177
1306799
