0.011646
0.008762
0.006527
0.019224
0.007090
0.007292
0.010437
0.004571
0.004790
0.014723
0.011548
0.022715
0.013538
0.006363
0.011886
0.013074
0.004960
0.028931
0.017148
0.021291
0.020318
0.009744
0.004399
0.006028
0.008363
0.008265
0.007515
0.007576
0.009904
0.006901
0.004550
0.016555
0.011541
0.022913
0.009746
0.006761
0.012549
0.005486
0.014952
0.014178
0.007274
0.025681
0.023988
0.015456
0.010713
0.011112
0.013575
0.008485
0.005975
0.013679
0.011324
0.006653
0.003539
0.007309
0.010144
0.009853
0.011680
0.003678
0.008885
0.007544
0.010203
0.011210
0.013628
0.007305
0.008187
0.010044
0.010569
0.009891
0.004854
0.006683
0.010557
0.010522
0.005765
0.007454
0.012622
0.005700
0.006390
0.002352
0.006620
0.006906
0.005680
0.017495
0.012924
0.010635
0.006057
0.009137
0.008335
0.012543
0.009795
0.011662
0.003533
0.007707
0.010837
0.012743
0.005776
0.010390
0.008024
0.011256
0.010930
0.008075
0.011196
0.005203
0.009922
0.011778
0.007339
0.015459
0.015275
0.009443
0.014188
0.014392
0.008815
0.011637
0.009856
0.011919
0.019583
0.008341
0.007543
0.007629
0.014057
0.006584
0.006022
0.009076
0.013359
0.016068
0.003577
0.010610
0.006824
0.009827
0.008972
0.016214
0.008517
0.009457
0.011876
0.013183
0.011678
0.005584
0.003786
0.007595
0.010635
0.010654
0.008766
0.006009
0.006007
0.014189
0.007101
0.011883
0.008305
0.007757
0.005255
0.020591
0.011596
0.006100
0.008559
0.008487
0.010426
0.018722
0.010851
0.011370
0.011031
0.017691
0.019082
0.018335
0.008076
0.011860
0.006977
0.003849
0.009271
0.008982
0.007451
0.003370
0.011372
0.014192
0.007275
0.003224
0.011488
0.005383
0.006091
0.007326
0.007177
0.010175
0.009257
0.004868
0.015720
0.012022
0.013153
0.004581
0.015334
0.010866
0.006306
0.007782
0.011913
0.010886
0.013719
0.012693
0.008026
0.007650
0.018650
0.020174
0.008080
0.012758
0.009974
0.010789
0.011118
0.003791
0.016570
0.008766
0.006934
0.008857
0.010362
0.009088
0.013356
0.006843
0.013614
0.008168
0.014640
0.013311
0.008006
0.013464
0.010438
0.010354
0.015353
0.013279
0.014701
0.017218
0.017995
0.011560
0.013251
0.007446
0.019931
0.011500
0.002334
0.011766
0.004963
0.009822
0.012074
0.009493
0.011703
0.011447
0.005893
0.006563
0.008095
0.017535
0.017804
0.014636
0.009881
0.012346
0.004541
0.016869
0.008675
0.010771
0.025375
0.010815
0.010843
0.011889
0.006862
0.004705
0.009442
0.017343
0.008599
0.007538
0.013787
0.008371
0.010244
0.018973
0.012296
0.006911
0.011371
0.009698
0.009773
0.011025
0.036371
0.003839
0.017730
0.003215
0.011908
0.007833
0.008170
0.013282
0.012643
0.010825
0.009071
0.012639
0.010371
0.006803
0.007887
0.014205
0.012416
0.013219
0.005395
0.006547
0.014446
0.012996
0.008804
0.009142
0.005416
0.005660
0.013846
0.007955
0.005986
0.005692
0.014321
0.011491
0.010214
0.019273
0.008975
0.011737
0.014860
0.014722
0.020219
0.024693
0.005846
0.018897
0.007217
0.014228
0.010631
0.010293
0.009973
0.011647
0.012687
0.019273
0.008304
0.011832
0.009347
0.012277
0.003255
0.016242
0.004869
0.007816
0.009452
0.008338
0.006077
0.014524
0.009696
0.012063
0.010770
0.009084
0.008744
0.004543
0.013177
0.010529
0.006259
0.011187
0.010707
0.016004
0.024884
0.004229
0.008602
0.005286
0.009883
0.011353
0.005730
0.070542
0.010683
0.007551
0.011325
0.021824
0.010803
0.019365
0.011252
0.001850
0.010154
0.007734
0.005589
0.004280
0.009553
0.006994
0.009933
0.015419
0.011395
0.011534
0.017317
0.004960
0.027790
0.006476
0.009515
0.010763
0.005434
0.008485
0.016232
0.010684
0.008891
0.010817
0.007300
0.014496
0.006665
0.006937
0.014083
0.009795
0.009336
0.008390
0.006959
0.006002
0.006442
0.018412
0.010947
0.015101
0.011044
0.014361
0.009003
0.011847
0.015892
0.009479
0.010751
0.013382
0.005486
0.013607
0.022235
0.006897
0.015879
0.008964
0.008956
0.007517
0.007820
0.021611
0.007694
0.012464
0.021433
0.010076
0.012788
0.008040
0.005725
0.010227
0.009175
0.055869
0.010518
0.004889
0.011214
0.007586
0.013098
0.018016
0.009185
0.013588
0.010970
0.016541
0.019730
0.014242
0.013599
0.007693
0.019789
0.006872
0.012158
0.005984
0.008676
0.008783
0.007751
0.013395
0.008602
0.008305
0.017991
0.014990
0.007680
0.009034
0.012064
0.014738
0.007465
0.011345
0.017619
0.018588
0.012237
0.013561
0.013001
0.003162
0.012652
0.009089
0.005319
0.012760
0.004640
0.008451
0.007242
0.012956
0.015152
0.014598
0.021356
0.009885
0.012338
0.010810
0.008470
0.007968
0.005426
0.008825
0.012911
0.008825
0.004333
0.007100
0.010249
0.008580
0.009741
0.016266
0.007942
0.012425
0.011623
0.009684
0.011649
0.007413
0.004259
0.022748
0.012487
0.004642
0.005665
0.019817
0.009039
0.010221
0.009706
0.006475
0.053384
0.014970
0.021548
0.010251
0.011881
0.008434
0.007005
0.005103
0.005828
0.008518
0.011381
0.007504
0.014292
0.006775
0.003691
0.016875
0.010484
0.011453
0.005583
0.017199
0.009944
0.015552
0.012829
0.007805
0.018482
0.007982
0.009052
0.007339
0.014589
0.034889
0.012680
0.014476
0.004658
0.006088
0.006565
0.009422
0.006291
0.008468
0.011071
0.014468
0.013092
0.011559
0.008434
0.007090
0.009773
0.006002
0.008539
0.014942
0.009622
0.011626
0.010145
0.007849
0.003164
0.011675
0.012762
0.010833
0.016488
0.014027
0.007581
0.002152
0.011448
0.010700
0.007053
0.015936
0.009679
0.010846
0.012498
0.011499
0.010898
0.019092
0.013535
0.004525
0.013240
0.004569
0.018090
0.016405
0.012104
0.010880
0.005901
0.004043
0.014561
0.008017
0.015422
0.013620
0.013381
0.008221
0.008324
0.010845
0.009911
0.007722
0.010020
0.012971
0.010948
0.007818
0.021316
0.021717
0.009277
0.017498
0.011590
0.010991
0.017581
0.016539
0.009713
0.009245
0.008586
0.006270
0.025196
0.007687
0.007016
0.020163
0.008502
0.012053
0.009585
0.006030
0.013036
0.014703
0.008917
0.004807
0.012030
0.011978
0.011025
0.022037
0.029839
0.016421
0.015378
0.024092
0.008977
0.009578
0.018196
0.012006
0.007519
0.010984
0.007403
0.008040
0.007994
0.012581
0.010367
0.008178
0.016047
0.015858
0.008951
0.015877
0.005146
0.013258
0.008106
0.007003
0.008213
0.004882
0.015625
0.015982
0.016318
0.019895
0.007123
0.016401
0.004864
0.013471
0.010754
0.017059
0.012312
0.018312
0.013166
0.008079
0.015060
0.009223
0.016510
0.007374
0.008126
0.008561
0.012591
0.012872
0.008004
0.014507
0.010232
0.004052
0.011697
0.013463
0.012974
0.009243
0.011154
0.005486
0.009758
0.008314
0.009802
0.025184
0.010236
0.015004
0.011473
0.012257
0.007977
0.003534
0.034171
0.031996
0.006433
0.021224
0.006227
0.012455
0.011407
0.013149
0.011399
0.008355
0.008377
0.016089
0.008311
0.004873
0.008780
0.007433
0.009186
0.012144
0.009259
0.006147
0.007292
0.005028
