0.20243
0.36078
0.38624
0.22592
0.20208
0.31206
0.17918
0.25798
0.42902
0.17904
0.19639
0.2718
0.26139
0.22259
0.26647
0.19263
0.31641
0.24304
0.3398
0.30065
0.2762
0.33788
0.36455
0.34029
0.19527
0.2149
0.12598
0.35755
0.2041
0.29955
0.26465
0.30222
0.25345
0.21586
0.33541
0.21247
0.39698
0.41578
0.26939
0.30914
0.088286
0.32951
0.16086
0.17257
0.23251
0.32508
0.20445
0.25943
0.26573
0.28055
0.22267
0.30847
0.22461
0.15498
0.16233
0.45135
0.41471
0.32494
0.22118
0.25453
0.24782
0.24335
0.24335
0.36443
0.38649
0.24337
0.3599
0.20892
0.25016
0.24949
0.3091
0.35398
0.16186
0.15047
0.34192
0.22937
0.227
0.12178
0.26255
0.38512
0.28457
0.32051
0.32457
0.24994
0.24102
0.31788
0.23049
0.49463
0.33859
0.2052
0.2222
0.41173
0.35688
0.43041
0.2858
0.31914
0.23808
0.37147
0.20737
0.20839
0.36178
0.27959
0.16651
0.22814
0.24982
0.17324
0.37539
0.20502
0.26457
0.18084
0.46598
0.39004
0.394
0.2992
0.18688
0.29137
0.35298
0.2231
0.23594
0.20486
0.30749
0.54453
0.2692
0.28343
0.37071
0.24063
0.30782
0.30296
0.26643
0.22269
0.19647
0.25769
0.25173
0.25616
0.31449
0.22598
0.27673
0.40596
0.18422
0.23684
0.34318
0.3041
0.269
0.18537
0.23027
0.33316
0.33839
0.22696
0.26765
0.30092
0.24822
0.33888
0.16749
0.33786
0.30367
0.22331
0.28437
0.17667
0.16349
0.38535
0.37682
0.3252
0.222
0.26124
0.2029
0.22514
0.21859
0.28931
0.25984
0.37037
0.3782
0.26186
0.16857
0.21449
0.2299
0.35629
0.29808
0.22694
0.19271
0.19104
0.27984
0.37388
0.28159
0.23333
0.276
0.14769
0.22218
0.18249
0.28659
0.30363
0.29859
0.25208
0.23278
0.45965
0.28578
0.22827
0.25024
0.25878
0.29094
0.22112
0.27869
0.30543
0.27178
0.32561
0.18255
0.26814
0.32543
0.25908
0.28608
0.30037
0.17933
0.27416
0.32751
0.3481
0.30892
0.25643
0.32933
0.19559
0.2328
0.3459
0.28939
0.29161
0.35678
0.1369
0.19973
0.42565
0.35484
0.18588
0.25196
0.44496
0.26216
0.33998
0.23904
0.35459
0.48698
0.30516
0.32427
0.3182
0.31447
0.17512
0.39916
0.16355
0.32096
0.20529
0.32071
0.23167
0.29963
0.24624
0.23557
0.42588
0.25335
0.40961
0.26657
0.27141
0.229
0.41522
0.24292
0.36316
0.25288
0.20904
0.24108
0.3908
0.20924
0.24941
0.31222
0.25576
0.31233
0.16076
0.26353
0.35241
0.23096
0.21973
0.42953
0.38212
0.2461
0.18835
0.25367
0.23837
0.27476
0.28486
0.36531
0.23951
0.18129
0.31345
0.34884
0.2218
0.19698
0.39653
0.40586
0.24239
0.32104
0.26698
0.24437
0.20931
0.22622
0.3108
0.27473
0.16669
0.3512
0.23596
0.31273
0.27427
0.41039
0.16322
0.27431
0.34053
0.25586
0.34657
0.21433
0.51963
0.15231
0.33408
0.25663
0.19153
0.43451
0.25069
0.51529
0.32004
0.27496
0.28806
0.2852
0.33429
0.52145
0.24167
0.31984
0.30357
0.15337
0.32849
0.24776
0.20396
0.32267
0.28167
0.38318
0.4178
0.39249
0.24759
0.27153
0.33529
0.30743
0.18745
0.19873
0.20053
0.20449
0.38947
0.24778
0.37214
0.44688
0.36629
0.18982
0.4248
0.4022
0.16043
0.33359
0.33059
0.22757
0.26114
0.29167
0.30798
0.28508
0.30816
0.29218
0.25504
0.37206
0.13288
0.33886
0.16363
0.27186
0.20867
0.25365
0.331
0.25086
0.25261
0.32324
0.32696
0.36878
0.38345
0.1969
0.2688
0.19386
0.30188
0.39537
0.19692
0.37141
0.20669
0.13792
0.26737
0.30398
0.20176
0.46241
0.13716
0.27398
0.37478
0.20843
0.44927
0.31016
0.28482
0.31233
0.26984
0.26429
0.27022
0.22939
0.23051
0.33312
0.21776
0.45012
0.44445
0.35692
0.23445
0.32714
0.18051
0.24943
0.2172
0.29031
0.46943
0.25731
0.47271
0.28871
0.36157
0.29396
0.27106
0.1482
0.32845
0.34253
0.26837
0.49922
0.24869
0.25151
0.18478
0.33071
0.29704
0.22382
0.31692
0.25839
0.19012
0.21035
0.19402
0.40729
0.31588
0.29296
0.31539
0.25222
0.27904
0.4441
0.35051
0.27196
0.28729
0.31245
0.29859
0.38916
0.24496
0.36645
0.23582
0.28012
0.22596
0.16686
0.35927
0.086816
0.49749
0.2279
0.29035
0.35643
0.1629
0.33831
0.16992
0.25041
0.16057
0.42406
0.3628
0.22208
0.26716
0.303
0.40504
0.22622
0.2411
0.37522
0.32067
0.33365
0.27478
0.27151
0.22443
0.2452
0.32529
0.16006
0.24159
0.37106
0.3278
0.23514
0.30398
0.26069
0.43735
0.23243
0.19078
0.26737
0.28482
0.25371
0.28592
0.18749
0.172
0.25494
0.28498
0.25871
0.20898
0.23424
0.16953
0.31786
0.37965
0.20441
0.28467
0.28818
0.29978
0.21776
0.27424
0.48486
0.22808
0.297
0.20537
0.28057
0.2822
0.38053
0.17288
0.26482
0.16714
0.33592
0.3192
0.29463
0.34259
0.24778
0.24657
0.15524
0.19188
0.19278
0.33549
0.2909
0.25533
0.25527
0.39039
0.26271
0.41392
0.338
0.24702
0.39667
0.22043
0.13524
0.4279
0.16312
0.22592
0.30592
0.24033
0.32988
0.29373
0.1422
0.22355
0.3252
0.59651
0.21945
0.23876
0.32122
0.12837
0.26916
0.28716
0.27298
0.19724
0.21253
0.28549
0.30849
0.25563
0.31165
0.33563
0.061633
0.38684
0.31796
0.2149
0.25824
0.28106
0.16771
0.30494
0.36151
0.24441
0.31259
0.37988
0.17204
0.21353
0.26518
0.50496
0.2131
0.39051
0.29494
0.18949
0.22231
0.272
0.15424
0.29629
0.21686
0.34449
0.27522
0.2042
0.32573
0.3512
0.25165
0.34012
0.34706
0.19445
0.3909
0.34808
0.19378
0.20816
0.31135
0.32731
0.33663
0.33073
0.2028
0.24761
0.17598
0.2638
0.14363
0.30437
0.25308
0.37369
0.33992
0.23059
0.1399
0.29445
0.24396
0.37282
0.24249
0.18522
0.34314
0.16747
0.28588
0.25371
0.2878
0.28463
0.36171
0.3178
0.16555
0.12696
0.24504
0.30265
0.30908
0.15051
0.22271
0.39767
0.25847
0.30682
0.32935
0.21688
0.30847
0.13598
0.254
0.24598
0.363
0.32169
0.28194
0.32647
0.33941
0.32251
0.30896
0.25108
0.29012
0.19773
0.3172
0.28327
0.3671
0.25329
0.20833
0.22373
0.32643
0.28451
0.38767
0.32304
0.42055
0.321
0.36437
0.27665
0.19831
0.34104
0.29833
0.23622
0.17035
0.168
0.33718
0.33173
0.24759
0.24167
0.17678
0.18702
0.25735
0.296
0.29865
0.37029
0.25433
0.37769
0.30496
0.37937
0.28086
0.26124
0.29202
0.34973
0.28927
0.25437
0.20684
0.27327
0.32967
0.23292
0.33039
0.33141
0.26512
0.28345
0.37641
0.28312
0.34112
0.20635
0.21839
0.20651
0.30931
0.24296
0.1651
0.223
0.37418
0.34484
0.44986
0.24533
