0.58728
0.46352
0.63336
0.592
0.3108
0.53536
0.57152
0.4466
0.67544
0.60588
0.45532
0.60724
0.61384
0.6354
0.66452
0.31228
0.40988
0.54652
0.38328
0.44952
0.49976
0.56244
0.5056
0.62972
0.27788
0.52864
0.3528
0.67564
0.69688
0.52764
0.4838
0.62808
0.40276
0.54944
0.47016
0.50708
0.53048
0.5644
0.41876
0.54496
0.45852
0.66832
0.36692
0.51156
0.3508
0.5578
0.4098
0.43352
0.35464
0.27444
0.3312
0.41476
0.3944
0.641
0.37076
0.64832
0.57548
0.6156
0.57752
0.52416
0.55188
0.471
0.49272
0.52992
0.7188
0.33712
0.532
0.41528
0.33296
0.721
0.39208
0.61776
0.39704
0.3484
0.55632
0.48516
0.59068
0.53268
0.47572
0.55628
0.43096
0.66272
0.51324
0.42352
0.715
0.48372
0.47856
0.3578
0.4328
0.54916
0.3844
0.29208
0.46768
0.53048
0.43196
0.4802
0.4534
0.578
0.35628
0.43804
0.379
0.45072
0.46856
0.49428
0.4012
0.5036
0.65836
0.35388
0.34212
0.51844
0.56136
0.50144
0.5334
0.45708
0.4196
0.57232
0.47968
0.48488
0.3694
0.35452
0.54036
0.42704
0.56376
0.38268
0.59972
0.53528
0.36236
0.37712
0.41784
0.4468
0.30684
0.42472
0.45036
0.56908
0.58496
0.33664
0.4224
0.48388
0.15832
0.37288
0.568
0.63056
0.60336
0.41404
0.4112
0.55632
0.48692
0.35528
0.50228
0.44716
0.43256
0.52636
0.35828
0.54928
0.37988
0.57768
0.54556
0.44968
0.47196
0.63152
0.55292
0.39548
0.5238
0.5396
0.52488
0.4758
0.61332
0.44716
0.41972
0.47848
0.5524
0.41376
0.4016
0.57564
0.47604
0.57608
0.56072
0.54568
0.4386
0.36632
0.51648
0.56544
0.5678
0.53276
0.47404
0.39128
0.48832
0.542
0.55136
0.45192
0.46564
0.56812
0.54604
0.50056
0.4028
0.49
0.29284
0.579
0.40576
0.3816
0.521
0.61628
0.34276
0.55124
0.4884
0.35256
0.40404
0.6802
0.47796
0.3848
0.43672
0.30976
0.52668
0.46504
0.48084
0.43708
0.47972
0.49588
0.31468
0.57056
0.58476
0.58708
0.7498
0.30324
0.44408
0.49464
0.35088
0.37056
0.3642
0.5604
0.51252
0.5866
0.36368
0.41524
0.30384
0.38656
0.60616
0.48876
0.47996
0.35032
0.44344
0.35076
0.56148
0.2994
0.70228
0.61988
0.58148
0.21544
0.49508
0.3606
0.5838
0.54468
0.66012
0.5398
0.475
0.63968
0.51112
0.5876
0.37164
0.53288
0.55104
0.56264
0.37256
0.52608
0.58776
0.476
0.44392
0.33796
0.47484
0.4026
0.4042
0.41256
0.489
0.55712
0.4822
0.28076
0.43904
0.59852
0.47976
0.43888
0.48956
0.5536
0.59552
0.38692
0.42564
0.40628
0.38864
0.607
0.67896
0.30724
0.59684
0.49228
0.4116
0.35028
0.4818
0.51884
0.49888
0.43832
0.41524
0.50992
0.46356
0.5452
0.49152
0.4992
0.55948
0.47744
0.56492
0.69476
0.47944
0.57932
0.30668
0.34076
0.46624
0.35732
0.6786
0.28348
0.88388
0.47876
0.50652
0.4592
0.53048
0.63236
0.67712
0.49988
0.63164
0.59912
0.56924
0.48324
0.5458
0.63792
0.4906
0.489
0.56148
0.46764
0.37252
0.52044
0.32476
0.69052
0.29852
0.37536
0.45376
0.48208
0.52412
0.64968
0.5332
0.65224
0.6316
0.63692
0.47016
0.31448
0.52284
0.47012
0.50232
0.22996
0.603
0.52448
0.63624
0.5782
0.48676
0.45528
0.59208
0.38544
0.61664
0.2374
0.55032
0.37204
0.54992
0.33632
0.4638
0.51664
0.38796
0.37292
0.40088
0.54628
0.44872
0.48464
0.34172
0.56152
0.523
0.32116
0.51248
0.32392
0.3834
0.4244
0.38428
0.5222
0.28056
0.4608
0.55112
0.5378
0.58116
0.44896
0.32864
0.32148
0.56932
0.48896
0.52284
0.52308
0.50888
0.53188
0.39676
0.53352
0.42224
0.42112
0.54508
0.48612
0.536
0.36872
0.493
0.3424
0.5184
0.24128
0.44672
0.41772
0.41212
0.33384
0.52376
0.63396
0.61772
0.5082
0.15912
0.59036
0.50068
0.57456
0.69748
0.48208
0.30788
0.23112
0.52908
0.51504
0.51088
0.438
0.41172
0.40756
0.3112
0.44636
0.48232
0.65116
0.37592
0.52592
0.48304
0.5066
0.62948
0.50276
0.54132
0.49948
0.55996
0.51324
0.69924
0.51116
0.53152
0.6488
0.45896
0.50656
0.46524
0.77572
0.48456
0.35652
0.32084
0.6446
0.49196
0.43188
0.53416
0.67756
0.54028
0.365
0.43112
0.461
0.42348
0.55796
0.49536
0.35968
0.34044
0.52816
0.66444
0.52604
0.50128
0.35232
0.45092
0.47856
0.497
0.37352
0.46096
0.528
0.57464
0.58972
0.52828
0.57396
0.37148
0.61272
0.5716
0.53292
0.40176
0.54828
0.33268
0.50904
0.46968
0.61908
0.389
0.48664
0.49564
0.32748
0.49616
0.36784
0.54848
0.32228
0.59992
0.40488
0.43608
0.37516
0.24068
0.62872
0.61784
0.40784
0.48028
0.57408
0.59324
0.66536
0.52024
0.45112
0.46924
0.4936
0.51028
0.47056
0.554
0.60064
0.30368
0.54068
0.33524
0.29728
0.4602
0.43332
0.38656
0.43956
0.43548
0.61572
0.46084
0.55008
0.49868
0.51676
0.70528
0.45672
0.5638
0.59104
0.54252
0.33896
0.55368
0.35328
0.5528
0.53396
0.40556
0.35984
0.57208
0.51116
0.52508
0.5472
0.48952
0.32548
0.35692
0.5518
0.538
0.44024
0.38124
0.49528
0.52168
0.40516
0.477
0.31484
0.53992
0.56712
0.28832
0.41144
0.52088
0.6776
0.34792
0.2908
0.83928
0.32984
0.48908
0.63972
0.449
0.60828
0.6092
0.45856
0.51512
0.56704
0.60952
0.39496
0.2506
0.36196
0.30304
0.43888
0.26624
0.56172
0.50672
0.44148
0.51356
0.57536
0.44076
0.55136
0.45332
0.62344
0.57736
0.47264
0.36888
0.45396
0.59792
0.47764
0.4566
0.47344
0.4506
0.59168
0.25416
0.33704
0.39432
0.50684
0.20232
0.54544
0.60236
0.44796
0.45992
0.37936
0.44528
0.5628
0.58596
0.49236
0.42856
0.19532
0.5506
0.3328
0.42432
0.567
0.57352
0.49088
0.3908
0.28732
0.51124
0.75412
0.40804
0.13376
0.64352
0.49932
0.5316
0.41976
0.32724
0.47532
0.36704
0.465
0.45364
0.53008
0.43372
0.63368
0.38724
0.4982
0.55984
0.5092
0.62524
0.3944
0.43548
0.24832
0.45704
0.33644
0.52348
0.4748
0.52144
0.52456
0.45612
0.5506
0.51212
0.4414
0.27756
0.35752
0.45024
0.45828
0.48564
0.51092
0.59288
0.52504
0.36124
0.55772
0.61128
0.38696
0.4016
0.36676
0.2044
0.39488
0.40472
0.44772
0.38408
0.60272
0.4022
0.47792
0.43092
0.29684
0.43328
0.44152
0.68472
0.55008
0.45292
0.45984
0.43424
0.58856
0.687
0.51128
0.53968
0.536
0.54148
0.45288
0.63044
0.41036
0.54368
0.5534
0.63188
0.4374
0.4488
0.19876
0.3726
0.45228
0.57084
0.65336
0.49876
0.3494
