0.498
0.41775
0.5795
0.44775
0.384
0.47525
0.42675
0.37975
0.265
0.4165
0.28225
0.45575
0.559
0.37225
0.32125
0.297
0.278
0.384
0.39525
0.37175
0.3455
0.24825
0.46875
0.37175
0.29275
0.31625
0.32725
0.30825
0.34325
0.1915
0.2695
0.343
0.5585
0.4475
0.35575
0.39825
0.28075
0.31025
0.28775
0.31975
0.3855
0.4895
0.22825
0.49125
0.304
0.55175
0.39075
0.41475
0.192
0.39275
0.17475
0.2835
0.33225
0.35625
0.179
0.26875
0.247
0.5105
0.35225
0.43075
0.3215
0.271
0.47275
0.28375
0.3375
0.37325
0.4155
0.34175
0.25975
0.244
0.45025
0.31225
0.40775
0.335
0.22225
0.42025
0.599
0.51675
0.385
0.3685
0.47075
0.34525
0.54375
0.30075
0.50975
0.44775
0.36275
0.541
0.23
0.41725
0.29825
0.3045
0.2525
0.64625
0.181
0.369
0.3025
0.15125
0.36325
0.42825
0.346
0.399
0.1535
0.36725
0.16125
0.30525
0.20075
0.1975
0.293
0.50475
0.43175
0.3505
0.50825
0.48975
0.30775
0.37925
0.459
0.3725
0.4055
0.35325
0.337
0.43175
0.332
0.3075
0.31025
0.444
0.22875
0.29725
0.56625
0.1725
0.3035
0.41025
0.3925
0.33025
0.41325
0.46525
0.473
0.33675
0.44325
0.242
0.5025
0.3475
0.45075
0.109
0.1865
0.42275
0.2675
0.50125
0.37775
0.413
0.247
0.439
0.44725
0.22375
0.2895
0.2265
0.229
0.39025
0.37075
0.4325
0.339
0.29475
0.48025
0.27475
0.46125
0.15375
0.32325
0.268
0.219
0.15075
0.41025
0.24175
0.29825
0.27925
0.4245
0.425
0.2055
0.28625
0.1565
0.42325
0.4375
0.33775
0.286
0.42625
0.40025
0.19475
0.32025
0.49025
0.422
0.28325
0.4675
0.35775
0.36875
0.463
0.4605
0.315
0.20025
0.513
0.36625
0.492
0.50925
0.30025
0.459
0.337
0.31725
0.3365
0.3165
0.44075
0.30875
0.311
0.40725
0.357
0.44
0.35425
0.45875
0.40725
0.4055
0.497
0.30475
0.25425
0.4505
0.484
0.4405
0.2735
0.3425
0.367
0.353
0.3605
0.45325
0.197
0.1885
0.34325
0.316
0.61475
0.37475
0.24625
0.44375
0.27875
0.45575
0.39775
0.333
0.308
0.43375
0.38475
0.288
0.409
0.41725
0.341
0.4285
0.42625
0.22525
0.42725
0.30425
0.483
0.573
0.417
0.25325
0.31325
0.43325
0.636
0.15475
0.22875
0.43925
0.4315
0.4175
0.29
0.3285
0.36275
0.1615
0.078
0.37125
0.352
0.52375
0.541
0.412
0.3375
0.44825
0.41925
0.44475
0.43275
0.402
0.3265
0.25875
0.44325
0.319
0.51525
0.299
0.417
0.4575
0.41975
0.48875
0.403
0.47375
0.29425
0.37375
0.40725
0.50225
0.17775
0.35025
0.43575
0.34625
0.5295
0.491
0.5305
0.466
0.36725
0.36475
0.3585
0.1625
0.199
0.22725
0.561
0.356
0.34875
0.4225
0.224
0.44325
0.24525
0.496
0.355
0.24
0.18325
0.43875
0.38525
0.39825
0.283
0.22675
0.3325
0.3175
0.37875
0.4145
0.4605
0.20225
0.23075
0.53625
0.21775
0.348
0.40575
0.32325
0.2985
0.35075
0.442
0.44775
0.31425
0.29425
0.26175
0.3635
0.3275
0.47175
0.5255
0.275
0.3935
0.353
0.5055
0.5235
0.40925
0.562
0.382
0.24725
0.5275
0.4295
0.472
0.5005
0.2585
0.4725
0.48125
0.4505
0.33775
0.39075
0.4215
0.44375
0.291
0.43675
0.37275
0.37925
0.49775
0.37775
0.08425
0.12075
0.0935
0.353
0.449
0.446
0.15675
0.4815
0.35275
0.527
0.222
0.40275
0.5235
0.5115
0.47775
0.17325
0.49825
0.43025
0.4115
0.3235
0.318
0.33875
0.65075
0.41825
0.3415
0.58075
0.34975
0.39825
0.50475
0.29575
0.34
-0.06875
0.2405
0.3955
0.19925
0.47325
0.35025
0.194
0.278
0.29025
0.234
0.47975
0.39075
0.43675
0.50075
0.427
0.42375
0.33525
0.4425
0.3055
0.43
0.40575
0.4615
0.43075
0.3125
0.44675
0.43475
0.39075
0.3665
0.324
0.5735
0.3165
0.3325
0.32075
0.40925
0.373
0.3575
0.42075
0.4185
0.528
0.3205
0.32425
0.3875
0.40125
0.143
0.231
0.23375
0.33125
0.3195
0.2435
0.38775
0.37775
0.311
0.50275
0.36075
0.434
0.356
0.325
0.32175
0.36075
0.2965
0.43375
0.4
0.4535
0.31275
0.41825
0.191
0.6215
0.42225
0.3935
0.3745
0.44775
0.31075
0.29225
0.37525
0.306
0.375
0.29075
0.4395
0.40525
0.321
0.442
0.3125
0.344
0.293
0.33675
0.26775
0.349
0.27175
0.2835
0.39875
0.2705
0.5335
0.5045
0.213
0.3055
0.245
0.3365
0.38275
0.45875
0.45725
0.18675
0.36625
0.28175
0.6235
0.49975
0.21875
0.36075
0.368
0.292
0.46625
0.287
0.477
0.306
0.126
0.22075
0.11175
0.3285
0.43025
0.29775
0.468
0.267
0.347
0.2515
0.402
0.289
0.22625
0.33075
0.1525
0.335
0.36075
0.33525
0.6245
0.225
0.385
0.32875
0.23775
0.38825
0.3745
0.3735
0.3525
0.38375
0.40475
0.4485
0.3175
0.53875
0.3225
0.50725
0.43925
0.33225
0.31525
0.19825
0.189
0.26625
0.20575
0.4595
0.47225
0.43575
0.321
0.39275
0.34225
0.4885
0.34375
0.44375
0.42375
0.4485
0.4045
0.18225
0.26075
0.3735
0.36825
0.398
0.4215
0.3545
0.45675
0.34775
0.144
0.25525
0.41375
0.316
0.29975
0.34875
0.5075
0.2515
0.323
0.32325
0.20275
0.51175
0.31525
0.289
0.41375
0.38475
0.50925
0.382
0.44925
0.44025
0.39475
0.51425
0.54025
0.3995
0.31
0.3115
0.41
0.3905
0.366
0.35525
0.22475
0.21075
0.32225
0.279
0.4095
0.51575
0.35875
0.3245
0.1795
0.24175
0.4405
0.337
0.2905
0.239
0.2625
0.2705
0.48225
0.23775
0.447
0.27125
0.345
0.30075
0.206
0.4025
0.421
0.3155
0.24225
0.363
0.3855
0.26075
0.25
0.249
0.50075
0.333
0.18575
0.476
0.42975
0.297
0.46
0.34875
0.35825
0.38375
0.54175
0.308
0.13375
0.4195
0.21475
0.3635
0.34
0.512
0.26
0.48575
0.209
0.2475
0.2925
0.339
0.34975
0.2425
0.1875
0.42375
0.3405
0.33475
0.4805
0.31725
0.41675
0.32625
0.407
0.466
0.2975
0.41525
0.1385
0.3915
0.443
0.28875
0.3525
0.474
0.4325
0.2535
0.27475
0.32875
0.43425
0.24675
0.38325
0.2085
0.15975
0.4475
0.348
0.34175
0.30225
0.3905
0.471
0.2505
0.37325
0.40825
0.2525
0.40625
0.34925
0.369
0.3335
0.345
0.2565
0.3005
0.2865
0.54425
0.351
0.36875
0.373
0.34775
0.1995
