0.41075
0.17125
0.34975
0.1375
0.12175
0.174
0.22175
0.007
0.4285
0.1275
0.24925
0.09575
0.185
0.24825
0.248
0.2275
0.24225
0.35725
0.24275
0.16
0.20525
0.316
0.095
0.0425
0.08125
0.23525
0.326
0.32225
0.1065
0.1715
0.136
0.16
0.38575
0.3265
0.1855
0.13425
0.2065
0.21975
0.24775
0.29225
0.26825
0.22675
0.15775
0.11175
0.1735
0.12675
0.2345
0.1985
0.1425
0.0185
0.166
0.2585
0.253
-0.043
0.05125
0.37425
0.1125
0.27375
0.24
0.2085
0.197
0.05075
0.092
0.16275
0.16975
0.19375
0.29175
0.25425
0.18275
0.07925
0.31925
0.0955
0.04025
0.104
0.30325
0.1025
-0.042
0.34325
0.08925
0.1935
0.1245
0.38975
0.03125
-0.0625
0.23525
0.276
0.21875
0.061
0.20625
0.1455
0.101
0.333
0.38175
0.346
0.17075
0.17025
0.1045
-0.02575
0.11225
0.22725
0.0755
0.30875
0.1115
0.34625
0.289
0.297
0.178
0.1735
0.0425
0.32525
0.33375
0.28825
0.2165
0.04175
0.15675
0.25675
0.224
0.09875
0.11825
0.0485
0.37475
0.2435
0.2015
0.16175
0.1645
0.1245
0.32425
0.34925
0.30025
0.1275
0.2055
0.23825
0.30375
0.32875
0.18475
0.217
0.29125
0.2615
0.09525
0.02925
0.145
0.22575
0.252
0.2375
0.14
0.2025
0.3555
0.05025
0.42725
0.05925
0.245
0.272
0.27125
0.244
0.335
-0.04
0.1025
0.22125
0.10275
0.07025
0.091
0.13075
0.11325
0.327
0.1035
0.02925
0.245
0.208
0.24825
0.182
0.15675
0.1225
0.0265
0.33625
0.19875
0.2285
0.174
0.117
0.0685
0.2035
0.29825
0.24075
0.159
0.2455
0.24975
0.168
0.09325
0.1365
0.16775
0.23875
0.1855
0.2675
0.181
0.087
0.35025
0.09375
0.083
0.251
0.28975
0.19125
0.037
0.21775
0.0715
0.249
0.1855
0.09125
0.175
0.25425
0.102
0.1915
0.09625
0.24725
0.27925
0.3875
0.2955
0.249
0.2855
0.3095
0.21625
0.34775
0.0415
0.225
0.39025
0.19125
0.18
0.30675
0.18825
0.3055
0.09
0.077
0.1225
0.26975
0.1775
0.0505
0.214
0.1105
0.3125
0.293
0.08175
0.105
0.28175
0.19
0.203
0.22625
0.1965
0.239
0.27025
0.19575
0.17075
0.21125
0.4765
0.309
0.19925
0.215
0.23275
0.33925
0.23675
0.20825
0.21875
0.0975
0.25825
0.1315
0.269
0.1655
0.2675
0.0795
0.35975
0.156
0.1165
0.23775
0.35925
0.3105
0.3695
0.171
0.1845
0.019
0.2425
0.167
0.0555
0.23425
0.50725
0.24125
0.21325
0.20575
0.13225
0.0135
0.1415
0.24025
0.351
0.184
0.2965
0.39325
0.24525
0.04825
0.2915
0.2735
0.358
0.0915
0.128
0.086
0.265
0.3035
0.24125
0.3005
0.14725
0.34375
0.08025
0.1005
0.037
0.23775
0.0895
0.5165
0.2105
0.08
0.4155
0.1995
0.287
0.26475
0.23
0.2915
0.43825
0.2785
0.3485
0.164
0.2975
0.2565
0.0945
0.08675
0.1575
0.17175
0.3315
0.12725
0.2775
0.22075
0.244
0.24325
0.24725
0.367
0.0935
0.17775
0.25175
0.17375
0.0595
0.268
0.13275
0.29675
0.081
0.1465
0.188
0.21
0.053
0.15725
0.30725
0.03975
0.20525
0.22875
0.1805
0.157
0.14125
0.087
0.21875
0.17075
0.2825
0.1305
0.307
0.07
0.41475
0.1655
0.27075
0.2795
0.35425
0.11625
0.188
0.25425
0.18225
0.3955
0.28275
0.133
0.3245
-0.0225
0.07975
0.33725
0.2295
0.14025
0.03
0.13
0.251
0.14825
0.13725
0.271
0.10325
0.02625
0.21975
0.23675
0.161
0.3335
0.2435
0.2575
0.18675
0.17375
0.4345
-0.116
0.37175
0.26675
0.197
0.2935
0.093
-0.039
0.24075
0.00625
0.395
0.14925
0.248
-0.10975
0.2125
0.22025
0.13275
0.195
0.4085
0.177
0.01675
0.09875
0.1285
0.1675
0.255
0.305
0.19275
0.052
0.30375
0.30125
0.135
0.20625
0.349
0.269
0.3055
0.22975
0.153
0.21875
0.2195
0.31625
0.32975
0.2825
0.1325
0.098
0.3225
0.1635
0.10625
0.209
0.29175
0.2125
0.26875
0.252
0.17575
0.13875
0.09725
0.09425
0.2255
0.17225
0.22725
0.1045
0.3125
0.22975
0.0715
0.255
0.29625
0.1805
0.289
0.33775
0.21375
0.13475
-0.0185
0.2715
0.27475
0.023
0.3225
0.321
0.12625
0.16075
0.263
0.28075
0.227
0.2415
0.17525
0.29275
0.0545
0.3045
0.47175
0.348
0.104
0.28425
0.25125
0.0715
0.16875
0.36525
0.127
0.21175
0.22
0.247
0.52375
0.0875
0.17225
0.43625
-0.07175
0.28075
-0.048
0.347
0.1895
0.17
0.12125
0.12375
0.2875
0.33375
0.13025
0.36825
0.27675
0.16775
0.24775
0.2825
0.11225
0.30575
0.26475
0.3305
0.226
0.21675
0.3225
0.38175
0.0105
0.4615
0.15375
-0.0195
0.18175
0.30625
0.05825
0.059
0.3175
0.2935
0.30225
0.23125
0.21625
0.276
0.212
0.26775
0.2935
0.17525
0.13075
0.266
0.17825
0.19875
0.14225
0.00375
0.2985
0.23825
0.394
0.17975
0.179
0.27375
-0.13675
0.20875
0.2345
-0.0525
0.06975
0.17825
0.18175
0.1875
0.20475
0.313
0.21725
0.2645
0.0475
0.04075
0.14875
0.19475
0.327
0.2095
0.2475
0.239
0.27725
0.203
0.40275
0.19425
0.23525
0.0925
0.23425
0.3065
0.13075
0.2635
0.294
0.349
0.34425
0.238
0.45075
0.2715
0.218
0.28775
0.30025
0.22975
0.1215
0.22475
0.2975
0.03625
0.21275
0.246
0.2625
0.13775
0.22375
0.1855
0.22725
0.14475
0.272
0.25075
0.1275
0.3125
0.3325
0.10675
0.24775
0.2165
0.10775
0.343
0.256
0.11975
0.2205
0.305
0.20475
0.07825
0.1395
0.08775
0.10175
0.1975
0.23975
0.13225
0.084
0.293
0.17775
0.161
0.34975
0.15525
0.28725
0.17275
0.3145
0.0645
0.0795
0.3525
0.446
0.18325
0.43825
0.10725
0.15175
0.30125
0.16975
0.1225
0.21125
0.1075
0.1905
0.1445
0.07025
0.1055
0.36375
0.3145
0.14475
0.1095
0.22875
0.1295
0.07625
0.2395
0.16375
0.20875
0.0995
0.2595
0.33425
0.16625
0.46025
0.24275
0.13825
-0.01425
0.285
0.351
0.11075
0.21825
0.2005
0.20425
0.10725
0.243
0.26975
0.2335
0.05775
0.1055
0.32125
0.106
0.14225
0.25725
0.19475
0.17675
0.2185
0.333
0.098
0.03125
0.258
0.20875
0.12975
0.211
0.21525
0.14725
0.54825
0.25825
0.1545
0.31775
0.26675
0.0645
0.10225
0.30375
0.2485
0.05
0.24925
0.163
0.1835
0.19725
0.1385
0.20475
0.374
0.268
0.25125
0.23
