0.63122
0.55056
0.33911
0.41367
0.54356
0.21344
0.56222
0.22656
0.62767
0.61778
0.33544
0.25867
0.553
0.425
0.37167
0.48211
0.36178
0.41144
0.32178
0.55767
0.50267
0.413
0.36044
0.49378
0.25433
0.40078
0.538
0.66189
0.65022
0.3
0.52756
0.58589
0.611
0.56833
0.65733
0.49289
0.35911
0.47211
0.45389
0.22189
0.34522
0.70189
0.435
0.32911
0.38644
0.44622
0.45589
0.42956
0.37522
0.35222
0.22444
0.37156
0.29089
0.60033
0.498
0.58444
0.24567
0.499
0.45411
0.51867
0.37211
0.307
0.43456
0.53667
0.33256
0.50411
0.26767
0.53267
0.30722
0.51178
0.53078
0.55878
0.43689
0.53367
0.70622
0.46822
0.55567
0.18044
0.47889
0.40356
0.42233
0.58389
0.43922
0.43456
0.63944
0.58956
0.21556
0.56689
0.31789
0.23633
0.19533
0.52789
0.47111
0.62278
0.61711
0.14022
0.46778
0.17022
0.21411
0.42822
0.28456
0.114
0.18944
0.52211
0.26389
0.51533
0.45067
0.47456
0.45089
0.47133
0.71778
0.37322
0.56933
0.48522
0.49167
0.695
0.28489
0.37511
0.38956
0.37489
0.66978
0.34389
0.50967
0.63322
0.30167
0.402
0.29333
0.18833
0.29978
0.34611
0.30089
0.37389
0.50022
0.36733
0.42867
0.39011
0.57656
0.46322
0.24511
0.293
0.65167
0.50878
0.26289
0.36122
0.15789
0.62533
0.42722
0.382
0.50111
0.33744
0.32867
0.41411
0.211
0.58389
0.31533
0.25478
0.483
0.40944
0.44056
0.37289
0.39067
0.31867
0.48578
0.56089
0.41422
0.46767
0.59056
0.27289
0.45244
0.62078
0.46111
0.26
0.46944
0.36567
0.67489
0.58956
0.36611
0.52467
0.424
0.42
0.31311
0.54956
0.45756
0.48022
0.241
0.52033
0.37978
0.42533
0.50056
0.46278
0.50022
0.54933
0.26022
0.26511
0.59378
0.36889
0.21733
0.303
0.42989
0.499
0.30256
0.59778
0.31278
0.59867
0.66589
0.40244
0.833
0.61489
0.502
0.48967
0.46778
0.36044
0.28511
0.61444
0.37211
0.32844
0.52611
0.44522
0.25378
0.58789
0.60911
0.39878
0.563
0.27956
0.31778
0.46311
0.54989
0.30344
0.36878
0.42378
0.39133
0.51722
0.43967
0.44878
0.49644
0.299
0.61456
0.39811
0.64767
0.21144
0.63533
0.39889
0.65556
0.45556
0.49867
0.58022
0.73
0.468
0.37189
0.57089
0.44144
0.54989
0.425
0.57989
0.67456
0.55056
0.60311
0.58356
0.29711
0.57411
0.55667
0.36233
0.45978
0.76856
0.31467
0.39578
0.36511
0.35122
0.47811
0.43333
0.674
0.35033
0.43189
0.52156
0.59411
0.39322
0.49344
0.53567
0.55722
0.18022
0.47478
0.471
0.47389
0.22767
0.35344
0.24167
0.41433
0.535
0.54067
0.33711
0.41511
0.60133
0.32422
0.30533
0.55189
0.49311
0.34178
0.54956
0.62478
0.34322
0.44722
0.42433
0.50733
0.40556
0.366
0.67822
0.30378
0.46956
0.39078
0.69044
0.37878
0.327
0.38689
0.26011
0.50733
0.26111
0.39822
0.60922
0.42867
0.50889
0.54567
0.82878
0.60144
0.35411
0.46322
0.41456
0.18622
0.39778
0.41211
0.54267
0.39533
0.60367
0.43689
0.41067
0.47611
0.23433
0.35311
0.49156
0.227
0.39411
0.30744
0.488
0.302
0.49278
0.36744
0.44511
0.51967
0.38222
0.48622
0.56333
0.35467
0.28733
0.40611
0.19756
0.31556
0.52889
0.29156
0.44467
0.546
0.52178
0.64889
0.24311
0.38611
0.37744
0.38244
0.46767
0.52967
0.42089
0.44144
0.29356
0.36833
0.36467
0.28356
0.27067
0.36967
0.45722
0.46378
0.41322
0.33033
0.24478
0.31811
0.54356
0.57689
0.60833
0.31778
0.55422
0.54889
0.42811
0.746
0.31856
0.40889
0.329
0.33567
0.68567
0.56467
0.58767
0.55989
0.72133
0.442
0.36744
0.46567
0.40267
0.52533
0.55478
0.43589
0.44467
0.49189
0.225
0.27311
0.29989
0.184
0.31933
0.29044
0.39044
0.36278
0.46444
0.54378
0.57767
0.50678
0.62311
0.306
0.43178
0.29433
0.299
0.398
0.30011
0.31311
0.22589
0.61878
0.66667
0.46567
0.61422
0.46189
0.44444
0.27811
0.32922
0.277
0.565
0.41244
0.48989
0.47367
0.48711
0.38333
0.50456
0.351
0.46922
0.32278
0.42767
0.39222
0.48389
0.50522
0.68822
0.48256
0.12711
0.081
0.21589
0.38089
0.27567
0.43389
0.338
0.46211
0.38222
0.48189
0.381
0.47367
0.85611
0.18633
0.34033
0.45422
0.42378
0.50767
0.26711
0.28378
0.61278
0.494
0.32044
0.39122
0.34289
0.488
0.41967
0.56178
0.47222
0.19878
0.40578
0.49678
0.53767
0.43
0.53444
0.31289
0.37822
0.44533
0.35611
0.29989
0.48633
0.45156
0.42578
0.44622
0.64333
0.63267
0.34633
0.51656
0.50422
0.57333
0.40433
0.498
0.31222
0.48678
0.71289
0.36856
0.55544
0.17156
0.27289
0.46722
0.62533
0.57778
0.41733
0.47811
0.64389
0.51578
0.42389
0.38133
0.45222
0.42144
0.31522
0.51211
0.39922
0.53056
0.42789
0.45067
0.52844
0.609
0.65911
0.67256
0.56344
0.42611
0.61622
0.30256
0.6
0.445
0.53267
0.51378
0.42733
0.57689
0.40333
0.30578
0.53011
0.58289
0.44033
0.59478
0.34944
0.50233
0.40156
0.49711
0.59878
0.40122
0.31956
0.41833
0.21544
0.41844
0.49456
0.34711
0.279
0.54556
0.53544
0.42689
0.26844
0.45733
0.27467
0.38778
0.80356
0.42711
0.46111
0.18411
0.70411
0.33922
0.36033
0.37122
0.40644
0.33889
0.504
0.26078
0.47856
0.53178
0.50933
0.54633
0.42856
0.40844
0.35156
0.27533
0.36544
0.57011
0.561
0.24489
0.49144
0.39056
0.43878
0.60144
0.33911
0.58956
0.42622
0.51533
0.43356
0.28389
0.39356
0.56789
0.662
0.49544
0.437
0.36722
0.46178
0.38189
0.42211
0.37889
0.40678
0.43622
0.47356
0.22144
0.45544
0.62167
0.49322
0.28967
0.47222
0.43644
0.34456
0.44578
0.37856
0.46711
0.28689
0.45422
0.34989
0.37856
0.51
0.413
0.50567
0.26756
0.357
0.39322
0.34478
0.408
0.24767
0.42922
0.50989
0.38467
0.35756
0.368
0.35667
0.344
0.38922
0.60189
0.27044
0.46511
0.53433
0.44633
0.19533
0.62733
0.44156
0.64778
0.42711
0.50167
0.45289
0.53722
0.19089
0.46078
0.54256
0.41678
0.43467
0.44267
0.32278
0.41344
0.594
0.62844
0.33789
0.33167
0.23311
0.31344
0.73856
0.57689
0.32333
0.50856
0.41078
0.65456
0.40678
0.48944
0.43189
0.23411
0.29089
0.43744
0.53822
0.39444
0.46578
0.35144
0.36933
0.71856
0.59356
0.47567
0.339
0.42711
0.392
0.59267
0.45244
0.36444
0.56822
0.70389
0.576
0.53411
0.41767
0.552
0.13567
0.48867
0.41667
0.517
0.35956
0.36644
0.264
0.54733
0.53767
0.27067
0.57022
0.69644
0.43844
0.64078
0.31589
