0.62967
0.35833
0.30222
0.33411
0.25533
0.31933
0.33489
0.30878
0.25133
0.24222
0.26978
0.22467
0.57989
0.33778
0.41822
0.21078
0.39789
0.31422
0.24433
0.32989
0.41778
0.45133
0.34456
0.26122
0.41378
0.39167
0.44867
0.34178
0.42789
0.33478
0.28856
0.30456
0.23978
0.46522
0.31544
0.31444
0.59444
0.37722
0.36944
0.19367
0.28044
0.38244
0.19656
0.35044
0.40311
0.42567
0.18844
0.59656
0.39422
0.019222
0.32767
0.36189
0.326
0.15733
0.12833
0.42733
0.43133
0.52878
0.42533
0.37589
0.34611
0.17844
0.40378
0.39922
0.30711
0.454
0.36989
0.52322
0.34989
0.30778
0.405
0.35611
0.30244
0.40911
0.42267
0.43289
0.35867
0.16689
0.337
0.51267
0.054889
0.50422
0.32322
0.38089
0.48233
0.46622
0.27489
0.14
0.385
0.23744
0.0043333
0.33367
0.44178
0.32478
0.17389
0.30656
0.56456
0.33356
0.12933
0.11678
0.21367
0.34644
0.19956
0.36844
0.28956
0.34844
0.25467
0.39056
0.14133
0.35511
0.28356
0.55056
0.31667
0.40767
0.33444
0.36444
0.46889
0.32867
0.54578
0.30333
0.39689
0.20133
0.32389
0.34389
0.20133
0.13589
0.32689
0.27322
0.29756
0.44467
0.16133
0.32378
0.29367
0.42722
0.40544
0.18256
0.32889
0.334
0.396
0.21333
0.28544
0.26089
0.50067
0.31933
0.268
0.16389
0.37911
0.28711
0.36078
0.31744
0.423
0.39489
0.39933
0.44989
0.29889
0.27778
0.20678
0.23422
0.24056
0.41344
0.42089
0.25567
0.25022
0.34922
0.36322
0.14211
0.53889
0.38711
0.33789
0.27822
0.15478
0.076556
0.146
0.28678
0.32656
0.36567
0.20311
0.457
0.19411
0.30056
0.45289
0.31956
0.63511
0.31844
0.28544
0.166
0.25022
0.31389
0.39167
0.14944
0.141
0.40089
0.35111
0.41111
0.25222
0.36778
0.35011
0.297
0.50778
0.34744
0.31611
0.32689
0.19078
0.441
0.33644
0.22989
0.33911
0.35222
0.32167
0.39178
0.56556
0.15578
0.28189
0.25778
0.342
0.19356
0.37856
0.56811
0.57011
0.312
0.26444
0.25278
0.44278
0.28567
0.385
0.34456
0.24278
0.37411
0.22989
0.33889
0.25767
0.232
0.54133
0.32933
0.45344
0.16467
0.282
0.31422
0.229
0.33478
0.46489
0.17644
0.379
0.39022
0.43189
0.55344
0.38067
0.45544
0.39067
0.35111
0.49733
0.14122
0.391
0.44411
0.26144
0.56044
0.20622
0.24756
0.198
0.44056
0.22733
0.42789
0.26633
0.33611
0.46933
0.18522
0.36689
0.26233
0.43333
0.32633
0.32989
0.38156
0.48678
0.48211
0.35278
0.22311
0.29511
0.21778
0.36156
0.25489
0.37311
0.34122
0.26567
0.15144
0.27833
0.33156
0.38633
0.507
0.22622
0.41333
0.26478
0.47889
0.091444
0.29533
0.13067
0.42322
0.47644
0.48667
0.28622
0.403
0.32767
0.46178
0.30167
0.19233
0.37956
0.12911
0.34711
0.24067
0.26289
0.19078
0.20656
0.57478
0.25967
0.35578
0.31122
0.28578
0.53833
0.39389
0.45078
0.32767
0.22733
0.277
0.28811
0.16511
0.34922
0.32856
0.30389
0.46344
0.314
0.45711
0.31933
0.22733
0.41867
0.31722
0.29267
0.14822
0.15533
0.32967
0.17322
0.50533
0.217
0.31111
0.35078
0.28811
0.30611
0.28978
0.090889
0.25522
0.33244
0.15322
0.25278
0.33933
0.32178
0.20056
0.34356
0.24622
0.52689
0.34433
0.31289
0.24633
0.31622
0.33433
0.31411
0.16444
0.41356
0.31867
0.30144
0.11789
0.13711
0.15233
0.41333
0.19044
0.346
0.40144
0.39211
0.29167
0.29056
0.28867
0.45856
0.43211
0.30367
0.23511
0.20956
0.33889
0.15911
0.35933
0.54656
0.24722
0.58633
0.24267
0.27622
0.233
0.24278
0.30378
0.34844
0.24278
0.50333
0.35744
0.30522
0.30289
0.48889
0.39922
0.37444
0.31644
0.37956
0.28711
0.43411
0.24189
0.061889
0.070667
0.31744
0.30944
0.18067
0.24167
0.24467
0.419
0.18867
0.39922
0.58433
0.32678
0.33167
0.36289
0.36433
0.51989
0.54922
0.18067
0.21289
0.21767
0.31789
0.389
0.41056
0.30244
0.39489
0.40833
0.28078
0.33589
0.15244
0.31589
0.44644
0.519
0.47456
0.36722
0.39756
0.52433
0.23
0.39556
0.40611
0.411
0.57622
0.40489
0.414
0.14078
0.47622
0.22611
0.18311
0.24022
0.18867
0.27644
0.12933
0.47633
0.39167
0.22222
0.48522
0.28222
0.55533
0.72589
0.35467
0.21356
0.28322
0.42356
0.30056
0.18222
0.30633
0.30133
0.47056
0.56356
0.301
0.32233
0.23822
0.56933
0.47089
0.49678
0.34322
0.427
0.57478
0.22789
0.41456
0.52478
0.23044
0.32089
0.20067
0.28233
0.14967
0.30589
0.24744
0.40767
0.35567
0.47878
0.70422
0.44467
0.34322
0.60078
0.56422
0.36244
0.45789
0.26722
0.56422
0.11389
0.28933
0.21778
0.081778
0.30411
0.31422
0.33733
0.27811
0.33967
0.28033
0.17478
0.71756
0.35333
0.32444
0.18467
0.37356
0.31733
0.421
0.52389
0.46522
0.20378
0.35633
0.411
0.34389
0.37189
0.47111
0.39889
0.356
0.49689
0.29833
0.43733
0.228
0.31178
0.36156
0.28278
0.23178
0.45456
0.36933
0.25322
0.55822
0.133
0.33767
0.34833
0.44511
0.18222
0.28878
0.28456
0.50233
0.29356
0.28089
0.22578
0.14089
0.16822
0.30367
0.40722
0.36656
0.60322
0.357
0.42867
0.53956
0.20378
0.32089
0.57533
0.18322
0.32133
0.332
0.275
0.28633
0.33744
0.33944
0.13656
0.26444
0.30989
0.41333
0.422
0.41944
0.26411
0.32567
0.35056
0.56078
0.32833
0.33333
0.22889
0.16844
0.18611
0.31289
0.38
0.24467
0.22989
0.44756
0.42889
0.30133
0.21678
0.47922
0.51133
0.27589
0.22756
0.41944
0.32567
0.26111
0.51256
0.44756
0.45233
0.39733
0.18711
0.178
0.49233
0.25744
0.43989
0.46589
0.23333
0.45167
0.25467
0.22922
0.19822
0.49878
0.41622
0.11689
0.41356
0.46889
0.25656
0.38444
0.33933
0.29167
0.34756
0.25167
0.34911
0.49322
0.16456
0.48122
0.34233
0.36511
0.18422
0.18578
0.43344
0.481
0.21911
0.398
0.32678
0.23389
0.31156
0.39744
0.088222
0.34056
0.43844
0.44856
0.32711
0.21656
0.40489
0.48733
0.139
0.40833
0.27689
0.41756
0.29044
0.43211
0.28144
0.65533
0.44078
0.34744
0.32344
0.32878
0.53811
0.36756
0.23178
0.24489
0.23356
0.331
0.51344
0.31622
0.56922
0.20311
0.15889
0.35967
0.26311
0.34578
0.358
0.19089
0.37989
0.15878
0.25422
0.28656
0.31533
0.57178
0.22333
0.34122
0.34122
0.322
0.31678
0.37311
0.47422
0.36367
0.14278
0.24578
0.30667
0.42856
0.28711
0.435
0.44022
0.47011
0.28133
0.237
0.341
0.24956
0.15756
0.17489
0.25522
0.28622
0.23967
0.23256
0.205
0.31889
0.602
0.30344
0.41956
