0.39567
0.49514
0.46239
0.37492
0.34686
0.41997
0.42703
0.3075
0.54569
0.49047
0.318
0.50922
0.40583
0.53103
0.52233
0.44411
0.29756
0.17108
0.36233
0.75094
0.36686
0.26422
0.33322
0.51781
0.44458
0.32342
0.45917
0.49786
0.44958
0.23231
0.46514
0.48742
0.47142
0.61058
0.50542
0.49675
0.42928
0.42042
0.34778
0.31736
0.27233
0.51083
0.36214
0.31744
0.40475
0.45408
0.38972
0.42269
0.41494
0.27808
0.29139
0.29144
0.22494
0.42078
0.20636
0.33531
0.35503
0.45878
0.51064
0.42856
0.57056
0.28789
0.35331
0.41089
0.51489
0.22022
0.45908
0.64375
0.30225
0.23664
0.43319
0.50278
0.35669
0.30353
0.52042
0.34036
0.49756
0.2645
0.37719
0.41369
0.22767
0.64147
0.40406
0.38486
0.56586
0.75589
0.22839
0.36739
0.29897
0.39547
0.18078
0.40861
0.37917
0.47392
0.36786
0.52708
0.37169
0.40894
0.38336
0.29864
0.28061
0.25681
0.33275
0.54625
0.37083
0.54672
0.34306
0.50633
0.43153
0.25317
0.31858
0.55283
0.32211
0.56956
0.47308
0.53206
0.44192
0.37475
0.39697
0.31014
0.45517
0.35744
0.33508
0.51417
0.32469
0.26611
0.36111
0.36739
0.31725
0.25972
0.16194
0.54628
0.32597
0.30689
0.34539
0.32556
0.43103
0.50339
0.2415
0.36944
0.46278
0.43928
0.39106
0.25969
0.31331
0.40231
0.34592
0.47967
0.43756
0.45397
0.35706
0.421
0.368
0.43906
0.52578
0.46583
0.42989
0.43197
0.286
0.35408
0.51919
0.38528
0.40364
0.64164
0.55611
0.32433
0.62528
0.42575
0.5245
0.40269
0.44108
0.47289
0.38858
0.52253
0.49256
0.48794
0.40978
0.51292
0.33733
0.37322
0.28961
0.54672
0.40314
0.49372
0.32667
0.47711
0.46036
0.41486
0.59167
0.31039
0.32081
0.33886
0.50139
0.44744
0.37656
0.57917
0.25283
0.566
0.37061
0.41317
0.34961
0.43906
0.27011
0.34881
0.44725
0.33139
0.32403
0.64214
0.31672
0.50492
0.31589
0.29283
0.26958
0.23808
0.27753
0.44761
0.43289
0.62953
0.412
0.32
0.41675
0.51781
0.62892
0.29703
0.33414
0.46203
0.38286
0.37439
0.28586
0.36619
0.37983
0.50803
0.34325
0.45228
0.48442
0.36536
0.51281
0.18442
0.28058
0.14356
0.36539
0.23492
0.60181
0.36872
0.38919
0.36267
0.59911
0.36753
0.27747
0.30881
0.39986
0.49283
0.41928
0.3525
0.35969
0.45503
0.43139
0.60956
0.36225
0.51828
0.39194
0.40236
0.31097
0.38814
0.53944
0.36989
0.32281
0.31039
0.49681
0.33036
0.424
0.37378
0.46414
0.47856
0.41714
0.13586
0.45183
0.47036
0.64147
0.31686
0.43967
0.46942
0.43014
0.28719
0.37533
0.40678
0.44592
0.40269
0.43939
0.53617
0.402
0.46411
0.31533
0.33917
0.59211
0.48006
0.44225
0.49717
0.41633
0.30919
0.44453
0.33686
0.37847
0.38775
0.28836
0.43714
0.64242
0.33808
0.33175
0.55875
0.262
0.59539
0.603
0.35242
0.52797
0.33378
0.68
0.41728
0.48339
0.33683
0.18225
0.55775
0.49494
0.44583
0.44086
0.28806
0.48186
0.48769
0.29169
0.58028
0.49942
0.47581
0.50347
0.437
0.32292
0.37328
0.25397
0.58025
0.27761
0.46319
0.41425
0.64672
0.32819
0.44286
0.44519
0.36192
0.34064
0.409
0.55253
0.36722
0.37525
0.36672
0.554
0.26942
0.52131
0.31367
0.40631
0.41992
0.32342
0.53483
0.58722
0.40906
0.38583
0.26461
0.43497
0.46025
0.55989
0.30444
0.24003
0.35169
0.46086
0.26242
0.31575
0.3585
0.41869
0.415
0.43567
0.34789
0.42606
0.39183
0.36953
0.57147
0.48992
0.51542
0.26489
0.26092
0.57394
0.41994
0.35378
0.40881
0.42667
0.374
0.27997
0.42967
0.37639
0.46658
0.39378
0.79494
0.29342
0.79819
0.56633
0.26117
0.46892
0.47528
0.33361
0.42117
0.66931
0.23619
0.29189
0.17936
0.25142
0.46322
0.42197
0.16667
0.34481
0.37856
0.51081
0.53594
0.58997
0.64497
0.21058
0.51758
0.43539
0.51272
0.4885
0.60828
0.18169
0.19958
0.38178
0.54617
0.39861
0.55983
0.44636
0.47989
0.49514
0.37703
0.19086
0.4085
0.59239
0.51506
0.53725
0.43433
0.47342
0.43172
0.27544
0.58497
0.53653
0.45214
0.48344
0.30008
0.40289
0.66378
0.47222
0.36406
0.18303
0.39903
0.59472
0.40489
0.35181
0.38
0.38731
0.41589
0.48528
0.39056
0.43047
0.48656
0.37031
0.36131
0.21178
0.53439
0.44031
0.12572
0.26803
0.50011
0.33072
0.46069
0.28572
0.19317
0.54147
0.52447
0.38111
0.521
0.31683
0.50625
0.61314
0.42569
0.46119
0.49681
0.492
0.48425
0.35714
0.40594
0.33208
0.45378
0.35136
0.51164
0.29342
0.60414
0.33425
0.40658
0.49067
0.395
0.58342
0.30336
0.44733
0.46044
0.55186
0.63169
0.25128
0.26117
0.17394
0.3285
0.49028
0.36722
0.483
0.42458
0.59869
0.48956
0.47244
0.23658
0.38972
0.37736
0.35711
0.37819
0.65533
0.54808
0.46044
0.34481
0.33872
0.37472
0.73775
0.48
0.61394
0.46097
0.51406
0.53397
0.47725
0.39675
0.49389
0.37172
0.56514
0.34436
0.33383
0.36297
0.32564
0.35411
0.59644
0.59792
0.49008
0.5285
0.63336
0.28008
0.47708
0.34764
0.42867
0.38153
0.33111
0.11261
0.37264
0.27817
0.35458
0.26683
0.45508
0.47375
0.35542
0.40556
0.69267
0.17297
0.28264
0.42981
0.29989
0.55311
0.40756
0.54853
0.15406
0.22544
0.54344
0.31464
0.42769
0.54247
0.26206
0.54142
0.42589
0.26606
0.25375
0.39997
0.54742
0.5135
0.25097
0.24894
0.52419
0.53969
0.28475
0.44489
0.3965
0.47811
0.45544
0.37436
0.46403
0.38817
0.47017
0.54619
0.41339
0.49197
0.35536
0.63778
0.42139
0.41736
0.39328
0.48039
0.35464
0.40419
0.27558
0.27192
0.29964
0.39739
0.34864
0.25431
0.42247
0.49422
0.29664
0.30128
0.36094
0.36483
0.36694
0.25161
0.36761
0.37314
0.4575
0.26164
0.42569
0.449
0.50819
0.45253
0.31264
0.28953
0.655
0.50547
0.38956
0.23019
0.26283
0.41317
0.43675
0.21186
0.35692
0.28469
0.24603
0.35372
0.51169
0.34789
0.39425
0.40386
0.26189
0.40903
0.40189
0.31336
0.48764
0.41558
0.39497
0.33328
0.43489
0.30267
0.41683
0.38397
0.52797
0.38442
0.37011
0.36883
0.31522
0.52647
0.28714
0.31903
0.43553
0.39694
0.37089
0.63136
0.564
0.36583
0.27192
0.14533
0.56639
0.39242
0.46472
0.17583
0.29981
0.35089
0.33447
0.44167
0.47122
0.37019
0.45064
0.26364
0.58
0.56542
0.30403
0.40447
0.40758
0.37683
0.42567
0.29322
0.18383
0.45053
0.53911
0.46717
0.53553
0.43547
0.44211
0.37025
0.27397
0.37253
0.42125
0.33544
0.36511
0.34347
0.39661
0.41919
0.337
0.51522
0.44544
0.55406
0.44456
0.39989
