0.49711
0.393
0.28067
0.55311
0.55289
0.255
0.63956
0.36289
0.55878
0.34878
0.37133
0.49944
0.56911
0.65811
0.23289
0.716
0.28322
0.65422
0.47944
0.58433
0.44267
0.41833
0.39711
0.55711
0.405
0.429
0.47556
0.61522
0.32311
0.43222
0.71356
0.71356
0.50411
0.48467
0.49433
0.76078
0.29878
0.51089
0.43633
0.34967
0.62256
0.44944
0.52544
0.74133
0.23211
0.45956
0.52978
0.22944
0.65044
0.37733
0.51011
0.56322
0.31467
0.57567
0.34978
0.45244
0.33178
0.642
0.56011
0.39111
0.38789
0.36322
0.34556
0.34378
0.41667
0.58378
0.39622
0.47089
0.45222
0.604
0.52167
0.53011
0.54033
0.35156
0.58
0.67533
0.371
0.499
0.11711
0.331
0.37367
0.45122
0.31744
0.43378
0.51067
0.56767
0.75022
0.43167
0.46411
0.46389
0.27944
0.54033
0.55756
0.47389
0.18011
0.54378
0.32233
0.36944
0.41567
0.21889
0.23111
0.38078
0.69156
0.38856
0.63144
0.34
0.33422
0.20511
0.59444
0.50344
0.27111
0.358
0.44111
0.494
0.72133
0.62111
0.60544
0.26789
0.32267
0.61511
0.33278
0.48911
0.53178
0.55544
0.48456
0.43533
0.50844
0.66067
0.52311
0.36878
0.32656
0.51944
0.44911
0.45978
0.52411
0.39267
0.22033
0.73044
0.51467
0.35567
0.62444
0.43822
0.38756
0.57878
0.40267
0.60033
0.56856
0.238
0.45
0.61322
0.351
0.53367
0.35211
0.79678
0.46689
0.48633
0.70156
0.63533
0.347
0.44467
0.48744
0.44089
0.506
0.63956
0.55967
0.45344
0.65678
0.572
0.60867
0.593
0.57444
0.56333
0.48589
0.49644
0.51433
0.276
0.49456
0.31956
0.49244
0.167
0.409
0.65178
0.48922
0.64967
0.355
0.844
0.70411
0.72722
0.667
0.24089
0.49811
0.57167
0.50067
0.43433
0.21422
0.37722
0.47311
0.51767
0.28878
0.32344
0.43289
0.65922
0.40767
0.59256
0.54989
0.29911
0.32922
0.47733
0.47589
0.687
0.53278
0.30244
0.35633
0.443
0.71667
0.40367
0.62589
0.56333
0.43478
0.46967
0.62478
0.58567
0.67689
0.44622
0.49333
0.40967
0.55867
0.44833
0.53111
0.462
0.54589
0.56644
0.53933
0.61911
0.29533
0.37667
0.75522
0.35922
0.41822
0.34378
0.29144
0.59433
0.64156
0.40167
0.27889
0.46933
0.32756
0.37711
0.38856
0.347
0.68267
0.40267
0.29
0.47711
0.39011
0.36333
0.33367
0.67089
0.45178
0.35178
0.46378
0.55889
0.31222
0.52367
0.37344
0.51067
0.41411
0.38556
0.46533
0.204
0.592
0.39244
0.38367
0.65722
0.65344
0.30644
0.37767
0.60767
0.80111
0.83222
0.37011
0.45644
0.542
0.27789
0.47044
0.43011
0.36133
0.31244
0.43267
0.50211
0.34656
0.34689
0.32367
0.46578
0.62633
0.57233
0.38344
0.52056
0.36622
0.691
0.61822
0.38767
0.60556
0.60189
0.30733
0.51011
0.70989
0.57433
0.55733
0.71
0.41789
0.356
0.40856
0.342
0.51144
0.309
0.53822
0.60778
0.71511
0.43267
0.34422
0.59911
0.47856
0.49667
0.55822
0.56078
0.27678
0.68733
0.25989
0.49989
0.41222
0.76656
0.37911
0.62489
0.59289
0.48067
0.27233
0.615
0.41689
0.52367
0.53333
0.75511
0.32344
0.50033
0.31744
0.57478
0.44489
0.26711
0.58322
0.67189
0.59844
0.559
0.32833
0.406
0.39589
0.66478
0.65033
0.53222
0.55544
0.27056
0.62489
0.28233
0.41644
0.556
0.42689
0.52844
0.269
0.39956
0.61767
0.14289
0.56467
0.36778
0.48633
0.45111
0.52
0.42456
0.532
0.39711
0.46078
0.33011
0.41933
0.65167
0.57178
0.60267
0.48322
0.39156
0.49111
0.28156
0.66278
0.65122
0.42744
0.47289
0.39256
0.38811
0.40844
0.71489
0.58089
0.58489
0.41611
0.36867
0.74867
0.31522
0.57311
0.69767
0.42044
0.46433
0.45678
0.29689
0.61667
0.63244
0.747
0.27378
0.64211
0.28333
0.58189
0.481
0.31522
0.709
0.37467
0.55133
0.39878
0.70178
0.33344
0.60189
0.53744
0.55322
0.26089
0.43444
0.79256
0.56489
0.448
0.62278
0.59133
0.65967
0.65556
0.52056
0.56956
0.632
0.52789
0.36067
0.43044
0.70556
0.47544
0.62689
0.28989
0.48444
0.388
0.546
0.36822
0.37333
0.55789
0.63367
0.55667
0.53267
0.58489
0.64944
0.55244
0.49389
0.51544
0.48456
0.51811
0.40244
0.45044
0.67133
0.51167
0.64233
0.30611
0.42222
0.33844
0.455
0.44322
0.35456
0.525
0.35122
0.70922
0.77222
0.63478
0.46933
0.79211
0.48544
0.63244
0.43211
0.51011
0.56356
0.61867
0.34578
0.43656
0.412
0.51767
0.14144
0.48022
0.36011
0.74211
0.54256
0.36433
0.82544
0.68333
0.699
0.32456
0.25567
0.46333
0.73
0.41511
0.41211
0.47556
0.57133
0.60333
0.50322
0.39467
0.47011
0.36278
0.65511
0.64
0.40811
0.78278
0.46911
0.76489
0.44267
0.60311
0.44644
0.50311
0.33211
0.39878
0.46167
0.30411
0.50889
0.46233
0.276
0.51456
0.45589
0.62756
0.579
0.40189
0.80478
0.47222
0.48867
0.58311
0.58678
0.40633
0.40211
0.64533
0.54744
0.52689
0.49878
0.65456
0.67244
0.35444
0.37878
0.55667
0.53333
0.396
0.45711
0.35722
0.55956
0.40011
0.62156
0.61089
0.40856
0.69244
0.60378
0.46089
0.71911
0.467
0.22756
0.31044
0.29256
0.55056
0.39656
0.50022
0.38522
0.443
0.49033
0.57833
0.62744
0.36567
0.39611
0.34989
0.173
0.63489
0.77433
0.50533
0.53422
0.37744
0.44244
0.62844
0.461
0.73111
0.54233
0.43489
0.53189
0.49189
0.72444
0.30967
0.69322
0.561
0.60078
0.60744
0.49089
0.49756
0.55589
0.49589
0.59089
0.34811
0.41922
0.15411
0.55733
0.485
0.53
0.46011
0.29567
0.39089
0.31567
0.18244
0.40689
0.46067
0.45411
0.39167
0.71011
0.58844
0.75078
0.35656
0.35867
0.32367
0.40867
0.50389
0.70622
0.408
0.46322
0.72322
0.49533
0.57333
0.29067
0.62044
0.50322
0.32344
0.33544
0.47811
0.41733
0.58622
0.47989
0.611
0.37244
0.55511
0.423
0.55144
0.52311
0.56656
0.63867
0.74556
0.47067
0.63978
0.35956
0.41378
0.35611
0.55656
0.49244
0.41656
0.31444
0.52789
0.47433
0.57356
0.56111
0.34433
0.34244
0.66922
0.62978
0.66756
0.57044
0.489
0.277
0.72344
0.45822
0.38233
0.37533
0.32256
0.40367
0.5
0.50144
0.43578
0.515
0.39089
0.51067
0.41478
0.41433
0.22867
0.35967
0.437
0.45689
0.59611
0.48556
0.44278
0.66533
0.57644
0.58589
0.54911
0.46389
0.58256
0.49444
0.58656
0.52933
0.30911
0.39578
0.37011
0.59056
0.794
0.32067
0.70978
0.48956
0.35011
0.45133
0.47267
0.41544
0.35744
0.61944
0.41667
0.47744
0.24367
0.49756
0.48411
0.515
0.61333
0.51656
