0.37675
0.43019
0.39062
0.31194
0.38937
0.35306
0.52994
0.36313
0.45881
0.33106
0.21469
0.31269
0.48131
0.4555
0.22806
0.56644
0.46687
0.44875
0.39369
0.45256
0.50887
0.47319
0.39213
0.39813
0.41206
0.20769
0.40044
0.40181
0.41544
0.38294
0.31831
0.36044
0.40956
0.63187
0.59075
0.36712
0.37819
0.49725
0.47331
0.40556
0.085437
0.57937
0.25275
0.31462
0.25475
0.42231
0.263
0.25794
0.49031
0.086938
0.24525
0.38725
0.38606
0.34063
0.25319
0.396
0.24738
0.63662
0.40375
0.45181
0.26781
0.2715
0.27313
0.37
0.40663
0.34244
0.46563
0.55706
0.48425
0.61806
0.45106
0.57394
0.55156
0.32787
0.53163
0.20144
0.275
0.41063
0.22338
0.25487
0.29
0.60088
0.29425
0.43275
0.44263
0.31731
0.37625
0.73781
0.26981
0.33631
0.45081
0.24456
0.50425
0.37169
0.148
0.31356
0.34081
0.25787
0.38194
0.15287
0.43288
0.37881
0.32644
0.29231
0.49431
0.44819
0.36556
0.45581
0.47269
0.45081
0.26838
0.515
0.20563
0.52969
0.44006
0.56819
0.388
0.332
0.36488
0.4135
0.40712
0.45056
0.45094
0.49869
0.46294
0.35337
0.44069
0.52625
0.36
0.44775
0.34294
0.45944
0.33256
0.47194
0.42488
0.36119
0.40769
0.47225
0.32994
0.19144
0.61813
0.37556
0.29631
0.24619
0.38381
0.45494
0.60613
0.59306
0.63131
0.55731
0.33688
0.64087
0.17875
0.45487
0.4665
0.32394
0.54163
0.52069
0.24931
0.24531
0.55188
0.58613
0.43037
0.82187
0.37388
0.54625
0.47556
0.39975
0.54937
0.593
0.33019
0.30981
0.29344
0.15463
0.50912
0.55719
0.41212
0.33713
0.15813
0.27006
0.39675
0.43762
0.33931
0.45869
0.36088
0.49006
0.49863
0.60088
0.37894
0.0935
0.194
0.65831
0.49506
0.63506
0.34419
0.28544
0.486
0.50569
0.24181
0.33287
0.35594
0.60944
0.23638
0.50325
0.3205
0.14944
0.12281
0.53581
0.34437
0.52219
0.37638
0.19806
0.38212
0.46488
0.44662
0.44712
0.38969
0.49494
0.17669
0.34531
0.50919
0.58894
0.38612
0.43319
0.46594
0.37869
0.43544
0.39119
0.362
0.60181
0.57638
0.53131
0.489
0.41587
0.444
0.36081
0.59613
0.33569
0.36638
0.24644
0.64175
0.45025
0.51738
0.47706
0.31275
0.27519
0.42594
0.40994
0.3425
0.31731
0.55181
0.65775
0.29044
0.405
0.3865
0.525
0.33656
0.43356
0.33175
0.64775
0.43331
0.37831
0.27544
0.43575
0.44456
0.42356
0.43281
0.28231
0.40738
0.37338
0.37238
0.23288
0.58956
0.5335
0.41056
0.23838
0.65956
0.46275
0.65112
0.55163
0.31256
0.49887
0.49075
0.21475
0.33825
0.15881
0.38975
0.37588
0.53081
0.45994
0.51969
0.37412
0.19987
0.31912
0.51031
0.40038
0.40163
0.37438
0.30088
0.35069
0.446
0.53606
0.4265
0.40781
0.25688
0.38244
0.39038
0.52944
0.3305
0.72319
0.47188
0.44106
0.47425
0.25375
0.49544
0.38106
0.56669
0.52281
0.26169
0.32669
0.27013
0.60594
0.52912
0.46119
0.37319
0.42719
0.32388
0.59862
0.56806
0.40613
0.47987
0.49781
0.43231
0.63594
0.57363
0.18331
0.24675
0.43544
0.465
0.31794
0.37625
0.21294
0.34281
0.15337
0.28169
0.45956
0.51012
0.41712
0.46138
0.42894
0.41356
0.33819
0.339
0.24387
0.39194
0.41906
0.44169
0.555
0.42856
0.51969
0.59981
0.51956
0.34212
0.464
0.4005
0.24613
0.60694
0.23387
0.40213
0.31219
0.45581
0.40325
0.35837
0.32656
0.47937
0.47756
0.34569
0.19125
0.25556
0.44569
0.52325
0.61675
0.35481
0.34769
0.24556
0.46744
0.47919
0.40925
0.43237
0.52994
0.477
0.45037
0.38638
0.49794
0.37812
0.46056
0.68512
0.36219
0.41863
0.7085
0.49656
0.35094
0.50481
0.51981
0.41625
0.33181
0.23969
0.19906
0.49175
0.28413
0.23062
0.33438
0.40844
0.52856
0.34
0.46675
0.27569
0.53038
0.45281
0.59144
0.38081
0.38638
0.45737
0.30944
0.33231
0.44406
0.297
0.22437
0.46844
0.66131
0.40219
0.47931
0.443
0.44644
0.24594
0.38988
0.53081
0.411
0.72738
0.56731
0.39169
0.29581
0.554
0.34069
0.45938
0.51694
0.41381
0.28375
0.59931
0.29037
0.444
0.51244
0.56881
0.30288
0.18619
0.35519
0.49938
0.372
0.23013
0.287
0.59119
0.28694
0.49088
0.55756
0.5145
0.31081
0.31688
0.24581
0.16687
0.37806
0.27963
0.18113
0.44962
0.33506
0.261
0.48312
0.57006
0.26225
0.63556
0.30194
0.5795
0.35444
0.38219
0.35487
0.453
0.5855
0.32138
0.47894
0.47487
0.41106
0.49687
0.39706
0.36844
0.35637
0.37906
0.57719
0.3845
0.55188
0.48494
0.47694
0.4175
0.52881
0.45112
0.18981
0.37038
0.56206
0.40625
0.54275
0.42481
0.51844
0.21887
0.5575
0.44506
0.46725
0.41175
0.55231
0.41006
0.46006
0.49606
0.37788
0.19419
0.37681
0.40994
0.43931
0.51
0.45169
0.40413
0.1945
0.28275
0.60194
0.67475
0.54069
0.42181
0.4985
0.31188
0.49988
0.27819
0.47062
0.31563
0.33694
0.44231
0.36838
0.39006
0.43112
0.43288
0.32325
0.33419
0.35087
0.46244
0.471
0.24256
0.24594
0.33031
0.334
0.32625
0.39694
0.42
0.18625
0.26056
0.3265
0.328
0.28006
0.31475
0.44588
0.37294
0.29681
0.40613
0.33775
0.34494
0.54819
0.4575
0.51062
0.55494
0.39288
0.42669
0.513
0.277
0.38669
0.30431
0.628
0.30875
0.31725
0.26112
0.36681
0.25619
0.22606
0.47263
0.22444
0.23281
0.384
0.23931
0.32819
0.25812
0.4765
0.29663
0.55994
0.55606
0.41431
0.40625
0.61062
0.42144
0.30062
0.30963
0.34494
0.46756
0.31631
0.461
0.46844
0.42337
0.39575
0.39744
0.54569
0.3365
0.49287
0.25175
0.30694
0.46613
0.22556
0.52844
0.37419
0.15331
0.17994
0.27175
0.30956
0.37769
0.24756
0.56212
0.26044
0.34288
0.3345
0.21969
0.2065
0.41844
0.52394
0.41163
0.26019
0.38506
0.26944
0.6545
0.15863
0.35537
0.395
0.51256
0.24975
0.44019
0.37019
0.45575
0.38831
0.39887
0.34931
0.50219
0.40525
0.26556
0.28887
0.47312
0.27775
0.29819
0.21756
0.37606
0.31956
0.30125
0.39919
0.41981
0.53625
0.34819
0.42125
0.23575
0.45413
0.46862
0.47662
0.63244
0.29006
0.47825
0.35006
0.34844
0.292
0.29825
0.28513
0.363
0.36019
0.56156
0.31894
0.49175
0.29125
0.20275
0.23812
0.43925
0.51575
0.23037
0.46288
0.48962
0.40881
0.34463
0.55312
0.36962
0.29744
0.45919
0.46388
0.412
0.42112
0.21006
0.31881
0.55019
0.50394
0.34806
0.39669
0.35906
0.3595
0.13019
0.53806
0.49187
0.33119
0.37869
0.34081
0.21081
0.43856
0.25419
0.45094
0.36138
0.55456
0.54375
0.29812
