0.262
0.22725
0.21275
0.22375
0.2085
0.20225
0.12225
0.41475
0.17575
0.1245
0.18575
0.0955
0.2345
0.145
0.19175
0.14325
0.21275
0.0835
0.031
0.2865
0.17125
0.1275
0.3345
0.2375
0.18625
0.21325
0.17875
0.33275
0.187
0.25875
0.08025
0.14775
0.3395
0.0875
0.27725
0.38175
0.2095
0.16925
0.077
0.33175
0.07725
0.1515
0.115
0.14375
0.16075
0.147
0.1585
0.187
0.045
0.1455
0.176
0.09375
0.22325
0.318
0.23175
0.21775
0.1465
0.14125
0.16625
0.29825
0.21175
0.0785
0.2655
0.17775
0.37
0.173
0.17725
0.1195
0.1625
0.02175
0.32475
0.3525
0.0545
0.17525
0.234
0.03025
0.145
-0.0535
0.161
0.2265
0.49125
0.19425
0.0315
0.139
0.2545
-0.1475
0.21125
0.23625
0.13375
0.34875
0.24725
0.218
0.21475
0.425
0.1805
0.14025
0.27375
0.24725
0.314
0.2325
0.06625
0.526
0.054
0.1865
0.254
0.1255
0.212
0.14625
0.2505
0.12175
0.23525
0.0975
0.10275
0.10475
0.38575
0.15225
0.22125
0.26925
0.20075
0.3765
0.34225
0.23475
0.0855
0.18625
0.092
0.16875
0.31975
0.16275
0.18075
0.128
0.13425
0.296
0.4445
0.2635
0.1605
0.3015
0.202
0.34175
0.0355
0.1745
0.35
0.31475
0.24025
0.3885
0.21775
0.233
0.455
0.069
0.08825
0.1885
0.202
0.17475
0.59175
0.07225
0.445
-0.02625
0.1605
0.11675
0.10925
0.111
0.13425
0.36325
0.29375
0.336
0.169
0.01
0.22375
0.162
0.122
0.30725
0.2455
0.3335
0.30325
0.18125
0.193
0.28325
0.13975
0.114
0.34775
0.3295
0.368
0.46
0.25075
0.11675
0.129
0.166
0.26675
0.068
0.30725
0.18725
0.15575
0.27325
0.1365
0.2675
0.1905
0.30275
0.2245
0.28325
0.15675
0.14425
0.21875
0.114
0.3245
0.2405
0.18
-0.0735
0.16925
0.24175
0.2205
0.3525
0.33075
0.1245
0.281
0.03375
0.37425
0.19325
0.1885
0.19175
0.2635
0.2275
0.1545
0.28675
0.213
0.29475
0.301
0.251
-0.028
0.22825
0.1915
0.11625
0.34875
0.28025
0.234
0.187
-0.08125
0.1885
0.183
0.1505
0.245
0.431
0.091
0.09825
0.165
0.284
0.375
0.133
0.07375
0.0975
0.33175
0.125
0.1735
0.36
0.138
0.25225
0.19375
0.03925
0.189
0.13975
0.51075
0.39625
0.20975
0.29225
0.2635
0.138
0.27375
0.278
0.23575
0.1965
0.18275
0.237
0.10125
0.2595
0.19575
0.11025
0.22625
-0.05975
0.186
0.1445
0.079
0.30125
0.11225
0.20775
0.05175
0.271
0.1765
0.178
-0.02325
0.0235
0.09825
0.24125
0.322
0.33575
0.188
0.3405
0.288
0.228
0.168
0.2385
0.064
0.1355
0.408
0.5285
0.2075
0.23975
0.318
0.41525
0.2635
0.4785
-0.08675
0.15825
0.2515
0.2985
0.0645
0.18325
0.1885
0.24925
0.2165
0.23875
0.219
0.32825
0.3345
0.1845
0.355
0.17475
0.3415
0.22275
0.13275
0.0925
0.29825
0.021
0.21775
0.21375
0.20925
0.09475
0.2605
0.31125
0.1875
0.3745
0.11225
0.126
0.034
0.09775
0.1925
0.298
0.215
0.2145
0.208
0.24425
0.25525
0.23575
0.4115
0.0455
0.175
0.1985
0.19575
0.1725
0.563
0.09325
0.10975
0.1665
0.237
0.18925
0.1245
0.398
0.1615
0.259
0.11625
0.609
0.13275
0.1365
0.21425
0.128
0.289
0.1155
0.29325
0.62175
0.45675
0.1365
0.0605
0.0435
0.46975
0.10675
0.04425
0.0825
0.1815
-0.07225
0.14675
0.0685
0.18
0.39425
0.1755
0.24575
0.2765
0.282
-0.04575
0.094
0.16075
0.17675
0.13125
0.28125
0.13925
0.28575
0.10275
0.137
0.28775
0.1775
0.18925
0.0775
0.13475
-0.00075
0.1805
0.2765
0.225
0.00475
0.441
0.333
0.24
0.0845
0.1245
0.042
-0.0665
0.06975
0.14575
0.1975
0.31375
0.12275
0.15175
0.1495
0.10175
0.2545
0.249
0.20275
0.04775
0.1595
0.26
0.14225
0.0655
0.413
0.372
0.5675
0.2045
0.2745
0.48375
0.10225
0.2525
0.0975
0.19825
0.2275
0.0465
0.332
0.26625
0.48775
0.1465
0.23
0.1265
0.16425
0.12575
0.26325
0.07275
0.12375
0.0945
0.32
0.532
0.09025
0.3205
0.3615
0.339
0.39775
0.306
0.2265
0.2275
0.18575
0.14175
0.29325
0.194
-0.02625
0.037
0.40025
0.1085
0.27125
0.1225
0.502
0.1625
0.08475
0.4085
0.23525
0.57975
0.17075
0.07175
0.11625
0.23575
0.4815
0.031
0.233
-0.02575
0.39875
0.19525
0.34
0.32225
0.2935
0.21825
0.14575
0.28425
0.03675
0.3045
0.05375
0.07675
0.30575
0.1065
0.1565
0.06875
0.2845
0.09975
0.2335
0.33075
0.06825
0.10925
0.12825
0.20425
0.23975
0.25125
0.26525
0.22575
0.066
0.25525
0.34325
0.245
0.241
-0.04825
0.199
0.32825
0.192
0.14675
0.45225
0.23575
0.04575
0.112
0.1685
0.29
0.2335
0.11975
0.4985
0.044
0.32375
0.21475
0.3885
0.208
0.209
0.08925
0.158
0.22675
0.417
0.12775
0.267
0.326
0.1665
0.4275
0.28975
0.09275
0.235
-0.02175
0.31725
0.35375
0.11675
0.2735
0.06325
-0.01475
0.29125
0.2575
0.305
0.01825
0.38375
0.353
0.1395
0.4025
0.169
0.18675
0.1745
0.0915
0.1025
0.36525
0.1975
0.144
0.1955
0.41725
0.27075
0.2845
0.1945
-0.0615
0.192
0.129
0.11375
0.198
0.194
0.11525
0.235
0.154
0.13375
0.49275
-0.013
0.2985
0.004
0.24675
0.431
0.11775
0.253
0.17775
0.21025
0.22375
0.289
0.2205
0.24175
0.23825
0.3415
0.0735
0.204
0.1005
0.08075
0.1985
0.232
0.04625
0.1655
0.00975
0.22425
0.20175
0.1955
0.39775
0.13625
0.3295
0.23725
0.26825
0.14225
0.383
0.37475
0.31875
0.1755
0.07525
0.27325
0.144
0.11725
0.486
0.3105
0.12475
0.4165
0.339
0.16725
0.2245
0.3435
0.2835
0.5185
-0.00525
0.18275
0.34875
0.5885
0.09425
0.086
0.06725
0.39725
0.38675
0.46825
0.5885
0.4715
0.197
0.16325
0.3695
0.318
0.11125
0.302
0.20575
0.28825
0.19325
0.1245
0.4715
0.0855
0.36025
0.084
0.096
0.46275
-0.0095
0.16675
0.1735
0.23925
0.17675
0.14975
0.08025
0.678
0.447
0.3005
0.1715
0.24475
0.16875
0.2425
0.3255
0.27125
0.4125
0.247
0.19425
0.229
0.32425
0.222
0.36875
0.32825
0.09675
0.128
0.0565
0.268
0.16625
0.2355
0.20025
0.40275
0.1685
0.59725
0.3665
0.393
0.30275
0.05325
0.0365
0.23775
0.24825
0.1695
0.17225
0.09275
