0.328
0.23032
0.42692
0.318
0.27544
0.44428
0.41408
0.31812
0.40564
0.3568
0.26088
0.31032
0.44556
0.4374
0.51152
0.32032
0.2934
0.40376
0.40312
0.33688
0.268
0.2762
0.29512
0.569
0.2768
0.33148
0.35664
0.34108
0.31052
0.39532
0.36564
0.35132
0.409
0.35516
0.374
0.29256
0.4632
0.52044
0.1228
0.4566
0.3216
0.4248
0.22044
0.31176
0.5388
0.39008
0.31552
0.31112
0.25104
0.5232
0.45624
0.44688
0.34812
0.55636
0.38888
0.44456
0.42884
0.44784
0.42992
0.43476
0.56348
0.47532
0.50016
0.40172
0.51056
0.344
0.34392
0.26728
0.3008
0.28644
0.414
0.51288
0.30684
0.20064
0.3468
0.44104
0.38756
0.34776
0.41844
0.43048
0.41548
0.43836
0.35316
0.26368
0.59512
0.3558
0.49596
0.33236
0.41496
0.33708
0.36644
0.40408
0.51596
0.50372
0.32676
0.60148
0.31928
0.50148
0.36748
0.29264
0.26688
0.39772
0.46152
0.21648
0.33028
0.38452
0.36828
0.39396
0.41244
0.48128
0.49768
0.4792
0.36292
0.204
0.37868
0.45688
0.51828
0.2502
0.3632
0.35028
0.39788
0.48504
0.43464
0.33892
0.42
0.36792
0.40456
0.39008
0.44772
0.53896
0.4026
0.21508
0.43568
0.2998
0.41544
0.3504
0.37992
0.30608
0.42836
0.39308
0.45696
0.40028
0.35768
0.38448
0.28604
0.28168
0.31804
0.31836
0.41148
0.44608
0.30916
0.45952
0.32936
0.34764
0.27492
0.33088
0.37456
0.31328
0.27824
0.369
0.42472
0.29516
0.47444
0.3958
0.4882
0.51256
0.43532
0.35048
0.43148
0.52972
0.46224
0.32536
0.43168
0.29412
0.4186
0.4112
0.30648
0.43832
0.37904
0.3518
0.50436
0.44824
0.42416
0.423
0.39356
0.4034
0.47256
0.36352
0.52036
0.2422
0.4048
0.469
0.33792
0.33484
0.43124
0.46552
0.27176
0.29064
0.36012
0.33472
0.36284
0.2852
0.47928
0.30844
0.4396
0.33924
0.2958
0.48308
0.4174
0.45484
0.32768
0.3172
0.48132
0.288
0.41672
0.39508
0.34812
0.41384
0.26356
0.49696
0.30996
0.27972
0.42388
0.26616
0.48304
0.43428
0.41884
0.34288
0.32152
0.32524
0.47268
0.30752
0.39968
0.54328
0.4644
0.37836
0.32932
0.36176
0.42188
0.40404
0.37036
0.16624
0.48276
0.48088
0.33244
0.3542
0.39396
0.40876
0.37684
0.35728
0.36748
0.3302
0.29224
0.38476
0.49
0.22408
0.24048
0.31364
0.28148
0.49916
0.36876
0.57912
0.55596
0.43156
0.53128
0.3802
0.36392
0.439
0.43692
0.27644
0.51528
0.168
0.39752
0.37576
0.23592
0.27912
0.35836
0.29984
0.6398
0.4238
0.25004
0.29668
0.50724
0.36428
0.4336
0.47812
0.38544
0.50224
0.364
0.5428
0.49308
0.38936
0.2324
0.34212
0.51304
0.27532
0.47792
0.33892
0.33816
0.3134
0.48468
0.37544
0.47832
0.28512
0.47088
0.25848
0.4362
0.28824
0.37428
0.27388
0.18156
0.54668
0.4356
0.43236
0.2502
0.34624
0.50344
0.34464
0.45068
0.38908
0.25372
0.3634
0.35168
0.32772
0.59196
0.3512
0.37072
0.36036
0.38428
0.39168
0.581
0.34132
0.50956
0.31236
0.33564
0.3478
0.28628
0.3984
0.3594
0.305
0.341
0.47852
0.32464
0.53608
0.37348
0.44676
0.35724
0.34516
0.32876
0.45504
0.26364
0.32928
0.283
0.27192
0.22612
0.31744
0.55808
0.3484
0.39688
0.45744
0.2204
0.29568
0.42776
0.21844
0.44244
0.33636
0.41444
0.43904
0.50272
0.5656
0.40772
0.33232
0.37376
0.34788
0.50584
0.4148
0.42052
0.34576
0.44992
0.24256
0.29472
0.3622
0.50556
0.35436
0.48804
0.29876
0.3154
0.40176
0.56236
0.30384
0.43552
0.46644
0.2758
0.18968
0.45968
0.4764
0.3052
0.41384
0.44916
0.2958
0.27908
0.21952
0.25112
0.39564
0.57512
0.27452
0.55232
0.57756
0.36396
0.3434
0.4252
0.43712
0.33588
0.37004
0.37944
0.29024
0.36632
0.47048
0.45976
0.39804
0.36428
0.4388
0.40828
0.37428
0.38452
0.37332
0.32848
0.28828
0.4528
0.34368
0.36044
0.4318
0.292
0.41216
0.1782
0.37936
0.50912
0.53896
0.40396
0.40588
0.29528
0.27732
0.31308
0.44336
0.368
0.3494
0.5838
0.26396
0.30484
0.29916
0.49
0.2746
0.31772
0.45712
0.29096
0.48684
0.37096
0.51004
0.41584
0.33288
0.34424
0.37636
0.41096
0.32976
0.5124
0.33888
0.41236
0.56736
0.43344
0.42484
0.63232
0.52372
0.20308
0.53136
0.41764
0.503
0.53964
0.31676
0.34204
0.35036
0.36556
0.27928
0.48844
0.3994
0.36088
0.33456
0.32568
0.42492
0.35392
0.3904
0.44092
0.31788
0.37212
0.33764
0.26788
0.30852
0.25228
0.31288
0.41736
0.46704
0.41824
0.151
0.54756
0.23508
0.49788
0.31168
0.38032
0.29008
0.3282
0.33048
0.3964
0.45136
0.4502
0.3934
0.49168
0.35664
0.19844
0.42676
0.3756
0.25128
0.47124
0.37356
0.42704
0.40024
0.5114
0.46104
0.151
0.39136
0.36396
0.33672
0.24784
0.38496
0.53856
0.34688
0.29776
0.67792
0.25216
0.49408
0.49916
0.32412
0.45916
0.52812
0.4784
0.38524
0.52516
0.33296
0.28776
0.26172
0.31084
0.4894
0.57132
0.37456
0.19152
0.35532
0.33572
0.4298
0.6676
0.24904
0.23748
0.39084
0.447
0.2824
0.48064
0.41396
0.43392
0.423
0.49556
0.25976
0.37492
0.4002
0.276
0.49804
0.4634
0.56272
0.31428
0.54352
0.37624
0.26336
0.36896
0.33072
0.17532
0.62064
0.29192
0.52644
0.33896
0.36244
0.428
0.2852
0.33664
0.58508
0.2694
0.365
0.24456
0.35708
0.47376
0.34836
0.519
0.43408
0.37536
0.43524
0.1838
0.22428
0.3416
0.3702
0.4
0.53732
0.32824
0.30412
0.42732
0.4566
0.38504
0.49368
0.20496
0.31128
0.46916
0.37232
0.2776
0.39856
0.48452
0.43068
0.23188
0.41436
0.34592
0.57068
0.45892
0.50712
0.44316
0.35184
0.45476
0.2306
0.46616
0.632
0.51208
0.4254
0.32204
0.29036
0.35584
0.39152
0.46296
0.3064
0.5322
0.40692
0.35036
0.41088
0.46288
0.2832
0.42916
0.3708
0.20748
0.44552
0.50768
0.32152
0.32676
0.39692
0.30972
0.36444
0.38648
0.3216
0.45492
0.48152
0.39292
0.2648
0.38104
0.57048
0.28696
0.448
0.44636
0.4062
0.40496
0.34412
0.27752
0.41796
0.48168
0.4938
0.46084
0.3978
0.50836
0.44936
0.37168
0.24716
0.56012
0.3914
0.42036
0.38904
0.35068
0.46388
0.3424
0.32164
0.32148
0.48312
0.3804
0.43332
0.3868
0.31148
0.38604
0.32448
0.29472
0.31308
0.46564
0.50576
0.18508
0.4068
0.35888
0.35528
0.53292
0.38108
0.4538
0.18928
0.39016
0.50704
0.48104
0.4238
0.40532
0.25004
0.41636
0.33396
0.25216
0.45232
0.39624
0.4096
0.44164
0.33908
