0.53463
0.36663
0.63881
0.54063
0.32356
0.38762
0.43094
0.52575
0.68219
0.42025
0.4855
0.33356
0.42569
0.57394
0.4755
0.54338
0.60375
0.38188
0.54206
0.39538
0.36819
0.36838
0.52706
0.38544
0.56769
0.56181
0.54587
0.51806
0.58044
0.345
0.57775
0.38487
0.23913
0.49375
0.52294
0.7455
0.4965
0.49644
0.322
0.55125
0.34794
0.48725
0.39375
0.46237
0.39294
0.53294
0.44444
0.51494
0.29025
0.20481
0.626
0.48994
0.39006
0.55512
0.49431
0.45719
0.5655
0.44225
0.50313
0.53225
0.34975
0.77431
0.37981
0.50975
0.43125
0.41263
0.54375
0.391
0.30856
0.37737
0.45975
0.47287
0.4695
0.44719
0.42625
0.56044
0.61744
0.46131
0.60787
0.55506
0.57244
0.5415
0.65187
0.68594
0.52569
0.62125
0.37475
0.44094
0.34963
0.60231
0.58031
0.52856
0.54819
0.40894
0.35925
0.51006
0.60725
0.355
0.57288
0.46231
0.51863
0.41275
0.45463
0.64687
0.71494
0.37688
0.57125
0.61262
0.36513
0.26375
0.46756
0.61213
0.49812
0.39844
0.51238
0.31912
0.56325
0.58881
0.73875
0.64644
0.53687
0.6045
0.29019
0.41475
0.47269
0.67344
0.39887
0.37719
0.53644
0.50025
0.58
0.34419
0.41563
0.35475
0.58313
0.48988
0.48944
0.79694
0.56344
0.47431
0.39169
0.50038
0.3925
0.33394
0.45869
0.533
0.6945
0.67881
0.25188
0.37237
0.436
0.39463
0.38431
0.38962
0.59313
0.50919
0.36906
0.41769
0.33213
0.61069
0.42838
0.42437
0.52406
0.5675
0.62262
0.61625
0.55763
0.46119
0.52719
0.2975
0.54025
0.44212
0.454
0.61875
0.60913
0.52431
0.4875
0.46713
0.51556
0.41656
0.54906
0.677
0.34425
0.40894
0.55906
0.57544
0.59206
0.593
0.44106
0.44606
0.56831
0.44025
0.43975
0.39269
0.31275
0.56788
0.56675
0.61956
0.65363
0.56075
0.51081
0.41456
0.59844
0.36475
0.71
0.45338
0.36075
0.69969
0.58475
0.52075
0.39431
0.4905
0.634
0.16575
0.5785
0.40344
0.33275
0.40187
0.68231
0.47031
0.492
0.5505
0.49475
0.57425
0.51594
0.59912
0.49538
0.41075
0.46781
0.52887
0.57062
0.48488
0.40281
0.43444
0.40387
0.5635
0.65569
0.58125
0.38844
0.69256
0.35369
0.55675
0.36719
0.50887
0.72244
0.3135
0.28087
0.45675
0.43975
0.53931
0.37031
0.44856
0.37769
0.68406
0.37256
0.43
0.62081
0.61638
0.44406
0.43069
0.37981
0.63419
0.41481
0.38706
0.33363
0.71369
0.58094
0.3935
0.44906
0.45006
0.58937
0.51281
0.52081
0.54181
0.39369
0.46131
0.58781
0.55731
0.40019
0.454
0.51519
0.26456
0.37369
0.46031
0.6475
0.46537
0.65037
0.66875
0.54106
0.60369
0.64656
0.51244
0.41106
0.36838
0.3395
0.39856
0.28731
0.51025
0.52987
0.42431
0.54169
0.4305
0.61188
0.37538
0.46919
0.20331
0.49931
0.62094
0.4295
0.339
0.48237
0.62094
0.43831
0.43044
0.58294
0.5175
0.73706
0.35294
0.71087
0.56262
0.13162
0.39913
0.54194
0.47825
0.4605
0.48775
0.58694
0.491
0.35363
0.45369
0.38925
0.55862
0.504
0.39513
0.35581
0.49194
0.35369
0.45463
0.54594
0.43875
0.43956
0.70075
0.5645
0.46081
0.56031
0.62938
0.4715
0.49394
0.53556
0.39925
0.4615
0.43512
0.64025
0.33413
0.35131
0.40744
0.43081
0.67825
0.40625
0.44588
0.51731
0.47937
0.48544
0.57806
0.51275
0.41519
0.493
0.65444
0.6155
0.68075
0.58481
0.43456
0.59444
0.41844
0.384
0.28219
0.60581
0.48881
0.49687
0.7755
0.79425
0.48269
0.7795
0.63581
0.50531
0.52181
0.51956
0.37338
0.81231
0.44319
0.55681
0.53231
0.47581
0.57131
0.6135
0.52625
0.45925
0.47863
0.51206
0.57188
0.52794
0.42375
0.422
0.49831
0.48319
0.61019
0.57088
0.36919
0.402
0.40694
0.67863
0.35306
0.48787
0.32081
0.50744
0.71175
0.50944
0.4395
0.57037
0.66437
0.54975
0.6925
0.37156
0.53131
0.50662
0.43112
0.55194
0.47288
0.33556
0.33981
0.67875
0.56163
0.55931
0.47906
0.467
0.4665
0.58256
0.65163
0.359
0.74544
0.61025
0.515
0.54619
0.61662
0.48562
0.52244
0.47781
0.45331
0.35287
0.45212
0.47106
0.62325
0.65406
0.46044
0.68725
0.51381
0.4995
0.62531
0.42912
0.39394
0.74562
0.30219
0.52638
0.37512
0.60581
0.7665
0.52106
0.67106
0.541
0.51375
0.52669
0.50481
0.48819
0.57694
0.55844
0.38625
0.58013
0.4555
0.49406
0.33562
0.49606
0.47656
0.66131
0.39544
0.40219
0.50425
0.44662
0.47188
0.362
0.42363
0.52094
0.54612
0.5995
0.29275
0.61513
0.55806
0.64469
0.75281
0.55525
0.47369
0.51169
0.6025
0.44237
0.60581
0.74075
0.63612
0.48612
0.37338
0.50462
0.59394
0.62806
0.53431
0.57706
0.3785
0.716
0.59794
0.49175
0.65831
0.60619
0.73087
0.38175
0.50962
0.37775
0.47594
0.34225
0.38275
0.4195
0.45275
0.61062
0.50225
0.41525
0.474
0.47275
0.68944
0.60537
0.58806
0.49475
0.48337
0.52644
0.55781
0.74706
0.61931
0.61756
0.51562
0.52881
0.53437
0.48581
0.30344
0.54281
0.61506
0.54125
0.52756
0.388
0.67869
0.40769
0.738
0.52163
0.42131
0.52313
0.51438
0.52206
0.44737
0.30206
0.63756
0.80319
0.58056
0.48012
0.75231
0.63412
0.62081
0.58906
0.38494
0.48387
0.63894
0.449
0.626
0.37475
0.46481
0.59037
0.71025
0.53406
0.49181
0.46269
0.34363
0.50081
0.51894
0.47025
0.64906
0.64213
0.62331
0.40956
0.70719
0.5435
0.47281
0.42919
0.73106
0.48125
0.664
0.73013
0.45962
0.48481
0.51531
0.73112
0.51831
0.34344
0.70137
0.46469
0.47075
0.40338
0.51594
0.54769
0.54181
0.35075
0.5275
0.52375
0.9205
0.62106
0.776
0.59619
0.62556
0.47919
0.37806
0.42569
0.60331
0.64387
0.49006
0.5445
0.524
0.48381
0.47581
0.44081
0.47044
0.60769
0.545
0.488
0.4175
0.46944
0.86906
0.49394
0.5635
0.41819
0.62312
0.46013
0.49969
0.58006
0.47819
0.62625
0.683
0.5265
0.53669
0.40294
0.39906
0.61412
0.68994
0.6085
0.63519
0.27763
0.62088
0.44869
0.47425
0.45794
0.4375
0.56275
0.55488
0.44587
0.5005
0.50338
0.47687
0.70588
0.51444
0.42994
0.37381
0.57588
0.54819
0.56769
0.42069
0.654
0.50675
0.54806
0.20969
0.69725
0.63687
0.53175
0.45012
0.53838
0.667
0.62581
0.53837
0.55963
0.64806
0.33531
0.62338
0.588
0.508
0.49275
0.44306
0.51487
0.46463
0.79075
0.69931
0.58606
0.61256
0.49525
0.36362
0.57025
0.63294
0.47306
0.48119
0.331
0.54238
0.66613
0.63994
0.58213
0.45731
0.4
0.51094
0.35769
0.71962
0.52819
0.32025
0.51475
0.51075
