0.192
0.15
0.31825
0.4495
0.25875
0.21675
0.2955
0.32075
0.3445
0.252
0.32475
0.199
0.414
0.28325
0.34375
0.24175
0.252
0.34175
0.23275
0.16575
0.1845
0.4355
0.1625
0.3155
0.31175
0.262
0.40625
0.32075
0.411
0.36525
0.34475
0.174
0.152
0.2495
0.304
0.45875
0.30075
0.35925
0.1355
0.3715
0.31975
0.331
0.39
0.237
0.1975
0.28575
0.63125
0.33425
0.05275
0.4515
0.2875
0.34825
0.31275
0.341
0.281
0.08975
0.331
0.412
0.435
0.279
0.144
0.49825
0.2805
0.377
0.36175
0.17025
0.3285
0.1875
0.2275
0.27525
0.23575
0.293
0.1395
0.2825
0.25475
0.441
0.2805
0.24
0.33225
0.44875
0.38775
0.271
0.506
0.6025
0.331
0.28775
0.59175
0.3465
0.19325
0.292
0.36125
0.30775
0.30175
0.306
0.3205
0.26525
0.4775
0.341
0.22325
0.352
0.24375
0.325
0.457
0.221
0.35975
0.17925
0.339
0.2775
0.21325
0.2065
0.3185
0.42975
0.242
0.1525
0.22725
0.3935
0.4695
0.2725
0.458
0.55
0.34225
0.426
0.18125
0.28225
0.2595
0.3955
0.307
0.34175
0.25625
0.3835
0.38125
0.307
0.27775
0.25075
0.274
0.2985
0.42225
0.3295
0.3715
0.3085
0.22925
0.31125
0.22925
0.22575
0.4705
0.3085
0.36925
0.5605
0.22575
0.318
0.2845
0.4095
0.2965
0.24025
0.2045
0.22675
0.29475
0.0585
0.27775
0.44425
0.24575
0.4245
0.3135
0.1915
0.48375
0.42425
0.5205
0.1715
0.24525
0.2485
0.28275
0.17725
0.22975
0.294
0.26875
0.24175
0.36475
0.3475
0.30125
0.35925
0.27825
0.48375
0.284
0.22075
0.42025
0.2405
0.457
0.32725
0.294
0.22875
0.42825
0.338
0.28775
0.33575
0.1565
0.367
0.23675
0.3425
0.24625
0.3545
0.2585
0.24425
0.4195
0.21375
0.4195
0.247
0.40225
0.36775
0.3485
0.3055
0.224
0.3765
0.375
0.12375
0.431
0.2145
0.31075
0.251
0.37925
0.09525
0.35425
0.28725
0.24475
0.28575
0.3705
0.30325
0.61125
0.25025
0.381
0.1825
0.2565
0.294
0.3105
0.2865
0.241
0.40075
0.35
0.52725
0.32225
0.539
0.18375
0.1775
0.26
0.25775
0.5355
0.32325
0.1185
0.17525
0.26875
0.326
0.21375
0.267
0.282
0.4385
0.316
0.22225
0.2835
0.42075
0.26425
0.2545
0.19675
0.3595
0.291
0.10775
0.17825
0.53275
0.18
0.259
0.17075
0.26875
0.41575
0.30425
0.42
0.362
0.1855
0.36475
0.32925
0.44025
0.26125
0.3265
0.259
0.1565
0.16275
0.339
0.452
0.3555
0.5105
0.48975
0.345
0.24175
0.57875
0.3645
0.131
0.1655
0.17875
0.179
0.173
0.27375
0.42625
0.39575
0.4725
0.25325
0.31575
0.346
0.33675
0.115
0.345
0.4745
0.3415
0.3
0.43525
0.51375
0.4765
0.41925
0.32825
0.06
0.4875
0.255
0.3595
0.36725
0.46475
0.191
0.25225
0.16675
0.39625
0.1175
0.18925
0.37875
0.16975
0.39175
0.21325
0.211
0.2435
0.246
0.2175
0.37025
0.426
0.3745
0.27425
0.25475
0.24875
0.23725
0.2335
0.351
0.30425
0.3585
0.40275
0.35575
0.267
0.366
0.281
0.2475
0.445
0.18475
0.06125
0.18825
0.217
0.50425
0.14575
0.267
0.3325
0.41925
0.329
0.07875
0.37425
0.18725
0.2165
0.4395
0.334
0.39525
0.2285
0.11375
0.31575
0.27175
0.29925
0.39525
0.26225
0.356
0.3065
0.30875
0.4225
0.32
0.52125
0.369
0.29275
0.2315
0.23775
0.3045
0.5875
0.283
0.41175
0.2965
0.22075
0.55225
0.34775
0.32
0.353
0.323
0.3795
0.32025
0.35025
0.225
0.14175
0.3195
0.25625
0.2975
0.43825
0.1685
0.359
0.259
0.076
0.2665
0.1975
0.50775
0.50325
0.4595
0.24275
0.18075
0.2315
0.2695
0.352
0.34075
0.241
0.28025
0.22925
0.166
0.4
0.255
0.2145
0.14925
0.36325
0.50675
0.28425
0.157
0.298
0.348
0.49925
0.35825
0.2035
0.493
0.4685
0.45325
0.4065
0.4705
0.23675
0.307
0.26125
0.14275
0.26825
0.248
0.3605
0.3245
0.3485
0.199
0.45825
0.40025
0.48825
0.27425
0.24775
0.4375
0.45725
0.31325
0.298
0.15125
0.1575
0.276
0.21175
0.49
0.38725
0.44225
0.45775
0.3325
0.2185
0.5235
0.3395
0.36175
0.47375
0.39475
0.2135
0.6005
0.294
0.15475
0.3735
0.223
0.25925
0.354
0.211
0.373
0.09325
0.39175
0.41775
0.38575
0.33925
0.08
0.1895
0.45575
0.37325
0.4665
0.2825
0.383
0.4695
0.372
0.2525
0.38125
0.385
0.236
0.24325
0.22275
0.36075
0.53125
0.25525
0.54175
0.412
0.19825
0.436
0.48025
0.45025
0.40675
0.24225
0.32625
0.159
0.41975
0.334
0.30025
0.29425
0.27125
0.22175
0.1035
0.3875
0.17025
0.22275
0.3055
0.25975
0.52825
0.34025
0.45075
0.2485
0.26625
0.53025
0.4145
0.6645
0.16575
0.31725
0.307
0.43975
0.2165
0.39025
0.1785
0.2855
0.2895
0.2435
0.344
0.369
0.49875
0.30875
0.0915
0.277
0.1865
0.10775
0.38775
0.4765
0.24225
0.23625
0.30275
0.5065
0.3955
0.259
0.635
0.555
0.29825
0.40175
0.301
0.3845
0.404
0.19425
0.45275
0.1495
0.16325
0.29175
0.41425
0.47575
0.254
0.392
0.325
0.47175
0.27
0.14875
0.379
0.3325
0.3835
0.247
0.53875
0.2515
0.2025
0.16925
0.33725
0.17575
0.31725
0.495
0.256
0.43425
0.3105
0.4475
0.3355
0.19125
0.55925
0.15025
0.32575
0.32375
0.256
0.47675
0.39225
0.2595
0.1785
0.41375
0.68025
0.6455
0.43675
0.348
0.469
0.46075
0.359
0.2705
0.39975
0.51075
0.339
0.18025
0.31375
0.4695
0.404
0.3705
0.41525
0.29275
0.2485
0.27125
0.2985
0.288
0.50675
0.198
0.1755
0.24275
0.16275
0.23275
0.33125
0.187
0.2695
0.2805
0.33725
0.29275
0.32375
0.2005
0.26275
0.445
0.509
0.2705
0.3575
0.1975
0.44525
0.22475
0.2455
0.3305
0.1935
0.33575
0.21475
0.51525
0.3575
0.28325
0.35825
0.50025
0.14275
0.329
0.22775
0.45225
0.5255
0.424
0.2395
0.52875
0.37475
0.26
0.29225
0.203
0.3355
0.31175
0.39425
0.378
0.58825
0.402
0.30575
0.32
0.34975
0.24025
0.39375
0.21975
0.26325
0.36225
0.32625
0.227
0.2465
0.54775
0.3215
0.31275
0.484
0.3105
0.34125
0.326
0.3125
0.32375
0.34825
0.5265
0.43775
0.41925
0.3305
0.3
0.277
0.3305
0.3395
0.2405
0.43125
0.32225
0.0775
0.19575
0.31575
