0.50728
0.29328
0.38548
0.25141
0.29052
0.31809
0.41145
0.38955
0.77545
0.38438
0.2977
0.50033
0.62091
0.49214
0.31788
0.37769
0.3725
0.40822
0.48513
0.46666
0.47992
0.35044
0.43278
0.43902
0.38647
0.26123
0.45766
0.35413
0.60202
0.22458
0.43244
0.50073
0.46105
0.56009
0.33839
0.44448
0.45886
0.47953
0.46905
0.41273
0.26431
0.46588
0.42219
0.40167
0.29464
0.36114
0.31164
0.42361
0.49306
0.23977
0.43941
0.35155
0.45541
0.40177
0.35814
0.44658
0.43412
0.62455
0.39847
0.35933
0.40155
0.30209
0.30238
0.53448
0.4978
0.27813
0.41075
0.49292
0.4208
0.44034
0.49297
0.44069
0.31914
0.45878
0.60389
0.19402
0.46567
0.39741
0.39655
0.35642
0.27817
0.59306
0.40872
0.48284
0.45775
0.49577
0.24317
0.4183
0.22291
0.43794
0.48569
0.58906
0.46206
0.35792
0.18673
0.36323
0.40136
0.27395
0.48781
0.32084
0.35244
0.37492
0.3462
0.2965
0.49725
0.46645
0.40233
0.46036
0.36661
0.51916
0.36388
0.39541
0.52017
0.49825
0.37641
0.45922
0.35483
0.40053
0.27672
0.38455
0.55506
0.49073
0.43058
0.41934
0.55222
0.24089
0.45458
0.4702
0.34369
0.53195
0.35139
0.3268
0.31625
0.57588
0.39755
0.41178
0.29205
0.5098
0.28602
0.30038
0.45138
0.48384
0.56375
0.29544
0.34705
0.38205
0.6598
0.6883
0.49752
0.37941
0.4213
0.42856
0.29797
0.42384
0.409
0.23839
0.34017
0.24147
0.24089
0.40575
0.48922
0.46555
0.33273
0.57695
0.41077
0.48792
0.56712
0.33838
0.65227
0.48777
0.2955
0.25694
0.25942
0.33302
0.48625
0.56478
0.32436
0.47822
0.30761
0.41416
0.39291
0.56936
0.34283
0.42284
0.41023
0.54161
0.50994
0.435
0.50869
0.22533
0.49322
0.42673
0.43108
0.29448
0.33445
0.43355
0.36555
0.47025
0.36519
0.27633
0.35372
0.52978
0.28887
0.43495
0.25694
0.25173
0.24394
0.45473
0.51622
0.47789
0.35656
0.22534
0.34727
0.3105
0.48022
0.56852
0.47891
0.35398
0.30531
0.39028
0.41333
0.51686
0.55059
0.41317
0.34687
0.43922
0.3178
0.34786
0.3652
0.56642
0.46592
0.35658
0.49752
0.39961
0.48322
0.37325
0.53398
0.34952
0.23753
0.33609
0.49278
0.38827
0.44795
0.43636
0.45734
0.45508
0.44502
0.50264
0.29495
0.41113
0.44914
0.58334
0.39306
0.61806
0.34736
0.51964
0.23598
0.45733
0.29025
0.5163
0.45423
0.34453
0.37619
0.49523
0.51552
0.40911
0.46889
0.32787
0.43848
0.24764
0.56548
0.17928
0.42506
0.38558
0.27422
0.24961
0.43753
0.39239
0.47817
0.37591
0.28025
0.52087
0.50834
0.40128
0.39942
0.46908
0.38941
0.34495
0.41042
0.52275
0.66159
0.31508
0.26495
0.42677
0.56328
0.59203
0.40428
0.41152
0.44398
0.23641
0.46447
0.5257
0.34134
0.27627
0.36358
0.27797
0.43384
0.38159
0.38797
0.26961
0.25552
0.46787
0.37389
0.31445
0.52398
0.47833
0.79469
0.42586
0.33195
0.37116
0.20108
0.55303
0.58266
0.35867
0.39827
0.32897
0.57869
0.66445
0.45483
0.5142
0.45066
0.48317
0.55778
0.47633
0.44134
0.16997
0.21927
0.3833
0.26153
0.26337
0.33692
0.38609
0.31506
0.3808
0.40238
0.54895
0.41972
0.45561
0.47123
0.38989
0.45719
0.36205
0.43619
0.30231
0.45061
0.25836
0.4977
0.35167
0.34138
0.41272
0.47803
0.43992
0.46253
0.33434
0.47898
0.27619
0.54731
0.37375
0.38177
0.44419
0.4715
0.35587
0.34539
0.36259
0.58692
0.37161
0.43205
0.29278
0.38702
0.33744
0.69338
0.38494
0.54806
0.43356
0.30439
0.49178
0.38186
0.51306
0.48591
0.53289
0.32362
0.3587
0.31875
0.43952
0.32908
0.40156
0.41892
0.55827
0.44344
0.74817
0.38428
0.1365
0.58325
0.44062
0.52553
0.38627
0.37919
0.2728
0.4355
0.26397
0.41647
0.42467
0.33397
0.38786
0.32575
0.21809
0.4348
0.44577
0.4272
0.62725
0.38545
0.5685
0.42316
0.36945
0.39036
0.51006
0.37445
0.26083
0.37419
0.44355
0.47052
0.60748
0.55866
0.42798
0.42495
0.32106
0.35225
0.52733
0.67461
0.4058
0.4
0.5122
0.48977
0.21758
0.31006
0.50994
0.51872
0.279
0.48003
0.50589
0.47855
0.41927
0.51611
0.25769
0.34097
0.51102
0.55655
0.42864
0.31591
0.43195
0.51167
0.32331
0.48431
0.51272
0.6758
0.27134
0.44184
0.32108
0.3433
0.34198
0.37955
0.42608
0.35886
0.57109
0.33142
0.52012
0.52797
0.28367
0.49584
0.41033
0.55681
0.27106
0.38933
0.34631
0.56461
0.48584
0.51339
0.42798
0.38131
0.48653
0.38733
0.36278
0.32258
0.31945
0.32617
0.67673
0.44436
0.56803
0.50948
0.5867
0.51469
0.52508
0.71778
0.29884
0.59159
0.60064
0.50597
0.44639
0.36297
0.49047
0.24261
0.47405
0.58595
0.45445
0.63922
0.5205
0.58581
0.49394
0.51798
0.34689
0.29336
0.3785
0.51595
0.40081
0.57722
0.49927
0.37638
0.32272
0.30208
0.47702
0.34313
0.46273
0.38625
0.31206
0.38745
0.76294
0.27666
0.55153
0.47466
0.36128
0.52638
0.3272
0.4133
0.42955
0.34519
0.43984
0.44459
0.23209
0.55813
0.35384
0.29453
0.34866
0.19981
0.31816
0.43345
0.48398
0.46409
0.21452
0.30492
0.38413
0.3238
0.26719
0.43831
0.58747
0.32927
0.25248
0.44227
0.31841
0.41519
0.40106
0.31978
0.60327
0.61328
0.54006
0.34336
0.55502
0.42512
0.32756
0.293
0.63591
0.37927
0.47322
0.59684
0.51966
0.24002
0.28784
0.35352
0.23353
0.34055
0.52816
0.31827
0.4753
0.26228
0.33325
0.43534
0.42955
0.56592
0.43641
0.51511
0.53622
0.37386
0.67309
0.37688
0.32541
0.36698
0.39275
0.38955
0.40945
0.38642
0.49503
0.40739
0.61156
0.27658
0.40283
0.22703
0.487
0.46225
0.3458
0.53673
0.34461
0.28739
0.32255
0.49208
0.47764
0.39737
0.31355
0.48959
0.44555
0.53188
0.33883
0.25522
0.59278
0.4032
0.4293
0.462
0.22248
0.53131
0.35337
0.47748
0.29739
0.29711
0.39487
0.41209
0.27205
0.55863
0.48428
0.47827
0.33652
0.36567
0.40731
0.40798
0.65464
0.41022
0.5467
0.55191
0.3772
0.49278
0.51017
0.42703
0.28611
0.44887
0.32452
0.53342
0.64963
0.29508
0.50836
0.41025
0.58481
0.31091
0.49594
0.44403
0.32816
0.43695
0.41836
0.31316
0.49692
0.53031
0.44139
0.24864
0.27863
0.72191
0.46347
0.37587
0.32194
0.32292
0.51917
0.41278
0.45391
0.38919
0.5428
0.50131
0.28631
0.34175
0.39319
0.29639
0.28533
0.53144
0.36697
0.47366
0.44012
0.2638
0.40598
0.61602
0.43222
0.41002
0.67192
0.41628
0.32727
0.27258
0.4092
0.60597
0.47023
0.51788
0.32956
0.35891
0.39795
0.24578
0.3635
0.36759
0.45108
0.39305
0.46456
