0.258
0.21275
0.58925
0.36125
0.2735
0.393
0.6455
-0.04175
0.20475
0.3155
0.38025
0.16625
0.39675
0.41175
0.419
0.21425
0.3395
0.467
0.162
0.4085
0.1955
0.16525
0.3115
0.36425
0.42875
0.4165
0.50475
0.2405
0.44075
0.3895
0.373
0.42325
0.601
0.342
0.469
0.258
0.6025
0.4605
0.34975
0.374
0.39925
0.5055
0.4605
0.36275
0.30125
0.37075
0.30575
0.40825
0.39275
0.47375
-0.03575
0.24275
0.166
0.14225
0.30575
0.67425
0.28325
0.26325
0.28075
0.1245
0.32325
0.22425
0.45775
0.41525
0.29925
0.52975
0.2275
0.35325
0.36475
0.0935
0.282
0.29975
0.31375
0.22775
0.44475
0.29675
0.25125
0.1635
0.32225
-0.0165
0.28875
0.368
0.36775
0.24425
0.26775
0.56375
0.22475
0.14975
0.2045
0.15875
0.28925
0.3905
0.615
0.30475
0.31075
0.264
0.41625
0.62325
0.49325
0.36075
0.434
0.22525
0.18475
0.372
0.174
0.1005
0.24525
0.33925
0.086
0.23625
0.31075
0.2105
0.41575
0.20475
0.29175
0.3485
0.3975
0.14
0.583
0.25525
0.55775
0.38375
0.4285
0.13425
0.3955
0.492
0.3925
0.254
0.31625
0.1735
0.2975
0.53275
0.111
0.3645
0.2425
-0.00175
0.08075
0.39225
0.27025
0.2905
0.18725
0.299
0.4525
0.25725
0.14
0.20625
0.052
0.343
0.352
0.229
0.308
-0.0295
0.3655
0.061
0.3385
0.52925
0.1975
0.23875
0.3675
0.247
0.51125
0.36375
0.28675
0.2835
0.1485
0.15775
0.589
0.33475
0.3415
0.3225
0.179
0.12025
0.18925
0.09975
0.3265
0.63225
0.15525
0.317
0.26125
0.3325
0.36475
0.17625
0.593
0.53025
0.1675
0.20975
0.15475
0.22875
0.2915
0.40675
0.28825
-0.011
0.1045
0.31075
0.44275
0.27975
0.24025
0.03675
0.06375
0.30025
0.28425
0.324
0.2465
0.24875
0.32975
0.327
0.238
0.3905
0.41725
0.31625
0.16675
0.092
0.254
0.4135
0.34125
0.23875
0.24375
0.412
0.2615
0.43825
0.18175
0.10025
0.414
0.2945
0.10775
0.5075
0.27975
0.39325
0.259
0.30625
0.401
0.196
0.19475
0.50375
0.20225
0.3425
0.542
0.358
0.16625
0.289
0.12925
0.226
0.43975
0.518
0.26525
0.035
0.2765
0.3315
0.2455
0.15225
0.4175
0.3395
0.35025
0.41325
0.637
0.46675
0.18675
0.15
0.22675
0.29075
0.409
0.1365
0.3575
0.4495
0.26425
0.2905
0.3855
0.3065
0.43775
0.311
0.30475
0.12875
0.36475
0.54275
0.26575
0.3365
0.10675
0.43275
0.358
0.097
0.368
0.23425
0.2005
0.3025
0.3135
0.2505
-0.012
0.116
0.11975
0.37225
0.241
0.315
0.44625
0.2345
0.1925
0.37625
0.41625
0.33625
0.0905
0.13475
0.26525
0.225
0.43975
0.34825
0.33825
0.12875
0.6475
0.47875
0.53875
0.4185
0.3915
0.65475
0.10225
0.2155
0.37725
0.511
0.4645
0.26225
0.46875
0.41875
0.25225
0.3225
0.17625
0.28075
0.04125
0.35625
0.24525
0.274
0.2155
0.0865
0.3635
0.29975
0.09475
0.22075
0.2075
-0.05675
0.327
0.43175
0.37125
0.208
0.4535
0.25625
0.325
0.39375
0.401
0.18525
0.45425
0.2825
0.22875
0.43625
0.32425
0.349
0.1865
0.38225
0.24575
0.14025
0.3955
0.195
0.09725
0.42075
0.32425
0.62275
0.184
0.0855
0.304
0.377
0.357
0.3685
0.24675
0.2465
0.53825
0.24875
0.221
0.40125
0.15175
0.43575
0.4185
0.255
0.363
0.3125
0.18775
0.29075
0.40625
0.17675
0.2725
0.54225
0.32025
0.50775
0.3725
0.077
0.37875
0.4035
0.346
0.1275
0.38275
0.31325
0.39925
0.202
0.49825
-0.02
0.32075
0.35
0.28775
0.2145
0.34375
0.0365
0.50325
0.4775
-0.03725
0.12325
0.3715
0.259
0.47175
0.3765
0.47625
0.47875
0.38675
0.28525
0.39775
0.2265
0.018
0.2785
0.5515
0.3255
0.30525
0.233
0.36175
0.50025
0.0935
0.37825
0.11875
0.49475
0.43
0.4375
0.24975
0.28675
0.285
0.26175
0.4165
0.046
0.116
0.29225
0.2245
0.6885
0.26775
0.328
0.41025
0.39575
0.3705
0.48625
0.35
0.61125
0.42875
0.29375
0.4785
0.4825
0.47025
0.32875
0.1525
0.25725
0.3645
0.254
0.2295
0.437
0.258
0.59775
0.5775
0.43025
0.4115
0.1275
0.5075
0.425
0.4655
0.5495
0.36675
0.53875
0.3485
0.289
0.4625
0.45325
0.40475
0.51775
0.473
0.35775
0.443
0.42225
0.45975
0.26875
0.2795
0.14075
0.216
0.43725
0.32875
0.4195
0.16775
0.28575
0.42575
0.40975
0.3605
0.15725
0.37475
0.364
0.24575
0.5175
0.14575
0.38925
0.28475
0.21975
0.1945
0.2715
0.404
0.178
0.31125
0.35025
0.1795
0.292
0.3485
0.3425
0.33025
0.476
0.39525
0.2785
0.666
0.47675
0.194
0.122
0.4905
0.35925
0.30875
0.3225
0.47025
0.4785
0.23075
0.482
0.446
0.3235
0.50725
0.17675
0.356
0.34625
0.558
0.4535
0.22425
0.401
0.24425
0.24
0.5395
0.303
0.54625
0.35725
0.00975
0.435
0.468
-0.089
0.55175
0.392
0.54325
0.3635
0.53325
0.37325
0.37225
0.3155
0.52825
0.283
0.33425
0.278
0.3225
0.2965
0.354
0.2455
0.2305
0.34925
0.4525
0.359
0.11525
0.41125
-0.06025
0.19025
0.32775
0.6175
0.178
0.347
0.5075
0.29675
0.487
0.072
0.138
0.214
0.131
0.54
0.336
0.66425
0.208
0.462
0.423
0.42075
0.4925
0.73275
0.4015
0.6395
0.3255
0.15075
0.203
0.57625
0.2935
-0.07575
0.46175
0.3285
0.49625
0.37325
0.38525
0.42275
0.26025
0.5135
0.222
0.319
0.3045
-0.0075
0.68025
0.5195
0.26875
0.295
0.231
0.24625
0.26575
0.24675
0.4985
0.59
0.521
0.30625
0.28225
0.52875
0.38425
0.3855
0.514
0.24375
0.53375
0.42825
0.303
0.449
0.15825
0.51525
0.6265
0.4175
0.39
0.43025
0.3965
0.19875
0.35025
0.27275
0.395
0.5285
0.38975
0.62175
0.445
0.25575
0.8435
0.19825
0.43675
0.3305
0.2825
0.46625
0.4725
0.26275
0.42725
0.44925
0.53825
0.3515
0.30225
0.26425
0.415
0.46025
0.41075
0.3965
0.55175
0.554
0.37325
0.296
0.145
0.4
0.4585
0.5795
0.54725
0.1355
0.23225
0.20775
0.39125
0.1995
0.385
0.022
0.2165
0.23575
0.2505
0.3195
0.229
0.2035
0.58625
0.39525
0.2225
0.1855
0.40875
0.65225
0.1025
0.37125
0.5095
0.31575
0.4685
0.231
0.21975
0.3795
0.358
0.308
0.332
0.23175
0.4435
0.196
0.1825
0.04825
0.29275
0.29025
0.354
0.44775
