0.36778
0.41944
0.48
0.58956
0.64111
0.92289
0.83833
0.57289
0.71633
0.65678
0.66511
0.50278
0.58078
0.71211
0.79344
0.94411
0.56033
0.69589
0.57244
0.87511
0.43356
0.81489
0.32322
0.69544
0.76844
0.86989
0.74956
0.88444
0.71089
0.93778
0.68833
0.71167
0.83544
0.65722
0.93389
0.84367
0.88133
0.76733
0.73311
0.57011
0.54467
0.85889
0.77167
0.77622
0.54533
0.44578
0.47722
0.76533
0.59856
0.88456
0.39844
0.49611
0.69322
0.51167
0.77644
0.88189
0.51567
0.75756
0.60344
0.473
0.79833
0.47067
0.76333
0.77867
0.85156
0.792
0.777
0.68033
0.66578
0.58467
0.876
0.82433
0.61922
0.47956
0.73033
0.56311
0.81556
0.33578
0.69411
0.34378
0.72789
0.71689
0.77544
0.48333
0.76433
0.97456
0.45322
0.61367
0.609
0.65756
0.43967
0.62578
0.99078
0.772
0.95944
0.56667
0.68156
0.94144
0.452
0.70078
0.75822
0.62489
0.59278
0.741
0.35989
0.38344
0.69211
0.83133
0.23111
0.53733
0.89289
0.517
0.76656
0.62878
0.89256
0.79333
0.86022
0.84278
0.644
0.57056
0.75678
0.49367
0.83133
0.846
0.73922
0.45711
0.70444
0.59844
0.48778
0.728
0.68111
0.68744
0.80667
0.89489
0.53967
0.56444
0.62522
0.732
0.53022
0.724
0.78778
0.69267
0.65556
0.706
0.50222
0.65189
0.73911
0.63122
0.61178
0.68322
0.61311
0.55722
0.62744
0.57467
0.79656
0.76133
0.81022
0.83689
0.76944
0.63722
0.78044
0.671
0.65189
0.57989
0.48444
0.63622
0.87778
0.76011
0.75378
0.82489
0.48411
0.69156
0.56422
0.71
0.68033
0.951
0.41033
0.69911
0.63967
0.65056
0.65933
0.45556
0.64922
0.98567
0.40878
0.71178
0.57967
0.631
0.89122
0.84878
0.80267
0.54022
0.32789
0.46978
0.72967
0.72811
0.61989
0.46744
0.71722
0.74244
0.58167
0.80433
0.59433
0.70478
0.84378
0.94967
0.80256
0.93289
0.73778
0.80022
0.72389
0.68311
0.626
0.57333
0.75889
0.80544
0.43133
0.96689
0.73044
0.86478
0.61211
0.528
0.64656
0.69656
0.73411
0.66
0.65189
0.65989
0.40289
0.81589
0.73089
0.81222
0.49911
0.95156
0.64967
0.71589
0.95889
0.52911
0.56689
0.52833
0.55933
0.52778
0.94722
0.70489
0.53411
0.50511
0.83278
0.65367
0.58756
0.77167
0.86489
0.71778
0.75056
0.48589
0.67956
0.87522
0.53978
0.29222
0.67444
0.82356
0.57867
0.67067
0.79122
0.64433
0.48344
0.63689
0.87811
0.70967
0.75244
0.84711
0.84233
0.44889
0.44567
0.80267
0.72844
0.78656
0.53867
0.66256
0.72967
0.67211
0.98611
0.71433
0.66856
0.64778
0.49222
0.68144
0.58267
0.40744
0.58289
0.76356
0.39356
0.66289
0.56533
0.42767
0.68744
0.64978
0.65344
0.79044
0.54778
0.67933
0.92722
0.45067
0.83722
0.83167
0.723
0.75678
0.95178
0.86011
0.73789
0.74333
0.56667
0.829
0.87567
0.44767
0.854
0.68756
0.68789
0.65589
0.86822
0.79656
0.821
0.92789
0.506
0.46167
0.55022
0.57178
0.94611
0.81833
0.72211
0.58256
0.61056
0.83156
0.98333
0.59267
0.65078
0.40422
0.61189
0.92767
0.69033
0.63678
0.73433
0.48056
0.62
0.89411
0.90167
0.70489
0.86667
0.66633
0.92689
0.76389
0.64356
0.99189
0.68644
0.63644
0.77167
0.77122
0.77178
0.59644
0.57044
0.96244
0.82278
0.83378
0.56944
0.37067
0.59644
0.64544
0.94078
0.75878
0.73389
0.73033
0.98011
0.77633
0.63244
0.75456
0.65444
0.819
0.91833
0.63078
0.76711
0.79933
0.63767
0.89156
0.678
0.61867
0.66844
0.76656
0.72189
0.82311
0.74967
0.39322
0.63222
0.33222
0.61656
0.95333
0.88456
0.574
0.55178
0.728
0.91222
0.59778
0.77667
0.79522
0.75144
0.70956
0.61811
0.48767
0.46967
0.48067
0.43689
0.59978
0.73133
0.63133
0.559
0.67789
0.57778
0.64111
0.74278
0.89267
0.72467
0.59956
0.44933
0.67244
0.82378
0.88767
0.88322
0.445
0.80556
0.78644
0.51267
0.74056
0.70256
0.89311
0.49333
0.69056
0.54989
0.654
0.71822
0.53444
0.75389
0.44544
0.6
0.68711
0.56378
0.84756
0.68511
0.69722
0.66367
0.72389
0.84333
0.83611
0.77567
0.97133
0.70678
0.52144
0.46267
0.97078
0.52367
0.64378
0.78778
0.61567
0.65089
0.58
0.26544
0.79589
0.49356
0.90244
0.98744
0.48278
0.79478
0.65656
0.41378
0.93544
0.59733
0.94144
0.70611
0.987
0.64478
0.67956
0.79922
0.81922
0.96478
0.79511
0.60744
0.63733
0.90622
0.76289
0.719
0.47122
0.40244
0.59656
0.44333
0.61489
0.93922
0.72789
0.70244
0.85922
0.77611
0.71444
0.66822
0.64356
0.53856
0.49167
0.61111
0.76744
0.63044
0.66222
0.773
0.47778
0.34389
0.64133
0.57689
0.59667
0.63622
0.67811
0.68789
0.72822
0.84411
0.58033
0.74833
0.67011
0.98456
0.682
0.72444
0.88067
0.65767
0.72211
0.63444
0.957
0.83833
0.91644
0.81511
0.78678
0.56678
0.59667
0.70611
0.91278
0.78878
0.73578
0.44033
0.66022
0.99422
0.80256
0.52556
0.92556
0.55022
0.81
0.729
0.81778
0.72856
0.68356
0.705
0.61278
0.98478
0.42633
0.82178
0.613
0.93189
0.50022
0.75611
0.78922
0.73956
0.79511
0.78456
0.65633
0.71822
0.74011
0.584
0.458
0.76044
0.671
0.52022
0.632
0.79311
0.96011
0.67411
0.66889
0.55744
0.56567
0.93922
0.99056
0.57867
0.65856
0.96456
0.70567
0.79478
0.61367
0.83489
0.53978
0.543
0.78133
0.73556
0.77567
0.53244
0.84
0.88211
0.86122
0.92389
0.89011
0.65778
0.74122
0.64289
0.85378
0.75767
0.77522
0.66567
0.46056
0.835
0.76344
0.89367
0.87722
0.60856
0.89011
0.75078
0.94144
0.84478
0.80211
0.69789
0.64189
0.89822
0.69311
0.95067
0.67522
0.81922
0.69789
0.74489
0.48056
0.72067
0.82578
0.75533
0.63744
0.69011
0.92089
0.97078
0.77278
0.78511
0.47733
0.76089
0.64778
0.66367
0.62622
0.60889
0.85944
0.87011
0.82256
0.95656
0.74244
0.48678
0.59356
0.60478
0.58656
0.90467
0.91933
0.665
0.84611
0.85511
0.74167
0.81144
0.77533
0.73433
0.57311
0.68111
0.77956
0.60222
0.67367
0.66556
0.77533
0.92689
0.88033
0.55467
0.66822
0.81478
0.58089
0.39956
0.77422
0.689
0.92267
0.81733
0.45322
0.61267
0.87389
0.83533
0.78422
0.74756
0.55756
0.59956
0.48856
0.72711
0.64511
0.81378
0.55389
0.543
0.57144
0.85811
0.73922
0.64844
0.85778
0.66489
0.84211
0.75489
0.73878
0.71156
0.82878
0.71833
0.51933
0.89222
0.713
0.80789
0.57489
0.843
0.51244
0.56511
0.542
0.61878
0.71667
0.812
0.62256
0.64056
0.58944
0.89867
0.54478
0.69522
0.77889
