1.917
1.942
1.959
2.000
2.032
2.040
2.067
2.069
2.074
2.077
2.083
2.093
2.095
2.116
2.116
2.129
2.146
2.147
2.149
2.155
2.157
2.175
2.177
2.182
2.183
2.186
2.201
2.204
2.209
2.211
2.214
2.215
2.216
2.218
2.221
2.227
2.229
2.232
2.234
2.235
2.243
2.244
2.246
2.247
2.249
2.251
2.254
2.254
2.255
2.256
2.256
2.259
2.260
2.261
2.262
2.265
2.266
2.272
2.273
2.279
2.286
2.290
2.293
2.295
2.296
2.303
2.303
2.303
2.304
2.304
2.306
2.306
2.308
2.308
2.318
2.319
2.320
2.321
2.322
2.322
2.325
2.327
2.329
2.329
2.329
2.331
2.331
2.333
2.335
2.336
2.337
2.338
2.341
2.342
2.342
2.346
2.346
2.348
2.350
2.350
2.350
2.354
2.356
2.356
2.356
2.360
2.362
2.364
2.364
2.365
2.366
2.366
2.370
2.372
2.374
2.377
2.377
2.380
2.380
2.382
2.382
2.383
2.385
2.387
2.387
2.388
2.388
2.389
2.391
2.392
2.392
2.392
2.393
2.393
2.395
2.398
2.399
2.403
2.404
2.406
2.406
2.408
2.408
2.408
2.409
2.412
2.412
2.412
2.413
2.415
2.418
2.419
2.420
2.421
2.422
2.426
2.427
2.431
2.431
2.432
2.435
2.435
2.436
2.437
2.438
2.440
2.440
2.440
2.441
2.443
2.443
2.444
2.444
2.445
2.446
2.446
2.447
2.447
2.448
2.448
2.449
2.449
2.450
2.450
2.450
2.451
2.453
2.454
2.457
2.460
2.461
2.463
2.465
2.465
2.468
2.468
2.468
2.468
2.469
2.471
2.473
2.473
2.476
2.476
2.476
2.476
2.477
2.478
2.479
2.479
2.479
2.480
2.480
2.481
2.482
2.482
2.483
2.483
2.484
2.484
2.484
2.484
2.485
2.486
2.487
2.488
2.489
2.490
2.491
2.491
2.492
2.493
2.493
2.494
2.495
2.497
2.497
2.499
2.500
2.500
2.501
2.501
2.507
2.509
2.510
2.512
2.512
2.514
2.514
2.515
2.515
2.516
2.517
2.517
2.518
2.519
2.519
2.520
2.521
2.521
2.521
2.521
2.524
2.525
2.525
2.525
2.525
2.526
2.527
2.527
2.530
2.531
2.533
2.533
2.534
2.537
2.538
2.539
2.539
2.540
2.540
2.540
2.541
2.543
2.545
2.545
2.545
2.546
2.547
2.547
2.547
2.548
2.548
2.549
2.550
2.551
2.551
2.552
2.554
2.555
2.555
2.559
2.560
2.560
2.560
2.560
2.562
2.562
2.563
2.563
2.564
2.565
2.566
2.567
2.567
2.567
2.568
2.570
2.571
2.571
2.571
2.573
2.574
2.575
2.575
2.576
2.576
2.576
2.576
2.577
2.578
2.578
2.578
2.581
2.581
2.582
2.582
2.583
2.584
2.585
2.585
2.586
2.586
2.587
2.587
2.588
2.588
2.588
2.589
2.590
2.591
2.591
2.592
2.593
2.594
2.595
2.596
2.598
2.598
2.598
2.600
2.600
2.602
2.602
2.602
2.604
2.604
2.605
2.605
2.606
2.607
2.607
2.608
2.608
2.608
2.610
2.610
2.612
2.613
2.614
2.615
2.617
2.618
2.618
2.618
2.619
2.619
2.619
2.619
2.619
2.619
2.620
2.621
2.622
2.622
2.622
2.623
2.624
2.624
2.624
2.626
2.627
2.627
2.627
2.628
2.629
2.630
2.630
2.632
2.632
2.632
2.633
2.633
2.633
2.636
2.636
2.637
2.637
2.639
2.641
2.644
2.644
2.646
2.647
2.648
2.649
2.649
2.651
2.652
2.653
2.654
2.655
2.655
2.655
2.657
2.658
2.660
2.660
2.661
2.662
2.662
2.662
2.663
2.663
2.666
2.667
2.672
2.672
2.673
2.675
2.677
2.678
2.680
2.680
2.681
2.681
2.682
2.682
2.686
2.687
2.687
2.688
2.688
2.689
2.689
2.690
2.691
2.692
2.694
2.695
2.698
2.698
2.698
2.699
2.701
2.701
2.702
2.702
2.705
2.705
2.707
2.708
2.709
2.709
2.710
2.711
2.711
2.714
2.715
2.715
2.716
2.716
2.717
2.717
2.717
2.718
2.719
2.719
2.720
2.721
2.721
2.724
2.725
2.725
2.728
2.728
2.728
2.730
2.733
2.734
2.735
2.737
2.738
2.739
2.740
2.740
2.741
2.742
2.742
2.743
2.743
2.744
2.745
2.746
2.746
2.747
2.747
2.748
2.749
2.751
2.753
2.756
2.757
2.757
2.758
2.758
2.759
2.761
2.762
2.766
2.767
2.768
2.768
2.769
2.769
2.770
2.770
2.770
2.771
2.773
2.775
2.776
2.778
2.779
2.779
2.781
2.784
2.784
2.784
2.786
2.788
2.791
2.792
2.793
2.793
2.793
2.794
2.795
2.797
2.797
2.798
2.800
2.800
2.803
2.807
2.808
2.810
2.814
2.814
2.817
2.818
2.822
2.824
2.824
2.825
2.827
2.829
2.829
2.830
2.830
2.837
2.838
2.839
2.839
2.840
2.841
2.843
2.844
2.845
2.846
2.846
2.848
2.849
2.851
2.853
2.853
2.853
2.856
2.857
2.858
2.859
2.860
2.862
2.866
2.866
2.872
2.873
2.874
2.874
2.875
2.875
2.876
2.877
2.880
2.880
2.880
2.886
2.890
2.891
2.892
2.893
2.897
2.898
2.900
2.900
2.904
2.907
2.909
2.911
2.913
2.916
2.922
2.922
2.928
2.931
2.933
2.934
2.934
2.937
2.940
2.942
2.943
2.946
2.947
2.959
2.963
2.964
2.965
2.966
2.968
2.968
2.972
2.976
2.978
2.984
2.985
2.987
2.990
2.990
2.991
2.992
2.993
2.996
3.003
3.005
3.013
3.016
3.016
3.019
3.019
3.023
3.027
3.030
3.032
3.035
3.036
3.036
3.038
3.040
3.041
3.042
3.058
3.073
3.099
3.101
3.101
3.108
3.111
3.124
3.133
3.139
3.142
3.147
3.153
3.154
3.167
3.173
3.178
3.182
3.196
3.197
3.198
3.207
3.211
3.214
3.257
3.262
3.279
3.319
3.333
3.466
3.631
