1.148
1.611
2.170
2.221
2.245
2.308
2.309
2.328
2.343
2.355
2.356
2.359
2.361
2.363
2.376
2.377
2.385
2.388
2.389
2.399
2.401
2.403
2.404
2.405
2.409
2.411
2.413
2.418
2.418
2.419
2.419
2.421
2.423
2.424
2.424
2.438
2.441
2.442
2.442
2.446
2.447
2.448
2.448
2.450
2.450
2.453
2.454
2.455
2.455
2.457
2.458
2.459
2.459
2.460
2.461
2.461
2.463
2.466
2.466
2.467
2.467
2.469
2.470
2.474
2.475
2.475
2.475
2.476
2.476
2.477
2.478
2.478
2.479
2.481
2.483
2.483
2.485
2.485
2.485
2.490
2.490
2.490
2.491
2.492
2.493
2.494
2.495
2.498
2.500
2.500
2.501
2.502
2.502
2.504
2.505
2.507
2.509
2.512
2.512
2.512
2.512
2.515
2.519
2.519
2.519
2.520
2.520
2.521
2.521
2.522
2.522
2.522
2.527
2.528
2.528
2.529
2.530
2.531
2.532
2.534
2.534
2.535
2.535
2.537
2.538
2.538
2.539
2.540
2.540
2.541
2.542
2.542
2.543
2.543
2.546
2.546
2.548
2.549
2.549
2.551
2.552
2.552
2.555
2.556
2.557
2.557
2.557
2.558
2.558
2.558
2.559
2.559
2.564
2.564
2.564
2.566
2.566
2.566
2.567
2.567
2.569
2.569
2.571
2.573
2.574
2.575
2.577
2.577
2.577
2.578
2.578
2.578
2.579
2.579
2.579
2.580
2.581
2.581
2.583
2.583
2.584
2.590
2.591
2.592
2.592
2.593
2.594
2.597
2.597
2.597
2.599
2.600
2.600
2.601
2.601
2.602
2.603
2.603
2.603
2.604
2.604
2.607
2.608
2.608
2.608
2.609
2.609
2.612
2.612
2.613
2.614
2.615
2.615
2.615
2.615
2.616
2.616
2.617
2.618
2.619
2.620
2.620
2.620
2.620
2.621
2.622
2.622
2.623
2.623
2.624
2.624
2.625
2.625
2.626
2.626
2.626
2.627
2.627
2.627
2.629
2.630
2.631
2.631
2.631
2.632
2.632
2.633
2.633
2.634
2.635
2.637
2.637
2.638
2.638
2.639
2.640
2.641
2.642
2.642
2.643
2.644
2.645
2.646
2.646
2.646
2.647
2.647
2.650
2.650
2.651
2.652
2.653
2.653
2.653
2.654
2.654
2.655
2.655
2.656
2.656
2.657
2.657
2.657
2.658
2.659
2.660
2.662
2.664
2.665
2.665
2.666
2.666
2.667
2.667
2.668
2.669
2.669
2.670
2.671
2.671
2.671
2.672
2.672
2.672
2.673
2.674
2.675
2.676
2.678
2.679
2.679
2.679
2.680
2.680
2.681
2.681
2.681
2.682
2.682
2.682
2.682
2.683
2.683
2.683
2.685
2.685
2.687
2.687
2.687
2.689
2.689
2.689
2.690
2.690
2.692
2.692
2.694
2.695
2.696
2.697
2.698
2.698
2.698
2.699
2.699
2.700
2.700
2.700
2.701
2.702
2.702
2.702
2.702
2.702
2.703
2.704
2.704
2.707
2.708
2.708
2.708
2.709
2.709
2.709
2.709
2.711
2.711
2.712
2.715
2.716
2.717
2.717
2.718
2.719
2.719
2.719
2.719
2.719
2.719
2.719
2.720
2.720
2.721
2.721
2.722
2.722
2.723
2.723
2.723
2.723
2.724
2.724
2.725
2.726
2.726
2.727
2.728
2.728
2.728
2.729
2.729
2.729
2.729
2.730
2.730
2.730
2.730
2.731
2.731
2.731
2.732
2.732
2.732
2.732
2.733
2.733
2.734
2.735
2.735
2.735
2.735
2.736
2.736
2.736
2.736
2.737
2.737
2.738
2.738
2.739
2.740
2.740
2.740
2.740
2.740
2.741
2.742
2.743
2.743
2.744
2.746
2.746
2.747
2.747
2.747
2.748
2.749
2.751
2.751
2.752
2.752
2.752
2.753
2.754
2.754
2.756
2.756
2.757
2.757
2.759
2.760
2.760
2.761
2.762
2.762
2.763
2.764
2.764
2.764
2.764
2.765
2.767
2.770
2.771
2.772
2.773
2.773
2.774
2.775
2.776
2.776
2.777
2.778
2.778
2.778
2.780
2.781
2.781
2.781
2.782
2.783
2.783
2.783
2.784
2.786
2.787
2.788
2.788
2.789
2.790
2.791
2.791
2.792
2.792
2.792
2.794
2.796
2.797
2.797
2.798
2.799
2.800
2.802
2.803
2.803
2.803
2.804
2.805
2.805
2.805
2.806
2.806
2.806
2.808
2.809
2.809
2.810
2.810
2.812
2.814
2.814
2.816
2.817
2.817
2.818
2.818
2.820
2.821
2.822
2.822
2.823
2.824
2.826
2.829
2.829
2.830
2.830
2.830
2.831
2.831
2.831
2.832
2.833
2.835
2.836
2.837
2.840
2.840
2.842
2.842
2.843
2.843
2.844
2.844
2.844
2.845
2.846
2.846
2.848
2.849
2.849
2.849
2.850
2.852
2.852
2.853
2.853
2.854
2.854
2.855
2.855
2.856
2.857
2.858
2.859
2.859
2.859
2.860
2.860
2.861
2.861
2.863
2.863
2.864
2.865
2.865
2.866
2.867
2.867
2.868
2.868
2.869
2.869
2.870
2.871
2.872
2.873
2.875
2.875
2.875
2.879
2.879
2.881
2.881
2.883
2.884
2.884
2.886
2.887
2.887
2.888
2.888
2.891
2.895
2.897
2.899
2.900
2.902
2.904
2.906
2.906
2.908
2.909
2.909
2.909
2.911
2.913
2.915
2.915
2.916
2.917
2.917
2.920
2.921
2.923
2.925
2.927
2.929
2.930
2.933
2.935
2.935
2.937
2.939
2.939
2.940
2.941
2.941
2.942
2.942
2.943
2.944
2.946
2.948
2.950
2.951
2.951
2.952
2.953
2.956
2.966
2.967
2.968
2.969
2.969
2.974
2.974
2.976
2.977
2.977
2.979
2.981
2.985
2.989
2.998
3.001
3.005
3.010
3.015
3.020
3.021
3.027
3.034
3.035
3.047
3.053
3.064
3.079
3.081
3.084
3.084
3.089
3.089
3.089
3.095
3.098
3.100
3.112
3.114
3.115
3.118
3.118
3.122
3.143
3.145
3.146
3.159
3.168
3.180
3.238
3.247
3.321
