2.233
2.234
2.239
2.242
2.274
2.279
2.280
2.282
2.288
2.289
2.303
2.315
2.328
2.330
2.334
2.338
2.341
2.343
2.346
2.348
2.352
2.353
2.355
2.356
2.357
2.359
2.359
2.360
2.360
2.361
2.363
2.366
2.369
2.370
2.378
2.379
2.380
2.387
2.390
2.391
2.392
2.392
2.393
2.393
2.394
2.395
2.397
2.400
2.404
2.406
2.406
2.408
2.409
2.410
2.412
2.413
2.414
2.414
2.414
2.416
2.417
2.419
2.421
2.422
2.423
2.423
2.424
2.425
2.426
2.428
2.429
2.431
2.431
2.431
2.431
2.433
2.433
2.434
2.434
2.434
2.434
2.436
2.436
2.437
2.437
2.437
2.437
2.439
2.441
2.442
2.442
2.444
2.444
2.445
2.445
2.446
2.446
2.448
2.448
2.449
2.451
2.452
2.452
2.453
2.455
2.456
2.458
2.459
2.459
2.460
2.461
2.462
2.463
2.463
2.466
2.467
2.467
2.468
2.469
2.470
2.471
2.472
2.472
2.472
2.473
2.473
2.475
2.475
2.476
2.476
2.476
2.477
2.478
2.478
2.478
2.479
2.479
2.483
2.483
2.483
2.484
2.484
2.485
2.485
2.485
2.486
2.488
2.488
2.488
2.488
2.488
2.489
2.490
2.491
2.491
2.491
2.492
2.493
2.494
2.494
2.494
2.494
2.495
2.496
2.496
2.496
2.498
2.498
2.499
2.500
2.500
2.501
2.501
2.502
2.502
2.502
2.504
2.504
2.504
2.505
2.506
2.506
2.507
2.507
2.508
2.508
2.508
2.509
2.510
2.510
2.510
2.511
2.511
2.512
2.513
2.514
2.514
2.514
2.514
2.515
2.515
2.516
2.520
2.520
2.521
2.523
2.523
2.525
2.525
2.526
2.526
2.527
2.527
2.527
2.529
2.529
2.529
2.529
2.529
2.530
2.530
2.531
2.531
2.531
2.532
2.533
2.533
2.534
2.535
2.537
2.538
2.538
2.539
2.539
2.540
2.540
2.540
2.541
2.543
2.543
2.543
2.545
2.545
2.545
2.546
2.546
2.547
2.547
2.547
2.547
2.547
2.548
2.548
2.549
2.550
2.551
2.552
2.552
2.552
2.553
2.553
2.554
2.554
2.554
2.556
2.556
2.556
2.556
2.557
2.558
2.558
2.559
2.559
2.559
2.560
2.561
2.561
2.562
2.563
2.565
2.567
2.567
2.569
2.569
2.569
2.569
2.570
2.571
2.572
2.572
2.573
2.573
2.573
2.573
2.574
2.575
2.575
2.576
2.576
2.576
2.577
2.578
2.578
2.578
2.578
2.578
2.579
2.579
2.579
2.579
2.579
2.580
2.581
2.581
2.582
2.582
2.583
2.583
2.584
2.584
2.584
2.584
2.585
2.587
2.587
2.587
2.587
2.588
2.588
2.589
2.590
2.590
2.590
2.590
2.591
2.592
2.592
2.593
2.593
2.594
2.595
2.595
2.596
2.596
2.598
2.598
2.598
2.598
2.599
2.599
2.599
2.599
2.599
2.600
2.600
2.601
2.601
2.601
2.601
2.601
2.602
2.603
2.603
2.603
2.603
2.604
2.604
2.605
2.605
2.606
2.608
2.608
2.608
2.609
2.610
2.610
2.611
2.611
2.611
2.611
2.611
2.612
2.613
2.613
2.613
2.614
2.614
2.615
2.615
2.616
2.616
2.616
2.616
2.617
2.618
2.618
2.618
2.619
2.619
2.619
2.619
2.619
2.621
2.621
2.622
2.622
2.622
2.623
2.623
2.624
2.624
2.624
2.625
2.625
2.625
2.626
2.628
2.628
2.628
2.629
2.629
2.630
2.630
2.631
2.632
2.632
2.633
2.633
2.633
2.633
2.634
2.635
2.636
2.636
2.636
2.637
2.638
2.638
2.639
2.639
2.639
2.640
2.640
2.641
2.642
2.643
2.643
2.643
2.644
2.644
2.644
2.645
2.645
2.645
2.645
2.646
2.646
2.647
2.647
2.649
2.649
2.649
2.650
2.650
2.651
2.651
2.652
2.652
2.653
2.653
2.654
2.654
2.654
2.655
2.655
2.655
2.655
2.655
2.656
2.656
2.656
2.656
2.657
2.658
2.661
2.661
2.662
2.662
2.662
2.663
2.663
2.664
2.664
2.665
2.665
2.666
2.666
2.667
2.667
2.668
2.669
2.669
2.670
2.671
2.671
2.672
2.672
2.672
2.673
2.674
2.675
2.676
2.676
2.677
2.677
2.678
2.679
2.679
2.680
2.680
2.680
2.681
2.682
2.683
2.684
2.684
2.685
2.686
2.686
2.686
2.688
2.689
2.689
2.691
2.692
2.693
2.693
2.694
2.694
2.695
2.696
2.696
2.697
2.697
2.697
2.698
2.699
2.699
2.700
2.700
2.700
2.700
2.701
2.703
2.703
2.703
2.704
2.704
2.704
2.704
2.705
2.706
2.706
2.707
2.708
2.709
2.710
2.711
2.711
2.711
2.711
2.712
2.713
2.715
2.715
2.716
2.716
2.716
2.717
2.719
2.719
2.721
2.722
2.723
2.723
2.725
2.725
2.726
2.726
2.726
2.727
2.727
2.727
2.727
2.729
2.730
2.730
2.732
2.734
2.735
2.737
2.738
2.738
2.738
2.739
2.740
2.741
2.741
2.741
2.742
2.742
2.742
2.744
2.745
2.746
2.749
2.749
2.750
2.752
2.753
2.757
2.757
2.758
2.759
2.759
2.760
2.762
2.763
2.763
2.765
2.766
2.768
2.770
2.771
2.771
2.772
2.773
2.774
2.775
2.775
2.775
2.779
2.779
2.780
2.783
2.786
2.786
2.789
2.790
2.792
2.792
2.796
2.797
2.797
2.798
2.802
2.802
2.804
2.804
2.804
2.806
2.806
2.808
2.811
2.811
2.812
2.812
2.814
2.817
2.820
2.823
2.824
2.825
2.825
2.827
2.827
2.828
2.828
2.829
2.831
2.834
2.835
2.836
2.838
2.842
2.846
2.846
2.847
2.849
2.855
2.856
2.857
2.861
2.864
2.864
2.873
2.874
2.881
2.886
2.895
2.900
2.902
2.908
2.913
2.921
2.925
2.926
2.930
2.932
2.936
2.943
2.945
2.955
2.955
2.959
2.975
2.986
2.988
2.991
2.995
3.004
3.139
