1.839
1.911
1.977
1.982
1.999
1.999
2.002
2.003
2.010
2.011
2.013
2.019
2.031
2.035
2.037
2.044
2.053
2.063
2.064
2.072
2.073
2.076
2.077
2.078
2.083
2.086
2.089
2.090
2.091
2.092
2.094
2.096
2.097
2.099
2.100
2.100
2.103
2.103
2.106
2.108
2.108
2.116
2.118
2.125
2.126
2.127
2.128
2.131
2.132
2.133
2.137
2.139
2.140
2.140
2.142
2.143
2.145
2.145
2.149
2.149
2.149
2.151
2.151
2.153
2.153
2.160
2.161
2.163
2.164
2.165
2.165
2.172
2.174
2.177
2.177
2.178
2.179
2.180
2.181
2.181
2.181
2.184
2.189
2.191
2.192
2.193
2.193
2.194
2.194
2.195
2.199
2.199
2.199
2.201
2.202
2.202
2.202
2.203
2.203
2.203
2.204
2.210
2.213
2.214
2.216
2.217
2.217
2.217
2.218
2.219
2.219
2.221
2.224
2.224
2.225
2.225
2.227
2.228
2.229
2.230
2.232
2.233
2.233
2.234
2.234
2.234
2.234
2.235
2.235
2.235
2.235
2.236
2.237
2.238
2.239
2.239
2.240
2.240
2.241
2.242
2.243
2.243
2.244
2.244
2.245
2.246
2.247
2.248
2.248
2.249
2.249
2.249
2.251
2.254
2.254
2.254
2.256
2.257
2.257
2.259
2.259
2.259
2.259
2.259
2.260
2.260
2.262
2.263
2.264
2.264
2.265
2.265
2.266
2.267
2.268
2.268
2.270
2.271
2.271
2.272
2.273
2.273
2.273
2.274
2.274
2.274
2.274
2.275
2.276
2.277
2.278
2.278
2.278
2.278
2.278
2.278
2.279
2.281
2.281
2.282
2.282
2.282
2.283
2.284
2.284
2.284
2.284
2.285
2.287
2.287
2.289
2.290
2.292
2.293
2.294
2.295
2.296
2.296
2.297
2.299
2.300
2.301
2.301
2.301
2.301
2.301
2.302
2.302
2.305
2.305
2.305
2.306
2.307
2.307
2.307
2.307
2.308
2.309
2.309
2.309
2.310
2.311
2.312
2.313
2.314
2.314
2.314
2.315
2.316
2.317
2.317
2.317
2.317
2.318
2.319
2.320
2.321
2.321
2.322
2.323
2.323
2.324
2.324
2.325
2.326
2.326
2.326
2.328
2.328
2.328
2.329
2.329
2.330
2.330
2.330
2.331
2.332
2.332
2.333
2.334
2.334
2.335
2.335
2.337
2.338
2.338
2.338
2.339
2.339
2.340
2.340
2.341
2.341
2.341
2.341
2.342
2.342
2.343
2.343
2.343
2.344
2.346
2.348
2.348
2.348
2.349
2.349
2.350
2.350
2.350
2.351
2.351
2.353
2.353
2.353
2.354
2.355
2.355
2.355
2.356
2.356
2.357
2.357
2.358
2.359
2.359
2.359
2.359
2.360
2.361
2.361
2.361
2.362
2.365
2.365
2.365
2.366
2.366
2.366
2.368
2.369
2.371
2.371
2.372
2.372
2.372
2.373
2.373
2.373
2.373
2.375
2.376
2.377
2.377
2.378
2.378
2.378
2.379
2.379
2.380
2.380
2.381
2.381
2.381
2.382
2.383
2.384
2.384
2.385
2.386
2.387
2.387
2.387
2.387
2.387
2.387
2.388
2.388
2.388
2.388
2.390
2.390
2.391
2.393
2.393
2.394
2.394
2.394
2.394
2.395
2.397
2.399
2.399
2.399
2.400
2.400
2.402
2.402
2.403
2.404
2.405
2.405
2.405
2.405
2.407
2.407
2.408
2.408
2.409
2.410
2.411
2.411
2.412
2.413
2.414
2.414
2.415
2.417
2.418
2.418
2.420
2.420
2.421
2.421
2.421
2.421
2.421
2.422
2.422
2.423
2.423
2.423
2.424
2.425
2.425
2.427
2.428
2.428
2.428
2.429
2.430
2.430
2.431
2.431
2.434
2.434
2.434
2.435
2.435
2.435
2.436
2.436
2.437
2.437
2.438
2.438
2.440
2.440
2.441
2.442
2.442
2.442
2.442
2.443
2.445
2.446
2.446
2.446
2.446
2.448
2.448
2.448
2.448
2.449
2.449
2.450
2.452
2.452
2.453
2.453
2.454
2.454
2.455
2.456
2.456
2.457
2.457
2.458
2.458
2.459
2.460
2.462
2.463
2.463
2.464
2.464
2.465
2.465
2.465
2.465
2.466
2.467
2.468
2.469
2.470
2.471
2.472
2.472
2.472
2.472
2.475
2.477
2.478
2.478
2.479
2.480
2.480
2.480
2.481
2.481
2.483
2.485
2.486
2.486
2.487
2.487
2.488
2.488
2.488
2.488
2.489
2.490
2.491
2.493
2.495
2.496
2.497
2.497
2.500
2.500
2.500
2.501
2.502
2.502
2.505
2.506
2.507
2.508
2.510
2.511
2.512
2.512
2.513
2.513
2.513
2.514
2.514
2.514
2.515
2.515
2.515
2.515
2.517
2.518
2.518
2.519
2.521
2.521
2.522
2.523
2.524
2.525
2.526
2.527
2.528
2.529
2.531
2.531
2.532
2.533
2.533
2.533
2.534
2.534
2.535
2.535
2.535
2.535
2.537
2.537
2.538
2.538
2.539
2.539
2.540
2.541
2.543
2.544
2.545
2.547
2.547
2.548
2.549
2.553
2.555
2.555
2.556
2.557
2.558
2.558
2.559
2.560
2.560
2.561
2.562
2.563
2.563
2.564
2.564
2.568
2.568
2.570
2.574
2.574
2.576
2.576
2.576
2.579
2.582
2.583
2.589
2.589
2.591
2.592
2.595
2.597
2.600
2.603
2.604
2.609
2.610
2.612
2.612
2.617
2.619
2.621
2.622
2.624
2.625
2.631
2.633
2.634
2.636
2.636
2.637
2.637
2.640
2.642
2.645
2.645
2.647
2.649
2.649
2.649
2.651
2.652
2.654
2.654
2.655
2.656
2.659
2.663
2.664
2.667
2.672
2.675
2.676
2.678
2.679
2.680
2.680
2.683
2.684
2.690
2.690
2.693
2.694
2.697
2.698
2.701
2.706
2.707
2.709
2.711
2.712
2.712
2.712
2.713
2.727
2.745
2.745
2.746
2.755
2.770
2.780
2.786
2.787
2.792
2.806
2.807
2.809
2.812
2.824
2.829
2.842
2.846
2.864
2.865
2.905
2.926
2.938
2.969
