2.231
2.289
2.292
2.305
2.311
2.328
2.333
2.337
2.347
2.350
2.361
2.371
2.371
2.371
2.375
2.376
2.381
2.388
2.390
2.395
2.396
2.399
2.404
2.406
2.407
2.411
2.412
2.412
2.412
2.413
2.416
2.416
2.416
2.419
2.420
2.421
2.421
2.422
2.422
2.424
2.424
2.426
2.431
2.434
2.437
2.438
2.440
2.441
2.442
2.442
2.443
2.443
2.444
2.447
2.448
2.453
2.454
2.455
2.457
2.458
2.459
2.459
2.459
2.460
2.461
2.462
2.463
2.463
2.464
2.464
2.465
2.465
2.465
2.466
2.467
2.469
2.474
2.475
2.476
2.477
2.478
2.478
2.478
2.479
2.479
2.481
2.481
2.482
2.483
2.483
2.484
2.485
2.485
2.488
2.488
2.489
2.490
2.490
2.491
2.493
2.493
2.494
2.494
2.495
2.495
2.496
2.499
2.500
2.501
2.502
2.502
2.503
2.503
2.503
2.503
2.504
2.505
2.507
2.508
2.509
2.509
2.512
2.515
2.515
2.516
2.516
2.517
2.518
2.520
2.520
2.520
2.521
2.521
2.523
2.523
2.524
2.525
2.526
2.527
2.528
2.529
2.531
2.531
2.532
2.533
2.533
2.533
2.533
2.534
2.535
2.535
2.535
2.536
2.536
2.536
2.537
2.537
2.538
2.538
2.539
2.541
2.543
2.543
2.544
2.544
2.544
2.544
2.545
2.545
2.546
2.546
2.546
2.546
2.547
2.548
2.548
2.549
2.550
2.550
2.550
2.550
2.550
2.551
2.551
2.552
2.552
2.553
2.553
2.555
2.555
2.555
2.556
2.556
2.557
2.558
2.558
2.558
2.558
2.559
2.560
2.560
2.560
2.561
2.561
2.561
2.561
2.561
2.562
2.562
2.562
2.562
2.563
2.563
2.564
2.565
2.565
2.567
2.568
2.569
2.570
2.570
2.571
2.571
2.571
2.572
2.572
2.572
2.573
2.573
2.575
2.576
2.576
2.576
2.576
2.576
2.577
2.578
2.578
2.579
2.579
2.579
2.579
2.579
2.579
2.579
2.581
2.581
2.582
2.583
2.583
2.584
2.584
2.584
2.585
2.585
2.585
2.585
2.586
2.586
2.588
2.588
2.588
2.589
2.589
2.589
2.590
2.590
2.591
2.592
2.592
2.593
2.593
2.593
2.593
2.594
2.595
2.595
2.595
2.596
2.597
2.598
2.599
2.599
2.600
2.600
2.601
2.602
2.602
2.602
2.602
2.603
2.604
2.604
2.604
2.604
2.604
2.605
2.605
2.606
2.608
2.609
2.611
2.612
2.612
2.613
2.614
2.614
2.615
2.615
2.616
2.616
2.617
2.618
2.618
2.619
2.620
2.620
2.621
2.622
2.622
2.622
2.623
2.624
2.624
2.624
2.624
2.625
2.625
2.626
2.626
2.626
2.627
2.627
2.627
2.627
2.628
2.628
2.628
2.629
2.631
2.631
2.631
2.632
2.632
2.632
2.632
2.632
2.632
2.633
2.633
2.633
2.634
2.635
2.636
2.637
2.637
2.638
2.639
2.639
2.640
2.640
2.640
2.641
2.641
2.641
2.641
2.642
2.642
2.643
2.643
2.643
2.644
2.645
2.645
2.646
2.647
2.647
2.648
2.649
2.650
2.650
2.650
2.650
2.651
2.651
2.652
2.653
2.653
2.655
2.655
2.655
2.656
2.656
2.657
2.658
2.658
2.659
2.659
2.659
2.660
2.660
2.660
2.660
2.661
2.661
2.662
2.662
2.665
2.665
2.665
2.665
2.666
2.667
2.667
2.667
2.667
2.668
2.668
2.669
2.669
2.669
2.670
2.671
2.671
2.671
2.672
2.672
2.672
2.674
2.674
2.675
2.675
2.675
2.675
2.675
2.675
2.676
2.677
2.677
2.677
2.678
2.679
2.679
2.680
2.680
2.681
2.681
2.681
2.682
2.682
2.683
2.683
2.683
2.685
2.685
2.685
2.686
2.688
2.688
2.689
2.689
2.689
2.690
2.690
2.691
2.692
2.692
2.693
2.693
2.693
2.693
2.694
2.694
2.694
2.694
2.695
2.695
2.695
2.696
2.696
2.697
2.698
2.698
2.698
2.699
2.699
2.699
2.700
2.700
2.700
2.702
2.702
2.702
2.703
2.703
2.704
2.704
2.705
2.705
2.705
2.705
2.705
2.706
2.706
2.707
2.707
2.708
2.708
2.708
2.710
2.711
2.711
2.712
2.712
2.713
2.713
2.713
2.714
2.714
2.714
2.717
2.717
2.718
2.719
2.719
2.719
2.719
2.720
2.720
2.720
2.721
2.721
2.723
2.724
2.725
2.726
2.726
2.726
2.727
2.727
2.727
2.728
2.729
2.730
2.730
2.730
2.732
2.735
2.735
2.735
2.736
2.738
2.738
2.738
2.739
2.741
2.742
2.743
2.743
2.744
2.744
2.746
2.748
2.749
2.749
2.751
2.751
2.751
2.752
2.752
2.753
2.754
2.754
2.754
2.757
2.758
2.760
2.760
2.760
2.761
2.762
2.763
2.764
2.765
2.765
2.766
2.766
2.767
2.767
2.767
2.767
2.768
2.768
2.768
2.768
2.768
2.768
2.769
2.769
2.770
2.771
2.772
2.773
2.773
2.773
2.774
2.774
2.775
2.776
2.777
2.778
2.780
2.780
2.780
2.781
2.781
2.782
2.783
2.783
2.783
2.784
2.784
2.784
2.785
2.786
2.787
2.787
2.787
2.787
2.788
2.788
2.790
2.794
2.794
2.795
2.797
2.798
2.798
2.799
2.800
2.801
2.804
2.806
2.806
2.807
2.808
2.808
2.811
2.812
2.812
2.814
2.814
2.817
2.818
2.818
2.821
2.822
2.823
2.823
2.823
2.825
2.825
2.825
2.825
2.825
2.826
2.826
2.827
2.829
2.829
2.830
2.831
2.833
2.834
2.836
2.837
2.838
2.839
2.839
2.839
2.840
2.841
2.841
2.844
2.845
2.846
2.846
2.849
2.850
2.852
2.852
2.854
2.854
2.856
2.858
2.858
2.861
2.863
2.867
2.868
2.868
2.874
2.878
2.879
2.879
2.883
2.890
2.891
2.892
2.893
2.895
2.897
2.900
2.909
2.925
2.947
2.954
2.968
2.995
3.001
3.081
3.709
